3.993999999999999773e-01
1.962000000000000133e-01
1.897999999999999965e-01
1.226000000000000006e-01
1.555999999999999883e-01
8.300000000000000433e-02
5.979999999999999899e-02
7.019999999999999851e-02
3.740000000000000269e-02
3.479999999999999760e-02
3.599999999999999728e-02
4.839999999999999858e-02
2.659999999999999865e-02
5.279999999999999971e-02
8.140000000000000013e-02
8.999999999999999667e-02
7.879999999999999505e-02
1.087999999999999939e-01
9.220000000000000417e-02
6.560000000000000553e-02
6.500000000000000222e-02
5.360000000000000181e-02
3.039999999999999994e-02
2.440000000000000155e-02
1.839999999999999969e-02
2.100000000000000130e-02
1.640000000000000138e-02
3.520000000000000212e-02
5.179999999999999882e-02
4.900000000000000189e-02
4.580000000000000043e-02
9.379999999999999449e-02
9.160000000000000087e-02
1.824000000000000066e-01
3.383999999999999786e-01
4.985999999999999877e-01
2.876000000000000223e-01
1.797999999999999876e-01
1.265999999999999903e-01
9.919999999999999651e-02
6.740000000000000158e-02
5.040000000000000036e-02
7.399999999999999634e-02
7.119999999999999940e-02
1.381999999999999895e-01
1.545999999999999874e-01
2.119999999999999940e-01
2.467999999999999916e-01
2.058000000000000107e-01
1.701999999999999902e-01
1.577999999999999958e-01
1.456000000000000072e-01
1.254000000000000115e-01
1.001999999999999974e-01
1.202000000000000013e-01
1.597999999999999976e-01
1.675999999999999990e-01
1.448000000000000120e-01
1.675999999999999990e-01
2.381999999999999951e-01
2.908000000000000029e-01
3.297999999999999821e-01
3.317999999999999838e-01
3.366000000000000103e-01
4.040000000000000258e-01
4.238000000000000100e-01
3.886000000000000010e-01
2.882000000000000117e-01
1.973999999999999921e-01
2.000000000000000111e-01
1.875999999999999890e-01
1.716000000000000025e-01
2.434000000000000052e-01
3.694000000000000061e-01
3.553999999999999937e-01
4.107999999999999985e-01
4.142000000000000126e-01
3.423999999999999821e-01
2.466000000000000136e-01
2.419999999999999929e-01
1.990000000000000102e-01
1.751999999999999946e-01
1.877999999999999947e-01
1.300000000000000044e-01
1.426000000000000045e-01
2.538000000000000256e-01
2.878000000000000003e-01
1.232000000000000040e-01
1.120000000000000023e-01
1.053999999999999937e-01
4.839999999999999858e-02
5.340000000000000302e-02
6.460000000000000464e-02
7.480000000000000537e-02
8.140000000000000013e-02
1.059999999999999970e-01
6.300000000000000044e-02
8.119999999999999440e-02
9.979999999999999982e-02
1.272000000000000075e-01
1.246000000000000024e-01
1.600000000000000033e-01
1.910000000000000031e-01
1.675999999999999990e-01
1.607999999999999985e-01
1.574000000000000121e-01
1.710000000000000131e-01
1.092000000000000054e-01
1.451999999999999957e-01
1.312000000000000111e-01
1.502000000000000002e-01
1.419999999999999873e-01
1.477999999999999869e-01
1.567999999999999949e-01
1.829999999999999960e-01
1.756000000000000061e-01
1.869999999999999996e-01
1.441999999999999948e-01
7.220000000000000029e-02
5.240000000000000213e-02
4.760000000000000342e-02
3.839999999999999664e-02
4.120000000000000051e-02
4.379999999999999866e-02
3.540000000000000091e-02
3.379999999999999671e-02
6.719999999999999585e-02
1.102000000000000063e-01
1.663999999999999924e-01
1.652000000000000135e-01
1.799999999999999933e-01
2.243999999999999884e-01
2.225999999999999923e-01
2.358000000000000096e-01
2.185999999999999888e-01
2.790000000000000258e-01
3.191999999999999837e-01
3.432000000000000051e-01
3.417999999999999927e-01
3.689999999999999947e-01
3.361999999999999988e-01
2.615999999999999992e-01
1.653999999999999915e-01
1.170000000000000068e-01
9.859999999999999321e-02
9.740000000000000047e-02
8.640000000000000457e-02
1.055999999999999994e-01
9.260000000000000175e-02
5.820000000000000173e-02
3.780000000000000027e-02
6.539999999999999980e-02
1.275999999999999912e-01
3.130000000000000004e-01
3.881999999999999895e-01
2.670000000000000151e-01
2.300000000000000100e-01
1.406000000000000028e-01
1.237999999999999934e-01
1.406000000000000028e-01
1.243999999999999967e-01
1.350000000000000089e-01
1.325999999999999956e-01
1.189999999999999947e-01
1.307999999999999996e-01
1.368000000000000049e-01
1.236000000000000015e-01
1.174000000000000044e-01
1.195999999999999980e-01
1.585999999999999910e-01
2.419999999999999929e-01
2.561999999999999833e-01
2.288000000000000034e-01
2.159999999999999976e-01
1.678000000000000047e-01
1.809999999999999942e-01
1.593999999999999861e-01
1.522000000000000020e-01
1.638000000000000012e-01
1.920000000000000040e-01
1.990000000000000102e-01
1.600000000000000033e-01
1.640000000000000069e-01
1.165999999999999953e-01
8.939999999999999336e-02
6.600000000000000311e-02
5.820000000000000173e-02
8.980000000000000482e-02
9.500000000000000111e-02
1.096000000000000030e-01
9.400000000000000022e-02
1.025999999999999968e-01
7.900000000000000078e-02
6.660000000000000642e-02
7.220000000000000029e-02
7.860000000000000320e-02
8.619999999999999885e-02
1.008000000000000007e-01
1.219999999999999973e-01
1.580000000000000016e-01
2.107999999999999874e-01
2.567999999999999727e-01
3.442000000000000060e-01
4.089999999999999747e-01
4.096000000000000196e-01
4.938000000000000167e-01
4.838000000000000078e-01
4.610000000000000209e-01
4.507999999999999785e-01
4.650000000000000244e-01
4.272000000000000242e-01
4.232000000000000206e-01
4.218000000000000083e-01
3.924000000000000266e-01
3.503999999999999893e-01
3.331999999999999962e-01
3.281999999999999917e-01
3.256000000000000005e-01
3.204000000000000181e-01
3.071999999999999731e-01
2.726000000000000090e-01
2.664000000000000257e-01
2.968000000000000083e-01
2.746000000000000107e-01
2.485999999999999877e-01
2.340000000000000135e-01
2.551999999999999824e-01
2.544000000000000150e-01
2.467999999999999916e-01
2.179999999999999993e-01
1.890000000000000013e-01
1.904000000000000137e-01
1.847999999999999921e-01
1.731999999999999929e-01
1.602000000000000091e-01
1.895999999999999908e-01
1.592000000000000082e-01
1.620000000000000051e-01
1.416000000000000036e-01
1.390000000000000124e-01
1.370000000000000107e-01
1.328000000000000014e-01
1.448000000000000120e-01
1.082000000000000045e-01
1.161999999999999977e-01
9.840000000000000135e-02
9.760000000000000620e-02
7.799999999999999989e-02
7.660000000000000142e-02
7.240000000000000602e-02
7.839999999999999747e-02
4.819999999999999979e-02
5.999999999999999778e-02
6.219999999999999835e-02
1.044000000000000067e-01
1.603999999999999870e-01
1.711999999999999911e-01
1.922000000000000097e-01
2.058000000000000107e-01
2.333999999999999964e-01
2.386000000000000065e-01
3.619999999999999885e-01
3.731999999999999762e-01
4.596000000000000085e-01
3.931999999999999940e-01
3.506000000000000227e-01
3.751999999999999780e-01
3.844000000000000195e-01
3.957999999999999852e-01
3.771999999999999797e-01
4.329999999999999960e-01
4.514000000000000234e-01
4.298000000000000154e-01
3.870000000000000107e-01
4.294000000000000039e-01
4.189999999999999836e-01
3.764000000000000123e-01
2.777999999999999914e-01
3.251999999999999891e-01
3.967999999999999861e-01
3.811999999999999833e-01
4.096000000000000196e-01
4.209999999999999853e-01
5.038000000000000256e-01
4.667999999999999927e-01
4.484000000000000208e-01
4.239999999999999880e-01
4.506000000000000005e-01
4.480000000000000093e-01
3.575999999999999734e-01
2.762000000000000011e-01
2.300000000000000100e-01
1.827999999999999903e-01
2.204000000000000126e-01
2.346000000000000030e-01
2.200000000000000011e-01
2.747999999999999887e-01
4.470000000000000084e-01
4.374000000000000110e-01
3.685999999999999832e-01
4.112000000000000099e-01
3.946000000000000063e-01
3.622000000000000219e-01
3.761999999999999789e-01
3.645999999999999797e-01
3.151999999999999802e-01
2.630000000000000115e-01
2.348000000000000087e-01
2.680000000000000160e-01
3.719999999999999973e-01
4.869999999999999885e-01
4.627999999999999892e-01
4.093999999999999861e-01
3.503999999999999893e-01
3.059999999999999942e-01
2.511999999999999789e-01
3.250000000000000111e-01
4.859999999999999876e-01
3.658000000000000140e-01
2.993999999999999995e-01
2.889999999999999791e-01
3.864000000000000212e-01
4.032000000000000028e-01
4.169999999999999818e-01
4.530000000000000138e-01
4.003999999999999782e-01
4.526000000000000023e-01
5.081999999999999851e-01
4.958000000000000185e-01
4.869999999999999885e-01
4.951999999999999735e-01
4.179999999999999827e-01
2.654000000000000248e-01
2.485999999999999877e-01
4.254000000000000004e-01
4.003999999999999782e-01
2.772000000000000020e-01
2.477999999999999925e-01
2.016000000000000014e-01
1.729999999999999871e-01
1.885999999999999899e-01
1.739999999999999880e-01
1.665999999999999981e-01
1.557999999999999940e-01
1.661999999999999866e-01
1.845999999999999863e-01
2.109999999999999931e-01
2.001999999999999891e-01
2.104000000000000037e-01
2.237999999999999989e-01
2.902000000000000135e-01
2.963999999999999968e-01
2.670000000000000151e-01
3.134000000000000119e-01
2.932000000000000162e-01
2.943999999999999950e-01
2.873999999999999888e-01
2.938000000000000056e-01
3.014000000000000012e-01
2.777999999999999914e-01
2.564000000000000168e-01
2.525999999999999912e-01
2.832000000000000073e-01
2.750000000000000222e-01
3.144000000000000128e-01
4.318000000000000171e-01
4.315999999999999837e-01
4.235999999999999766e-01
4.888000000000000123e-01
4.769999999999999796e-01
5.010000000000000009e-01
4.475999999999999979e-01
4.642000000000000015e-01
4.325999999999999845e-01
4.089999999999999747e-01
4.375999999999999890e-01
4.981999999999999762e-01
3.835999999999999965e-01
3.790000000000000036e-01
3.526000000000000245e-01
3.628000000000000114e-01
3.432000000000000051e-01
3.921999999999999931e-01
4.334000000000000075e-01
4.252000000000000224e-01
4.089999999999999747e-01
3.931999999999999940e-01
4.232000000000000206e-01
4.600000000000000200e-01
4.743999999999999884e-01
5.066000000000000503e-01
4.998000000000000220e-01
4.696000000000000174e-01
4.457999999999999741e-01
4.567999999999999838e-01
4.345999999999999863e-01
4.219999999999999862e-01
4.213999999999999968e-01
4.093999999999999861e-01
3.729999999999999982e-01
3.734000000000000097e-01
3.371999999999999997e-01
3.280000000000000138e-01
3.321999999999999953e-01
3.168000000000000260e-01
3.400000000000000244e-01
3.662000000000000255e-01
3.980000000000000204e-01
4.495999999999999996e-01
4.676000000000000156e-01
4.318000000000000171e-01
3.691999999999999726e-01
3.327999999999999847e-01
2.965999999999999748e-01
3.084000000000000075e-01
3.074000000000000066e-01
2.857999999999999985e-01
2.806000000000000161e-01
2.706000000000000072e-01
2.772000000000000020e-01
2.716000000000000081e-01
2.550000000000000044e-01
2.528000000000000247e-01
2.501999999999999780e-01
2.187999999999999945e-01
3.175999999999999934e-01
3.900000000000000133e-01
4.193999999999999950e-01
4.958000000000000185e-01
4.995999999999999885e-01
5.101999999999999869e-01
4.941999999999999726e-01
4.621999999999999997e-01
4.709999999999999742e-01
4.865999999999999770e-01
4.908000000000000140e-01
4.828000000000000069e-01
4.660000000000000253e-01
4.388000000000000234e-01
3.936000000000000054e-01
2.762000000000000011e-01
2.717999999999999861e-01
2.660000000000000142e-01
2.225999999999999923e-01
1.849999999999999978e-01
1.504000000000000059e-01
1.539999999999999980e-01
1.547999999999999932e-01
1.612000000000000099e-01
1.710000000000000131e-01
1.971999999999999864e-01
2.275999999999999968e-01
2.341999999999999915e-01
2.431999999999999995e-01
2.462000000000000022e-01
2.574000000000000177e-01
2.571999999999999842e-01
2.701999999999999957e-01
2.607999999999999763e-01
3.004000000000000004e-01
2.837999999999999967e-01
2.932000000000000162e-01
3.396000000000000130e-01
3.108000000000000207e-01
3.101999999999999758e-01
3.065999999999999837e-01
3.835999999999999965e-01
4.178000000000000047e-01
3.808000000000000274e-01
4.153999999999999915e-01
4.796000000000000263e-01
3.861999999999999877e-01
3.940000000000000169e-01
4.026000000000000134e-01
2.534000000000000141e-01
2.520000000000000018e-01
1.867999999999999938e-01
1.776000000000000079e-01
1.771999999999999964e-01
1.781999999999999973e-01
2.010000000000000120e-01
2.564000000000000168e-01
2.711999999999999966e-01
2.061999999999999944e-01
1.862000000000000044e-01
1.995999999999999996e-01
2.311999999999999889e-01
2.303999999999999937e-01
2.139999999999999958e-01
2.127999999999999892e-01
2.300000000000000100e-01
2.240000000000000047e-01
2.053999999999999992e-01
1.761999999999999955e-01
1.519999999999999962e-01
1.464000000000000024e-01
1.171999999999999986e-01
8.580000000000000127e-02
7.220000000000000029e-02
8.000000000000000167e-02
7.359999999999999876e-02
6.500000000000000222e-02
6.640000000000000069e-02
5.960000000000000020e-02
5.319999999999999729e-02
5.299999999999999850e-02
6.239999999999999714e-02
7.660000000000000142e-02
8.359999999999999376e-02
1.237999999999999934e-01
9.500000000000000111e-02
4.939999999999999947e-02
6.160000000000000198e-02
4.000000000000000083e-02
4.680000000000000132e-02
4.800000000000000100e-02
2.980000000000000010e-02
1.499999999999999944e-02
2.980000000000000010e-02
2.999999999999999889e-02
3.719999999999999696e-02
2.259999999999999856e-02
3.139999999999999736e-02
1.980000000000000163e-02
1.839999999999999969e-02
1.619999999999999912e-02
1.159999999999999920e-02
1.299999999999999940e-02
7.599999999999999985e-03
3.399999999999999811e-03
1.399999999999999986e-03
2.799999999999999972e-03
8.399999999999999481e-03
1.000000000000000021e-02
7.400000000000000328e-03
3.599999999999999901e-03
4.000000000000000192e-04
8.000000000000000383e-04
4.000000000000000192e-04
8.000000000000000383e-04
4.000000000000000192e-04
2.000000000000000042e-03
1.799999999999999951e-03
3.000000000000000062e-03
4.199999999999999740e-03
6.599999999999999964e-03
6.799999999999999621e-03
2.920000000000000026e-02
6.579999999999999738e-02
1.252000000000000057e-01
1.769999999999999907e-01
2.298000000000000043e-01
3.054000000000000048e-01
3.613999999999999990e-01
4.591999999999999971e-01
4.613999999999999768e-01
3.961999999999999966e-01
2.983999999999999986e-01
2.605999999999999983e-01
2.330000000000000127e-01
2.104000000000000037e-01
2.401999999999999968e-01
2.414000000000000035e-01
3.575999999999999734e-01
5.010000000000000009e-01
3.781999999999999806e-01
2.770000000000000240e-01
2.301999999999999880e-01
1.688000000000000056e-01
1.564000000000000112e-01
1.320000000000000062e-01
1.164000000000000035e-01
1.233999999999999958e-01
1.068000000000000060e-01
9.379999999999999449e-02
1.042000000000000010e-01
1.015999999999999959e-01
1.113999999999999990e-01
1.181999999999999995e-01
1.260000000000000009e-01
1.610000000000000042e-01
1.867999999999999938e-01
2.288000000000000034e-01
2.518000000000000238e-01
2.262000000000000122e-01
2.407999999999999863e-01
2.595999999999999974e-01
2.797999999999999932e-01
3.150000000000000022e-01
3.241999999999999882e-01
3.301999999999999935e-01
3.230000000000000093e-01
3.197999999999999732e-01
2.955999999999999739e-01
3.005999999999999783e-01
2.943999999999999950e-01
2.985999999999999766e-01
3.402000000000000024e-01
3.386000000000000121e-01
4.003999999999999782e-01
4.193999999999999950e-01
4.289999999999999925e-01
4.411999999999999811e-01
4.457999999999999741e-01
4.842000000000000193e-01
4.915999999999999814e-01
4.706000000000000183e-01
4.912000000000000255e-01
4.803999999999999937e-01
4.312000000000000277e-01
3.125999999999999890e-01
2.447999999999999898e-01
2.605999999999999983e-01
3.499999999999999778e-01
3.261999999999999900e-01
3.865999999999999992e-01
3.240000000000000102e-01
2.737999999999999878e-01
2.581999999999999851e-01
2.807999999999999940e-01
3.548000000000000043e-01
3.815999999999999948e-01
3.622000000000000219e-01
3.538000000000000034e-01
3.055999999999999828e-01
2.321999999999999897e-01
2.197999999999999954e-01
2.000000000000000111e-01
1.574000000000000121e-01
1.680000000000000104e-01
1.557999999999999940e-01
1.718000000000000083e-01
1.661999999999999866e-01
1.477999999999999869e-01
1.257999999999999952e-01
1.208000000000000046e-01
1.292000000000000093e-01
1.237999999999999934e-01
1.343999999999999917e-01
1.229999999999999982e-01
8.300000000000000433e-02
6.140000000000000319e-02
6.539999999999999980e-02
6.219999999999999835e-02
6.779999999999999916e-02
6.339999999999999802e-02
4.739999999999999769e-02
4.660000000000000253e-02
5.360000000000000181e-02
6.779999999999999916e-02
7.860000000000000320e-02
6.959999999999999520e-02
7.860000000000000320e-02
8.980000000000000482e-02
8.100000000000000255e-02
1.134000000000000008e-01
1.004000000000000031e-01
1.073999999999999955e-01
1.018000000000000016e-01
1.032000000000000001e-01
1.208000000000000046e-01
1.192000000000000004e-01
1.106000000000000039e-01
1.537999999999999923e-01
1.393999999999999961e-01
1.502000000000000002e-01
1.582000000000000073e-01
2.147999999999999909e-01
2.525999999999999912e-01
2.614000000000000212e-01
2.721999999999999975e-01
2.313999999999999946e-01
1.680000000000000104e-01
1.708000000000000074e-01
1.696000000000000008e-01
1.438000000000000111e-01
1.769999999999999907e-01
2.139999999999999958e-01
2.560000000000000053e-01
2.626000000000000001e-01
3.204000000000000181e-01
3.642000000000000237e-01
3.499999999999999778e-01
3.392000000000000015e-01
3.316000000000000059e-01
3.320000000000000173e-01
3.215999999999999970e-01
2.730000000000000204e-01
2.913999999999999924e-01
2.487999999999999934e-01
1.965999999999999970e-01
1.748000000000000109e-01
1.469999999999999918e-01
1.371999999999999886e-01
1.144000000000000017e-01
1.018000000000000016e-01
9.339999999999999691e-02
9.279999999999999361e-02
1.120000000000000023e-01
1.287999999999999978e-01
1.275999999999999912e-01
1.264000000000000123e-01
1.320000000000000062e-01
1.044000000000000067e-01
6.019999999999999657e-02
3.960000000000000325e-02
6.599999999999999964e-03
1.179999999999999973e-02
3.280000000000000276e-02
5.279999999999999971e-02
8.939999999999999336e-02
7.979999999999999594e-02
6.880000000000000004e-02
3.559999999999999970e-02
3.620000000000000301e-02
4.359999999999999987e-02
4.139999999999999930e-02
4.120000000000000051e-02
8.000000000000000167e-03
8.999999999999999320e-03
1.880000000000000074e-02
4.159999999999999809e-02
6.660000000000000642e-02
6.339999999999999802e-02
7.960000000000000409e-02
7.820000000000000562e-02
7.359999999999999876e-02
5.140000000000000124e-02
3.799999999999999906e-02
3.379999999999999671e-02
3.099999999999999978e-02
3.699999999999999817e-02
2.879999999999999921e-02
2.239999999999999977e-02
3.259999999999999704e-02
4.000000000000000083e-02
4.739999999999999769e-02
4.660000000000000253e-02
6.119999999999999746e-02
9.879999999999999893e-02
9.919999999999999651e-02
1.131999999999999951e-01
1.517999999999999905e-01
1.681999999999999884e-01
1.943999999999999895e-01
1.819999999999999951e-01
1.867999999999999938e-01
1.444000000000000006e-01
1.562000000000000055e-01
1.280000000000000027e-01
1.418000000000000094e-01
1.136000000000000065e-01
1.052000000000000018e-01
1.285999999999999921e-01
1.552000000000000046e-01
1.648000000000000020e-01
1.797999999999999876e-01
2.076000000000000068e-01
2.574000000000000177e-01
3.260000000000000120e-01
3.472000000000000086e-01
3.477999999999999980e-01
4.457999999999999741e-01
4.556000000000000050e-01
3.805999999999999939e-01
4.304000000000000048e-01
3.930000000000000160e-01
3.771999999999999797e-01
3.472000000000000086e-01
3.341999999999999971e-01
3.492000000000000104e-01
3.748000000000000220e-01
4.773999999999999910e-01
4.487999999999999767e-01
1.038000000000000034e-01
1.034000000000000058e-01
1.218000000000000055e-01
1.305999999999999939e-01
1.965999999999999970e-01
2.888000000000000012e-01
3.880000000000000115e-01
4.597999999999999865e-01
4.773999999999999910e-01
4.344000000000000083e-01
5.048000000000000265e-01
4.338000000000000189e-01
4.351999999999999758e-01
3.798000000000000265e-01
3.970000000000000195e-01
2.541999999999999815e-01
1.701999999999999902e-01
9.879999999999999893e-02
5.199999999999999761e-02
4.499999999999999833e-02
3.599999999999999728e-02
2.740000000000000074e-02
3.459999999999999881e-02
5.319999999999999729e-02
7.299999999999999545e-02
9.400000000000000022e-02
1.265999999999999903e-01
1.468000000000000138e-01
2.064000000000000001e-01
2.217999999999999972e-01
3.241999999999999882e-01
3.402000000000000024e-01
3.744000000000000106e-01
2.524000000000000132e-01
2.621999999999999886e-01
4.209999999999999853e-01
1.836000000000000132e-01
7.480000000000000537e-02
6.919999999999999762e-02
7.860000000000000320e-02
6.379999999999999560e-02
1.134000000000000008e-01
2.225999999999999923e-01
2.281999999999999862e-01
3.533999999999999919e-01
3.820000000000000062e-01
3.588000000000000078e-01
3.207999999999999741e-01
2.262000000000000122e-01
2.194000000000000117e-01
1.829999999999999960e-01
1.719999999999999862e-01
1.489999999999999936e-01
1.313999999999999890e-01
1.373999999999999944e-01
1.557999999999999940e-01
1.499999999999999944e-01
1.867999999999999938e-01
2.300000000000000100e-01
2.760000000000000231e-01
3.270000000000000129e-01
4.176000000000000267e-01
4.839999999999999858e-01
4.016000000000000125e-01
4.153999999999999915e-01
3.741999999999999771e-01
3.124000000000000110e-01
3.367999999999999883e-01
4.642000000000000015e-01
4.633999999999999786e-01
4.722000000000000086e-01
4.571999999999999953e-01
4.384000000000000119e-01
4.858000000000000096e-01
4.693999999999999839e-01
4.924000000000000044e-01
4.932000000000000273e-01
