4.400000000000000022e-01
3.714000000000000079e-01
3.178000000000000269e-01
2.839999999999999747e-01
2.646000000000000019e-01
2.245999999999999941e-01
1.922000000000000097e-01
1.535999999999999865e-01
1.062000000000000027e-01
9.500000000000000111e-02
8.880000000000000393e-02
7.839999999999999747e-02
8.219999999999999529e-02
9.439999999999999780e-02
1.121999999999999942e-01
1.875999999999999890e-01
2.497999999999999943e-01
2.837999999999999967e-01
2.717999999999999861e-01
2.634000000000000230e-01
2.427999999999999881e-01
1.645999999999999963e-01
8.780000000000000304e-02
6.519999999999999407e-02
4.619999999999999801e-02
3.699999999999999817e-02
1.739999999999999880e-02
1.319999999999999993e-02
2.000000000000000042e-03
1.199999999999999895e-03
2.599999999999999881e-03
1.799999999999999951e-03
8.800000000000000530e-03
2.920000000000000026e-02
4.939999999999999947e-02
4.139999999999999930e-02
3.980000000000000204e-02
3.059999999999999873e-02
7.080000000000000182e-02
1.970000000000000084e-01
2.001999999999999891e-01
3.351999999999999980e-01
3.437999999999999945e-01
4.304000000000000048e-01
4.345999999999999863e-01
3.089999999999999969e-01
2.328000000000000069e-01
1.300000000000000044e-01
1.398000000000000076e-01
1.603999999999999870e-01
2.049999999999999878e-01
3.130000000000000004e-01
3.831999999999999851e-01
3.917999999999999816e-01
4.016000000000000125e-01
2.973999999999999977e-01
3.360000000000000209e-01
3.711999999999999744e-01
4.796000000000000263e-01
3.558000000000000052e-01
3.526000000000000245e-01
3.185999999999999943e-01
1.962000000000000133e-01
1.302000000000000102e-01
8.820000000000000062e-02
7.080000000000000182e-02
4.819999999999999979e-02
4.800000000000000100e-02
1.171999999999999986e-01
2.104000000000000037e-01
3.370000000000000218e-01
4.490000000000000102e-01
4.454000000000000181e-01
4.445999999999999952e-01
3.509999999999999787e-01
2.475999999999999868e-01
2.353999999999999981e-01
1.952000000000000124e-01
2.071999999999999953e-01
2.384000000000000008e-01
2.464000000000000079e-01
2.132000000000000006e-01
1.603999999999999870e-01
1.383999999999999952e-01
1.479999999999999927e-01
1.516000000000000125e-01
1.479999999999999927e-01
1.411999999999999922e-01
1.170000000000000068e-01
1.048000000000000043e-01
8.859999999999999820e-02
8.799999999999999489e-02
7.199999999999999456e-02
8.300000000000000433e-02
1.228000000000000064e-01
1.729999999999999871e-01
2.281999999999999862e-01
2.538000000000000256e-01
2.328000000000000069e-01
2.174000000000000099e-01
2.020000000000000129e-01
2.182000000000000051e-01
2.154000000000000081e-01
2.290000000000000091e-01
2.867999999999999994e-01
3.598000000000000087e-01
4.544000000000000261e-01
4.361999999999999766e-01
3.562000000000000166e-01
3.443999999999999839e-01
3.546000000000000263e-01
4.633999999999999786e-01
4.929999999999999938e-01
4.514000000000000234e-01
3.467999999999999972e-01
4.046000000000000152e-01
3.887999999999999790e-01
3.396000000000000130e-01
3.904000000000000248e-01
3.304000000000000270e-01
3.224000000000000199e-01
4.865999999999999770e-01
4.792000000000000148e-01
3.961999999999999966e-01
3.502000000000000113e-01
3.608000000000000096e-01
3.466000000000000192e-01
3.539999999999999813e-01
3.178000000000000269e-01
2.836000000000000187e-01
2.283999999999999919e-01
1.990000000000000102e-01
1.719999999999999862e-01
1.661999999999999866e-01
1.736000000000000043e-01
2.053999999999999992e-01
3.015999999999999792e-01
3.154000000000000137e-01
2.417999999999999872e-01
2.456000000000000127e-01
2.449999999999999956e-01
2.280000000000000082e-01
2.000000000000000111e-01
1.925999999999999934e-01
2.373999999999999999e-01
2.700000000000000178e-01
2.793999999999999817e-01
2.651999999999999913e-01
2.384000000000000008e-01
2.560000000000000053e-01
2.772000000000000020e-01
3.251999999999999891e-01
3.463999999999999857e-01
4.007999999999999896e-01
4.437999999999999723e-01
4.819999999999999840e-01
4.487999999999999767e-01
4.032000000000000028e-01
2.906000000000000250e-01
2.041999999999999926e-01
2.146000000000000130e-01
1.794000000000000039e-01
1.869999999999999996e-01
2.010000000000000120e-01
1.923999999999999877e-01
2.427999999999999881e-01
3.271999999999999909e-01
3.993999999999999773e-01
4.451999999999999846e-01
4.516000000000000014e-01
4.636000000000000121e-01
3.215999999999999970e-01
2.902000000000000135e-01
1.991999999999999882e-01
1.388000000000000067e-01
9.940000000000000224e-02
4.939999999999999947e-02
3.880000000000000115e-02
4.580000000000000043e-02
6.660000000000000642e-02
6.439999999999999891e-02
7.520000000000000295e-02
7.960000000000000409e-02
1.038000000000000034e-01
1.055999999999999994e-01
2.121999999999999997e-01
3.794000000000000150e-01
4.788000000000000034e-01
4.418000000000000260e-01
4.843999999999999972e-01
3.588000000000000078e-01
3.201999999999999846e-01
2.305999999999999994e-01
1.839999999999999969e-01
1.052000000000000018e-01
7.820000000000000562e-02
5.619999999999999996e-02
4.739999999999999769e-02
3.679999999999999938e-02
2.939999999999999905e-02
3.640000000000000180e-02
4.479999999999999954e-02
4.499999999999999833e-02
6.219999999999999835e-02
4.000000000000000083e-02
5.220000000000000334e-02
5.099999999999999672e-02
6.959999999999999520e-02
7.620000000000000384e-02
8.939999999999999336e-02
8.300000000000000433e-02
5.639999999999999875e-02
8.140000000000000013e-02
7.459999999999999964e-02
1.055999999999999994e-01
9.879999999999999893e-02
1.117999999999999966e-01
1.506000000000000116e-01
3.290000000000000147e-01
4.743999999999999884e-01
4.815999999999999726e-01
3.506000000000000227e-01
1.487999999999999878e-01
7.180000000000000271e-02
4.159999999999999809e-02
5.140000000000000124e-02
5.340000000000000302e-02
7.599999999999999811e-02
5.559999999999999665e-02
3.660000000000000059e-02
4.719999999999999890e-02
7.820000000000000562e-02
1.267999999999999960e-01
1.595999999999999919e-01
1.710000000000000131e-01
1.837999999999999912e-01
2.137999999999999901e-01
1.844000000000000083e-01
1.998000000000000054e-01
2.235999999999999932e-01
3.108000000000000207e-01
3.260000000000000120e-01
2.482000000000000040e-01
1.257999999999999952e-01
6.560000000000000553e-02
4.320000000000000229e-02
4.700000000000000011e-02
5.700000000000000205e-02
1.719999999999999862e-01
2.953999999999999959e-01
4.531999999999999917e-01
4.487999999999999767e-01
4.319999999999999951e-01
4.723999999999999866e-01
3.920000000000000151e-01
2.879999999999999782e-01
2.043999999999999984e-01
1.565999999999999892e-01
1.127999999999999975e-01
1.229999999999999982e-01
1.338000000000000023e-01
1.403999999999999970e-01
1.638000000000000012e-01
1.189999999999999947e-01
7.320000000000000118e-02
8.719999999999999973e-02
8.959999999999999909e-02
1.021999999999999992e-01
1.542000000000000037e-01
2.644000000000000239e-01
2.780000000000000249e-01
2.918000000000000038e-01
2.792000000000000037e-01
3.390000000000000235e-01
3.874000000000000221e-01
4.902000000000000246e-01
3.956000000000000072e-01
4.113999999999999879e-01
4.657999999999999918e-01
4.410000000000000031e-01
4.613999999999999768e-01
3.456000000000000183e-01
3.098000000000000198e-01
2.260000000000000064e-01
1.892000000000000071e-01
2.185999999999999888e-01
1.933999999999999886e-01
1.877999999999999947e-01
1.592000000000000082e-01
1.378000000000000058e-01
1.318000000000000005e-01
1.039999999999999952e-01
9.120000000000000329e-02
8.959999999999999909e-02
1.102000000000000063e-01
1.468000000000000138e-01
1.471999999999999975e-01
1.474000000000000032e-01
1.703999999999999959e-01
1.847999999999999921e-01
2.048000000000000098e-01
2.157999999999999918e-01
2.030000000000000138e-01
1.917999999999999983e-01
1.925999999999999934e-01
2.214000000000000135e-01
3.012000000000000233e-01
3.503999999999999893e-01
3.695999999999999841e-01
4.102000000000000091e-01
4.869999999999999885e-01
4.583999999999999742e-01
4.843999999999999972e-01
5.090000000000000080e-01
5.043999999999999595e-01
5.101999999999999869e-01
4.862000000000000210e-01
4.869999999999999885e-01
4.666000000000000147e-01
4.424000000000000155e-01
4.922000000000000264e-01
4.964000000000000079e-01
5.058000000000000274e-01
4.430000000000000049e-01
4.778000000000000025e-01
4.248000000000000109e-01
3.675999999999999823e-01
3.951999999999999957e-01
3.195999999999999952e-01
3.059999999999999942e-01
3.115999999999999881e-01
2.217999999999999972e-01
1.370000000000000107e-01
1.107999999999999957e-01
8.580000000000000127e-02
7.900000000000000078e-02
6.640000000000000069e-02
7.839999999999999747e-02
5.999999999999999778e-02
7.480000000000000537e-02
1.202000000000000013e-01
1.215999999999999998e-01
1.454000000000000015e-01
1.076000000000000012e-01
1.262000000000000066e-01
1.155999999999999944e-01
1.605999999999999928e-01
1.758000000000000118e-01
2.510000000000000009e-01
3.184000000000000163e-01
4.988000000000000211e-01
3.442000000000000060e-01
4.089999999999999747e-01
4.358000000000000207e-01
2.664000000000000257e-01
1.059999999999999970e-01
1.044000000000000067e-01
8.899999999999999578e-02
9.400000000000000022e-02
5.979999999999999899e-02
6.419999999999999318e-02
6.019999999999999657e-02
6.859999999999999432e-02
6.579999999999999738e-02
4.959999999999999826e-02
6.119999999999999746e-02
5.820000000000000173e-02
7.220000000000000029e-02
7.019999999999999851e-02
8.300000000000000433e-02
9.220000000000000417e-02
1.134000000000000008e-01
1.403999999999999970e-01
1.855999999999999872e-01
1.970000000000000084e-01
2.079999999999999905e-01
2.308000000000000052e-01
2.580000000000000071e-01
3.029999999999999916e-01
3.689999999999999947e-01
4.812000000000000166e-01
4.566000000000000059e-01
4.331999999999999740e-01
3.499999999999999778e-01
2.703999999999999737e-01
3.937999999999999834e-01
4.444000000000000172e-01
3.795999999999999930e-01
3.266000000000000014e-01
2.290000000000000091e-01
1.640000000000000069e-01
1.489999999999999936e-01
1.218000000000000055e-01
1.386000000000000010e-01
1.632000000000000117e-01
1.165999999999999953e-01
1.137999999999999984e-01
1.161999999999999977e-01
1.293999999999999873e-01
1.262000000000000066e-01
1.678000000000000047e-01
2.230000000000000038e-01
2.822000000000000064e-01
3.632000000000000228e-01
3.155999999999999917e-01
3.592000000000000193e-01
5.070000000000000062e-01
2.995999999999999774e-01
3.158000000000000251e-01
2.922000000000000153e-01
5.068000000000000282e-01
3.333999999999999742e-01
1.141999999999999960e-01
5.759999999999999842e-02
7.059999999999999609e-02
6.199999999999999956e-02
6.239999999999999714e-02
1.428000000000000103e-01
1.615999999999999936e-01
3.015999999999999792e-01
3.210000000000000075e-01
3.528000000000000025e-01
4.325999999999999845e-01
4.660000000000000253e-01
4.414000000000000146e-01
4.405999999999999917e-01
4.023999999999999799e-01
4.033999999999999808e-01
3.447999999999999954e-01
3.323999999999999733e-01
3.306000000000000050e-01
2.730000000000000204e-01
2.531999999999999806e-01
2.290000000000000091e-01
1.952000000000000124e-01
1.819999999999999951e-01
1.900000000000000022e-01
1.428000000000000103e-01
1.400000000000000133e-01
1.130000000000000032e-01
1.102000000000000063e-01
9.199999999999999845e-02
8.820000000000000062e-02
7.620000000000000384e-02
1.062000000000000027e-01
1.532000000000000028e-01
1.479999999999999927e-01
2.091999999999999971e-01
2.873999999999999888e-01
3.386000000000000121e-01
3.986000000000000099e-01
4.729999999999999760e-01
4.739999999999999769e-01
3.714000000000000079e-01
2.232000000000000095e-01
1.140000000000000041e-01
9.080000000000000571e-02
9.099999999999999756e-02
1.014000000000000040e-01
1.446000000000000063e-01
1.454000000000000015e-01
1.102000000000000063e-01
1.171999999999999986e-01
1.082000000000000045e-01
7.240000000000000602e-02
4.440000000000000197e-02
3.259999999999999704e-02
2.460000000000000034e-02
1.580000000000000154e-02
2.179999999999999993e-02
3.379999999999999671e-02
4.859999999999999737e-02
6.339999999999999802e-02
7.660000000000000142e-02
8.719999999999999973e-02
1.226000000000000006e-01
1.721999999999999920e-01
2.172000000000000042e-01
2.595999999999999974e-01
3.393999999999999795e-01
3.997999999999999887e-01
4.440000000000000058e-01
4.637999999999999901e-01
4.092000000000000082e-01
4.798000000000000043e-01
4.809999999999999831e-01
3.950000000000000178e-01
2.419999999999999929e-01
2.278000000000000025e-01
2.162000000000000033e-01
2.086000000000000076e-01
1.965999999999999970e-01
1.428000000000000103e-01
1.068000000000000060e-01
1.218000000000000055e-01
7.320000000000000118e-02
4.279999999999999777e-02
4.460000000000000075e-02
2.699999999999999969e-02
3.280000000000000276e-02
5.260000000000000092e-02
1.110000000000000014e-01
1.892000000000000071e-01
2.485999999999999877e-01
3.178000000000000269e-01
3.649999999999999911e-01
3.605999999999999761e-01
3.350000000000000200e-01
4.878000000000000114e-01
4.289999999999999925e-01
3.725999999999999868e-01
2.281999999999999862e-01
2.081999999999999962e-01
2.165999999999999870e-01
3.099999999999999978e-01
3.270000000000000129e-01
4.869999999999999885e-01
1.905999999999999917e-01
8.780000000000000304e-02
8.980000000000000482e-02
5.759999999999999842e-02
5.240000000000000213e-02
4.560000000000000164e-02
6.560000000000000553e-02
5.800000000000000294e-02
7.080000000000000182e-02
9.959999999999999409e-02
1.403999999999999970e-01
2.031999999999999917e-01
3.108000000000000207e-01
3.270000000000000129e-01
3.758000000000000229e-01
4.550000000000000155e-01
4.696000000000000174e-01
3.543999999999999928e-01
2.349999999999999867e-01
2.247999999999999998e-01
2.331999999999999906e-01
3.579999999999999849e-01
4.759999999999999787e-01
3.824000000000000177e-01
3.366000000000000103e-01
3.648000000000000131e-01
3.642000000000000237e-01
4.546000000000000041e-01
4.428000000000000269e-01
4.524000000000000243e-01
2.932000000000000162e-01
2.782000000000000028e-01
1.968000000000000027e-01
1.580000000000000016e-01
1.396000000000000019e-01
1.171999999999999986e-01
1.215999999999999998e-01
1.215999999999999998e-01
1.459999999999999909e-01
1.509999999999999953e-01
1.963999999999999913e-01
1.960000000000000075e-01
1.774000000000000021e-01
1.661999999999999866e-01
1.458000000000000129e-01
1.348000000000000032e-01
1.147999999999999993e-01
1.401999999999999913e-01
1.595999999999999919e-01
1.945999999999999952e-01
2.938000000000000056e-01
4.803999999999999937e-01
2.230000000000000038e-01
6.919999999999999762e-02
4.139999999999999930e-02
4.800000000000000100e-02
3.699999999999999817e-02
1.236000000000000015e-01
2.295999999999999985e-01
2.903999999999999915e-01
2.959999999999999853e-01
2.973999999999999977e-01
2.975999999999999757e-01
3.442000000000000060e-01
3.971999999999999975e-01
3.890000000000000124e-01
3.235999999999999988e-01
3.068000000000000171e-01
3.124000000000000110e-01
3.261999999999999900e-01
2.747999999999999887e-01
1.981999999999999873e-01
2.086000000000000076e-01
1.933999999999999886e-01
1.990000000000000102e-01
8.140000000000000013e-02
9.279999999999999361e-02
1.035999999999999976e-01
1.136000000000000065e-01
1.305999999999999939e-01
1.333999999999999908e-01
1.708000000000000074e-01
1.952000000000000124e-01
2.202000000000000068e-01
2.447999999999999898e-01
2.444000000000000061e-01
2.371999999999999942e-01
2.407999999999999863e-01
2.202000000000000068e-01
2.298000000000000043e-01
2.494000000000000106e-01
2.545999999999999930e-01
2.255999999999999950e-01
2.059999999999999887e-01
1.759999999999999898e-01
3.181999999999999829e-01
4.702000000000000068e-01
4.798000000000000043e-01
4.768000000000000016e-01
5.116000000000000547e-01
5.028000000000000247e-01
4.985999999999999877e-01
4.915999999999999814e-01
4.863999999999999990e-01
5.026000000000000467e-01
4.666000000000000147e-01
4.298000000000000154e-01
4.128000000000000003e-01
3.996000000000000107e-01
4.647999999999999909e-01
3.635999999999999788e-01
2.782000000000000028e-01
2.379999999999999893e-01
2.119999999999999940e-01
2.265999999999999959e-01
2.684000000000000274e-01
3.427999999999999936e-01
3.966000000000000081e-01
4.450000000000000067e-01
4.955999999999999850e-01
4.364000000000000101e-01
4.294000000000000039e-01
4.852000000000000202e-01
4.839999999999999858e-01
3.155999999999999917e-01
3.274000000000000243e-01
4.504000000000000226e-01
3.794000000000000150e-01
2.391999999999999960e-01
2.049999999999999878e-01
1.554000000000000103e-01
1.643999999999999906e-01
1.441999999999999948e-01
1.100000000000000006e-01
9.299999999999999933e-02
6.959999999999999520e-02
7.059999999999999609e-02
8.580000000000000127e-02
8.759999999999999731e-02
4.179999999999999688e-02
2.120000000000000009e-02
1.959999999999999937e-02
2.040000000000000147e-02
1.919999999999999832e-02
2.199999999999999872e-02
2.779999999999999832e-02
3.699999999999999817e-02
4.739999999999999769e-02
5.840000000000000052e-02
6.239999999999999714e-02
6.260000000000000286e-02
6.040000000000000230e-02
4.819999999999999979e-02
5.460000000000000270e-02
5.439999999999999697e-02
7.960000000000000409e-02
8.680000000000000215e-02
1.087999999999999939e-01
1.102000000000000063e-01
1.174000000000000044e-01
1.439999999999999891e-01
1.496000000000000107e-01
1.491999999999999993e-01
1.902000000000000079e-01
2.084000000000000019e-01
1.768000000000000127e-01
1.620000000000000051e-01
1.439999999999999891e-01
1.441999999999999948e-01
1.700000000000000122e-01
1.698000000000000065e-01
1.834000000000000075e-01
1.779999999999999916e-01
1.877999999999999947e-01
1.980000000000000093e-01
2.149999999999999967e-01
2.394000000000000017e-01
3.104000000000000092e-01
3.927999999999999825e-01
4.138000000000000012e-01
4.902000000000000246e-01
4.611999999999999988e-01
4.444000000000000172e-01
4.245999999999999774e-01
4.385999999999999899e-01
4.465999999999999970e-01
4.441999999999999837e-01
4.414000000000000146e-01
4.809999999999999831e-01
4.843999999999999972e-01
4.650000000000000244e-01
4.938000000000000167e-01
4.707999999999999963e-01
3.536000000000000254e-01
3.618000000000000105e-01
3.662000000000000255e-01
4.590000000000000191e-01
3.012000000000000233e-01
2.677999999999999825e-01
2.417999999999999872e-01
2.555999999999999939e-01
2.482000000000000040e-01
2.079999999999999905e-01
1.885999999999999899e-01
1.645999999999999963e-01
1.348000000000000032e-01
1.398000000000000076e-01
1.264000000000000123e-01
1.158000000000000002e-01
8.599999999999999312e-02
8.540000000000000369e-02
5.700000000000000205e-02
5.979999999999999899e-02
5.179999999999999882e-02
3.880000000000000115e-02
4.819999999999999979e-02
7.499999999999999722e-02
1.025999999999999968e-01
1.001999999999999974e-01
1.004000000000000031e-01
8.920000000000000151e-02
9.779999999999999805e-02
1.110000000000000014e-01
1.340000000000000080e-01
1.305999999999999939e-01
1.330000000000000071e-01
1.338000000000000023e-01
1.400000000000000133e-01
1.406000000000000028e-01
1.910000000000000031e-01
2.396000000000000074e-01
3.432000000000000051e-01
3.622000000000000219e-01
3.502000000000000113e-01
3.457999999999999963e-01
3.422000000000000042e-01
3.578000000000000069e-01
3.592000000000000193e-01
3.363999999999999768e-01
3.225999999999999979e-01
3.926000000000000045e-01
4.843999999999999972e-01
3.459999999999999742e-01
2.564000000000000168e-01
2.667999999999999816e-01
4.693999999999999839e-01
4.779999999999999805e-01
2.975999999999999757e-01
1.842000000000000026e-01
1.471999999999999975e-01
1.738000000000000100e-01
1.236000000000000015e-01
1.340000000000000045e-02
8.399999999999999481e-03
1.179999999999999973e-02
1.319999999999999993e-02
2.319999999999999840e-02
1.820000000000000090e-02
3.139999999999999736e-02
4.479999999999999954e-02
4.279999999999999777e-02
2.860000000000000042e-02
2.599999999999999881e-02
2.479999999999999913e-02
3.780000000000000027e-02
4.100000000000000172e-02
9.719999999999999474e-02
2.311999999999999889e-01
4.487999999999999767e-01
4.657999999999999918e-01
4.082000000000000073e-01
4.410000000000000031e-01
4.687999999999999945e-01
4.941999999999999726e-01
4.176000000000000267e-01
3.301999999999999935e-01
2.585999999999999965e-01
2.353999999999999981e-01
2.740000000000000213e-01
2.792000000000000037e-01
2.975999999999999757e-01
2.376000000000000056e-01
2.446000000000000119e-01
2.068000000000000116e-01
1.837999999999999912e-01
1.749999999999999889e-01
1.358000000000000040e-01
8.799999999999999489e-02
3.699999999999999817e-02
2.620000000000000107e-02
1.739999999999999880e-02
1.580000000000000154e-02
1.179999999999999973e-02
1.159999999999999920e-02
1.580000000000000154e-02
2.040000000000000147e-02
2.560000000000000123e-02
1.919999999999999832e-02
2.079999999999999905e-02
2.359999999999999945e-02
3.740000000000000269e-02
4.859999999999999737e-02
7.459999999999999964e-02
7.399999999999999634e-02
1.237999999999999934e-01
1.021999999999999992e-01
1.110000000000000014e-01
1.398000000000000076e-01
1.539999999999999980e-01
1.769999999999999907e-01
1.930000000000000049e-01
2.091999999999999971e-01
1.923999999999999877e-01
1.746000000000000052e-01
1.935999999999999943e-01
1.983999999999999930e-01
2.179999999999999993e-01
2.909999999999999809e-01
3.383999999999999786e-01
4.819999999999999840e-01
4.279999999999999916e-01
4.235999999999999766e-01
3.277999999999999803e-01
2.184000000000000108e-01
1.806000000000000105e-01
1.807999999999999885e-01
2.144000000000000072e-01
3.619999999999999885e-01
4.571999999999999953e-01
4.576000000000000068e-01
4.796000000000000263e-01
4.577999999999999847e-01
4.252000000000000224e-01
4.514000000000000234e-01
