5.020000000000000018e-01
3.622000000000000219e-01
4.723999999999999866e-01
4.603999999999999759e-01
1.806000000000000105e-01
2.812000000000000055e-01
3.453999999999999848e-01
1.729999999999999871e-01
5.519999999999999907e-02
4.340000000000000108e-02
2.759999999999999953e-02
1.400000000000000029e-02
9.400000000000000369e-03
3.139999999999999736e-02
2.000000000000000042e-02
3.660000000000000059e-02
2.528000000000000247e-01
4.682000000000000051e-01
4.902000000000000246e-01
3.731999999999999762e-01
3.064000000000000057e-01
3.109999999999999987e-01
1.429999999999999882e-01
2.548000000000000265e-01
3.307999999999999829e-01
8.859999999999999820e-02
2.631999999999999895e-01
3.897999999999999798e-01
3.089999999999999969e-01
2.046000000000000041e-01
2.301999999999999880e-01
2.411999999999999977e-01
3.078000000000000180e-01
1.360000000000000098e-01
2.406000000000000083e-01
2.661999999999999922e-01
1.223999999999999949e-01
3.160000000000000309e-02
2.599999999999999881e-02
4.540000000000000285e-02
1.015999999999999959e-01
1.474000000000000032e-01
2.872000000000000108e-01
2.182000000000000051e-01
2.117999999999999883e-01
3.317999999999999838e-01
4.117999999999999994e-01
4.017999999999999905e-01
2.757999999999999896e-01
1.806000000000000105e-01
2.011999999999999900e-01
1.880000000000000004e-01
3.983999999999999764e-01
5.033999999999999586e-01
3.963999999999999746e-01
4.341999999999999749e-01
3.220000000000000084e-01
3.178000000000000269e-01
4.334000000000000075e-01
3.904000000000000248e-01
3.764000000000000123e-01
4.839999999999999858e-01
2.270000000000000073e-01
1.107999999999999957e-01
3.976000000000000090e-01
2.626000000000000001e-01
4.183999999999999941e-01
3.623999999999999999e-01
3.489999999999999769e-01
3.625999999999999779e-01
4.420000000000000040e-01
2.684000000000000274e-01
1.824000000000000066e-01
1.796000000000000096e-01
2.104000000000000037e-01
2.359999999999999876e-01
3.417999999999999927e-01
3.341999999999999971e-01
4.076000000000000179e-01
3.764000000000000123e-01
4.298000000000000154e-01
4.580000000000000182e-01
3.774000000000000132e-01
4.782000000000000139e-01
4.611999999999999988e-01
3.904000000000000248e-01
4.799999999999999822e-01
4.597999999999999865e-01
4.063999999999999835e-01
3.825999999999999956e-01
3.049999999999999933e-01
2.003999999999999948e-01
1.340000000000000080e-01
4.379999999999999866e-02
1.900000000000000022e-01
2.338000000000000078e-01
2.661999999999999922e-01
4.421999999999999820e-01
2.132000000000000006e-01
1.226000000000000006e-01
1.222000000000000031e-01
7.000000000000000666e-02
5.800000000000000294e-02
7.839999999999999747e-02
1.184000000000000052e-01
1.842000000000000026e-01
2.646000000000000019e-01
3.311999999999999944e-01
3.874000000000000221e-01
2.978000000000000091e-01
4.404000000000000137e-01
1.854000000000000092e-01
3.201999999999999846e-01
4.017999999999999905e-01
3.599999999999999867e-01
2.913999999999999924e-01
3.266000000000000014e-01
3.257999999999999785e-01
1.751999999999999946e-01
1.015999999999999959e-01
1.532000000000000028e-01
2.169999999999999984e-01
3.993999999999999773e-01
2.969999999999999862e-01
3.089999999999999969e-01
3.668000000000000149e-01
4.853999999999999981e-01
1.607999999999999985e-01
1.004000000000000031e-01
1.610000000000000042e-01
3.224000000000000199e-01
2.565999999999999948e-01
1.836000000000000132e-01
2.492000000000000048e-01
3.400000000000000244e-01
2.026000000000000023e-01
1.640000000000000069e-01
1.102000000000000063e-01
5.999999999999999778e-02
6.940000000000000335e-02
6.959999999999999520e-02
9.560000000000000442e-02
1.087999999999999939e-01
9.660000000000000531e-02
1.283999999999999864e-01
1.406000000000000028e-01
2.849999999999999756e-01
3.084000000000000075e-01
3.447999999999999954e-01
4.560000000000000164e-01
3.662000000000000255e-01
3.144000000000000128e-01
3.493999999999999884e-01
4.107999999999999985e-01
4.520000000000000129e-01
3.351999999999999980e-01
2.706000000000000072e-01
1.894000000000000128e-01
1.454000000000000015e-01
2.142000000000000015e-01
2.089999999999999913e-01
1.829999999999999960e-01
1.529999999999999971e-01
2.048000000000000098e-01
1.681999999999999884e-01
1.643999999999999906e-01
2.472000000000000031e-01
1.620000000000000051e-01
1.524000000000000077e-01
1.958000000000000018e-01
2.447999999999999898e-01
2.190000000000000002e-01
2.690000000000000169e-01
2.124000000000000055e-01
1.459999999999999909e-01
1.428000000000000103e-01
2.427999999999999881e-01
2.056000000000000050e-01
3.533999999999999919e-01
2.511999999999999789e-01
2.434000000000000052e-01
1.663999999999999924e-01
1.000000000000000056e-01
1.087999999999999939e-01
9.339999999999999691e-02
7.420000000000000207e-02
7.159999999999999698e-02
7.779999999999999416e-02
8.260000000000000675e-02
1.076000000000000012e-01
1.401999999999999913e-01
2.237999999999999989e-01
2.867999999999999994e-01
2.822000000000000064e-01
2.331999999999999906e-01
2.720000000000000195e-01
2.581999999999999851e-01
2.500000000000000000e-01
2.796000000000000152e-01
3.684000000000000052e-01
4.686000000000000165e-01
4.855999999999999761e-01
3.701999999999999735e-01
3.281999999999999917e-01
2.399999999999999911e-01
1.280000000000000027e-01
1.116000000000000048e-01
1.203999999999999931e-01
1.839999999999999969e-01
2.291999999999999871e-01
2.089999999999999913e-01
1.897999999999999965e-01
1.575999999999999901e-01
1.564000000000000112e-01
2.886000000000000232e-01
4.192000000000000171e-01
4.047999999999999932e-01
3.270000000000000129e-01
2.928000000000000047e-01
3.800000000000000044e-01
3.603999999999999981e-01
3.622000000000000219e-01
2.594000000000000195e-01
2.253999999999999893e-01
1.690000000000000113e-01
8.179999999999999771e-02
6.840000000000000246e-02
1.335999999999999965e-01
1.706000000000000016e-01
2.817999999999999949e-01
1.360000000000000098e-01
1.358000000000000040e-01
1.005999999999999950e-01
1.499999999999999944e-01
2.621999999999999886e-01
1.165999999999999953e-01
1.178000000000000019e-01
8.260000000000000675e-02
4.859999999999999737e-02
6.239999999999999714e-02
8.840000000000000635e-02
5.739999999999999963e-02
5.319999999999999729e-02
4.460000000000000075e-02
5.319999999999999729e-02
2.010000000000000120e-01
4.531999999999999917e-01
3.890000000000000124e-01
3.286000000000000032e-01
4.494000000000000217e-01
3.996000000000000107e-01
3.331999999999999962e-01
1.739999999999999880e-01
1.890000000000000013e-01
1.184000000000000052e-01
3.966000000000000081e-01
4.879999999999999893e-01
4.455999999999999961e-01
2.837999999999999967e-01
4.239999999999999880e-01
4.789999999999999813e-01
3.635999999999999788e-01
3.406000000000000139e-01
3.960000000000000187e-01
4.023999999999999799e-01
3.904000000000000248e-01
3.689999999999999947e-01
3.704000000000000070e-01
3.800000000000000044e-01
4.928000000000000158e-01
4.491999999999999882e-01
3.138000000000000234e-01
3.333999999999999742e-01
3.924000000000000266e-01
3.266000000000000014e-01
3.709999999999999964e-01
1.198000000000000037e-01
3.160000000000000309e-02
2.719999999999999848e-02
2.040000000000000147e-02
1.799999999999999864e-02
6.000000000000000125e-03
3.599999999999999901e-03
8.999999999999999667e-02
1.092000000000000054e-01
1.035999999999999976e-01
3.353999999999999759e-01
4.633999999999999786e-01
2.521999999999999797e-01
1.867999999999999938e-01
3.231999999999999873e-01
2.879999999999999782e-01
1.633999999999999897e-01
1.089999999999999997e-01
1.665999999999999981e-01
2.597999999999999754e-01
4.951999999999999735e-01
3.331999999999999962e-01
2.878000000000000003e-01
4.600000000000000200e-01
3.884000000000000230e-01
3.976000000000000090e-01
4.514000000000000234e-01
4.010000000000000231e-01
3.548000000000000043e-01
2.772000000000000020e-01
3.224000000000000199e-01
2.518000000000000238e-01
1.701999999999999902e-01
9.560000000000000442e-02
1.491999999999999993e-01
1.789999999999999925e-01
1.980000000000000093e-01
2.263999999999999901e-01
1.965999999999999970e-01
3.158000000000000251e-01
1.274000000000000132e-01
2.920000000000000026e-02
3.839999999999999664e-02
2.539999999999999897e-02
1.359999999999999924e-02
1.020000000000000073e-02
4.200000000000000261e-02
4.880000000000000310e-02
2.829999999999999738e-01
2.604000000000000203e-01
3.383999999999999786e-01
4.193999999999999950e-01
3.114000000000000101e-01
2.132000000000000006e-01
2.640000000000000124e-01
3.351999999999999980e-01
3.708000000000000185e-01
2.411999999999999977e-01
1.754000000000000004e-01
1.340000000000000080e-01
1.570000000000000007e-01
1.622000000000000108e-01
1.680000000000000104e-01
2.368000000000000105e-01
3.035999999999999810e-01
4.696000000000000174e-01
4.245999999999999774e-01
1.678000000000000047e-01
4.563999999999999724e-01
3.738000000000000211e-01
2.197999999999999954e-01
1.426000000000000045e-01
2.912000000000000144e-01
2.912000000000000144e-01
1.943999999999999895e-01
2.419999999999999929e-01
2.938000000000000056e-01
2.457999999999999907e-01
3.426000000000000156e-01
4.793999999999999928e-01
4.344000000000000083e-01
3.356000000000000094e-01
1.310000000000000053e-01
1.429999999999999882e-01
3.118000000000000216e-01
3.821999999999999842e-01
1.319999999999999993e-02
1.640000000000000138e-02
1.480000000000000066e-02
1.220000000000000077e-02
4.279999999999999777e-02
7.340000000000000691e-02
1.555999999999999883e-01
1.512000000000000011e-01
2.866000000000000214e-01
3.234000000000000208e-01
3.211999999999999855e-01
2.637999999999999790e-01
2.962000000000000188e-01
2.893999999999999906e-01
1.698000000000000065e-01
2.419999999999999929e-01
2.361999999999999933e-01
2.508000000000000229e-01
1.990000000000000102e-01
4.259999999999999898e-02
4.479999999999999954e-02
1.913999999999999868e-01
3.559999999999999831e-01
1.723999999999999977e-01
1.226000000000000006e-01
1.854000000000000092e-01
2.341999999999999915e-01
3.068000000000000171e-01
2.936000000000000276e-01
2.223999999999999866e-01
3.029999999999999916e-01
2.162000000000000033e-01
1.680000000000000104e-01
1.708000000000000074e-01
1.293999999999999873e-01
1.093999999999999972e-01
1.938000000000000000e-01
2.404000000000000026e-01
3.251999999999999891e-01
2.492000000000000048e-01
1.439999999999999891e-01
2.079999999999999905e-02
4.599999999999999922e-03
1.000000000000000021e-03
4.420000000000000318e-02
6.060000000000000109e-02
7.359999999999999876e-02
1.219999999999999973e-01
1.348000000000000032e-01
1.681999999999999884e-01
2.923999999999999932e-01
4.858000000000000096e-01
3.795999999999999930e-01
3.361999999999999988e-01
2.379999999999999893e-01
2.674000000000000266e-01
3.210000000000000075e-01
2.773999999999999799e-01
1.079999999999999988e-01
1.797999999999999876e-01
2.837999999999999967e-01
3.814000000000000168e-01
3.377999999999999892e-01
4.471999999999999864e-01
4.451999999999999846e-01
4.467999999999999750e-01
3.281999999999999917e-01
4.030000000000000249e-01
4.149999999999999800e-01
2.962000000000000188e-01
5.058000000000000274e-01
4.596000000000000085e-01
4.524000000000000243e-01
4.272000000000000242e-01
4.440000000000000058e-01
4.959999999999999964e-01
3.370000000000000218e-01
4.299999999999999933e-01
3.914000000000000257e-01
2.381999999999999951e-01
3.317999999999999838e-01
1.970000000000000084e-01
2.343999999999999972e-01
4.623999999999999777e-01
3.857999999999999763e-01
3.452000000000000068e-01
3.154000000000000137e-01
3.022000000000000242e-01
2.053999999999999992e-01
2.993999999999999995e-01
3.215999999999999970e-01
3.729999999999999982e-01
4.408000000000000251e-01
3.410000000000000253e-01
2.245999999999999941e-01
1.526000000000000134e-01
1.194000000000000061e-01
2.571999999999999842e-01
3.563999999999999946e-01
3.327999999999999847e-01
3.346000000000000085e-01
3.009999999999999898e-01
1.645999999999999963e-01
1.539999999999999980e-01
3.190000000000000058e-01
4.898000000000000131e-01
2.262000000000000122e-01
3.452000000000000068e-01
2.707999999999999852e-01
2.772000000000000020e-01
2.731999999999999984e-01
2.797999999999999932e-01
3.049999999999999933e-01
1.995999999999999996e-01
2.301999999999999880e-01
3.091999999999999749e-01
2.787999999999999923e-01
2.660000000000000142e-01
1.824000000000000066e-01
1.089999999999999997e-01
1.034000000000000058e-01
9.080000000000000571e-02
7.119999999999999940e-02
1.497999999999999887e-01
1.215999999999999998e-01
5.279999999999999971e-02
1.310000000000000053e-01
1.083999999999999964e-01
6.339999999999999802e-02
1.673999999999999932e-01
3.141999999999999793e-01
3.709999999999999964e-01
4.138000000000000012e-01
4.912000000000000255e-01
3.396000000000000130e-01
2.584000000000000186e-01
2.394000000000000017e-01
2.084000000000000019e-01
4.699999999999999734e-01
4.454000000000000181e-01
3.422000000000000042e-01
3.035999999999999810e-01
2.530000000000000027e-01
2.295999999999999985e-01
1.845999999999999863e-01
2.938000000000000056e-01
2.968000000000000083e-01
4.537999999999999812e-01
4.073999999999999844e-01
4.823999999999999955e-01
1.796000000000000096e-01
6.940000000000000335e-02
7.000000000000000146e-03
2.120000000000000009e-02
2.960000000000000131e-02
3.420000000000000123e-02
3.599999999999999901e-03
1.379999999999999977e-02
1.400000000000000029e-02
2.380000000000000171e-02
4.979999999999999705e-02
4.120000000000000051e-02
1.252000000000000057e-01
2.856000000000000205e-01
3.520000000000000212e-02
4.800000000000000100e-02
4.839999999999999858e-02
2.644000000000000239e-01
4.621999999999999997e-01
2.528000000000000247e-01
2.026000000000000023e-01
3.069999999999999951e-01
2.626000000000000001e-01
3.151999999999999802e-01
2.671999999999999931e-01
9.460000000000000353e-02
1.564000000000000112e-01
2.605999999999999983e-01
3.397999999999999909e-01
4.232000000000000206e-01
2.908000000000000029e-01
4.262000000000000233e-01
3.672000000000000264e-01
2.953999999999999959e-01
2.892000000000000126e-01
2.497999999999999943e-01
1.754000000000000004e-01
1.044000000000000067e-01
2.398000000000000131e-01
2.371999999999999942e-01
1.535999999999999865e-01
4.183999999999999941e-01
3.579999999999999849e-01
2.896000000000000241e-01
4.395999999999999908e-01
4.425999999999999934e-01
4.339999999999999969e-01
3.237999999999999767e-01
3.353999999999999759e-01
4.712000000000000077e-01
3.778000000000000247e-01
3.635999999999999788e-01
3.635999999999999788e-01
1.383999999999999952e-01
1.600000000000000033e-01
2.898000000000000020e-01
1.706000000000000016e-01
2.197999999999999954e-01
1.968000000000000027e-01
4.702000000000000068e-01
4.076000000000000179e-01
7.699999999999999900e-02
1.219999999999999973e-01
1.004000000000000031e-01
2.466000000000000136e-01
3.130000000000000004e-01
3.300000000000000155e-01
3.589999999999999858e-01
1.933999999999999886e-01
8.060000000000000497e-02
5.500000000000000028e-02
6.940000000000000335e-02
1.590000000000000024e-01
1.590000000000000024e-01
8.260000000000000675e-02
5.240000000000000213e-02
1.200000000000000025e-02
6.439999999999999891e-02
2.299999999999999961e-02
1.280000000000000061e-02
4.739999999999999769e-02
1.150000000000000050e-01
2.124000000000000055e-01
2.807999999999999940e-01
4.050000000000000266e-01
4.411999999999999811e-01
3.708000000000000185e-01
4.032000000000000028e-01
1.652000000000000135e-01
3.180000000000000188e-02
2.340000000000000066e-02
2.659999999999999865e-02
2.960000000000000131e-02
2.179999999999999993e-02
1.159999999999999920e-02
3.000000000000000062e-03
8.319999999999999618e-02
6.199999999999999782e-03
7.799999999999999642e-03
2.149999999999999967e-01
4.922000000000000264e-01
4.853999999999999981e-01
4.670000000000000262e-01
4.650000000000000244e-01
3.705999999999999850e-01
9.940000000000000224e-02
1.312000000000000111e-01
2.457999999999999907e-01
7.520000000000000295e-02
1.980000000000000163e-02
1.580000000000000154e-02
2.100000000000000130e-02
3.899999999999999994e-02
4.800000000000000100e-02
4.619999999999999801e-02
2.351999999999999924e-01
4.975999999999999868e-01
4.507999999999999785e-01
4.855999999999999761e-01
4.042000000000000037e-01
2.114000000000000046e-01
2.157999999999999918e-01
2.540000000000000036e-01
4.656000000000000139e-01
2.713999999999999746e-01
1.723999999999999977e-01
1.292000000000000093e-01
1.476000000000000090e-01
2.731999999999999984e-01
3.532000000000000139e-01
3.392000000000000015e-01
4.016000000000000125e-01
4.792000000000000148e-01
4.097999999999999976e-01
4.122000000000000108e-01
1.897999999999999965e-01
4.136000000000000232e-01
4.524000000000000243e-01
2.816000000000000170e-01
3.906000000000000028e-01
4.086000000000000187e-01
2.846000000000000196e-01
4.142000000000000126e-01
2.767999999999999905e-01
2.091999999999999971e-01
1.681999999999999884e-01
4.096000000000000196e-01
4.365999999999999881e-01
4.219999999999999862e-01
4.732000000000000095e-01
2.401999999999999968e-01
2.866000000000000214e-01
3.847999999999999754e-01
1.852000000000000035e-01
5.700000000000000205e-02
5.800000000000000294e-02
3.139999999999999736e-02
3.059999999999999873e-02
3.099999999999999978e-02
3.719999999999999696e-02
3.440000000000000002e-02
3.719999999999999696e-02
3.860000000000000236e-02
1.600000000000000033e-02
3.899999999999999994e-02
1.280000000000000027e-01
1.400000000000000029e-02
6.180000000000000077e-02
1.001999999999999974e-01
1.287999999999999978e-01
4.450000000000000067e-01
2.253999999999999893e-01
7.180000000000000271e-02
1.919999999999999832e-02
1.200000000000000025e-02
2.100000000000000130e-02
8.260000000000000675e-02
1.771999999999999964e-01
4.822000000000000175e-01
3.079999999999999960e-01
2.278000000000000025e-01
1.875999999999999890e-01
5.680000000000000326e-02
5.960000000000000020e-02
8.240000000000000102e-02
1.228000000000000064e-01
4.700000000000000011e-02
8.600000000000000006e-03
5.360000000000000181e-02
2.599999999999999881e-03
1.519999999999999997e-02
2.620000000000000107e-02
1.630000000000000060e-01
3.648000000000000131e-01
3.215999999999999970e-01
2.561999999999999833e-01
1.239999999999999991e-01
2.980000000000000010e-02
1.899999999999999953e-02
5.599999999999999943e-03
1.779999999999999985e-02
1.236000000000000015e-01
7.779999999999999416e-02
4.700000000000000011e-02
3.682000000000000273e-01
4.461999999999999855e-01
2.258000000000000007e-01
3.493999999999999884e-01
5.519999999999999907e-02
7.420000000000000207e-02
1.285999999999999921e-01
1.496000000000000107e-01
6.539999999999999980e-02
6.019999999999999657e-02
2.426000000000000101e-01
3.330000000000000182e-01
4.835999999999999743e-01
4.444000000000000172e-01
4.520000000000000129e-01
4.166000000000000258e-01
1.981999999999999873e-01
1.484000000000000041e-01
1.834000000000000075e-01
2.409999999999999920e-01
4.843999999999999972e-01
2.945999999999999730e-01
3.758000000000000229e-01
4.173999999999999932e-01
1.628000000000000003e-01
2.104000000000000037e-01
1.829999999999999960e-01
1.078000000000000069e-01
2.462000000000000022e-01
2.647999999999999798e-01
1.219999999999999973e-01
1.371999999999999886e-01
1.426000000000000045e-01
4.404000000000000137e-01
4.349999999999999978e-01
2.340000000000000135e-01
2.060000000000000026e-02
5.999999999999999778e-02
3.400000000000000244e-02
3.020000000000000115e-02
1.760000000000000106e-02
2.740000000000000074e-02
4.979999999999999705e-02
3.119999999999999857e-02
4.039999999999999841e-02
3.099999999999999978e-02
4.979999999999999705e-02
9.339999999999999691e-02
5.079999999999999793e-02
4.169999999999999818e-01
3.731999999999999762e-01
3.622000000000000219e-01
3.296000000000000041e-01
3.738000000000000211e-01
3.774000000000000132e-01
4.808000000000000052e-01
2.677999999999999825e-01
1.754000000000000004e-01
1.209999999999999964e-01
1.120000000000000023e-01
1.854000000000000092e-01
2.043999999999999984e-01
2.676000000000000045e-01
3.187999999999999723e-01
4.590000000000000191e-01
3.111999999999999766e-01
4.268000000000000127e-01
3.821999999999999842e-01
1.045999999999999985e-01
1.797999999999999876e-01
2.982000000000000206e-01
4.481999999999999873e-01
2.541999999999999815e-01
1.779999999999999916e-01
1.990000000000000102e-01
2.913999999999999924e-01
4.739999999999999769e-01
3.682000000000000273e-01
2.882000000000000117e-01
2.424000000000000044e-01
2.323999999999999955e-01
2.101999999999999980e-01
1.564000000000000112e-01
1.948000000000000009e-01
2.301999999999999880e-01
2.298000000000000043e-01
2.696000000000000063e-01
3.790000000000000036e-01
3.546000000000000263e-01
2.447999999999999898e-01
1.542000000000000037e-01
2.909999999999999809e-01
3.101999999999999758e-01
3.430000000000000271e-01
4.020000000000000240e-01
3.986000000000000099e-01
4.537999999999999812e-01
4.097999999999999976e-01
2.879999999999999782e-01
1.487999999999999878e-01
1.287999999999999978e-01
9.979999999999999982e-02
1.484000000000000041e-01
2.053999999999999992e-01
1.796000000000000096e-01
2.008000000000000063e-01
1.365999999999999992e-01
1.247999999999999943e-01
1.401999999999999913e-01
1.360000000000000098e-01
8.859999999999999820e-02
1.509999999999999953e-01
1.147999999999999993e-01
2.240000000000000047e-01
2.227999999999999980e-01
2.313999999999999946e-01
3.168000000000000260e-01
3.204000000000000181e-01
3.865999999999999992e-01
3.642000000000000237e-01
3.649999999999999911e-01
3.625999999999999779e-01
4.082000000000000073e-01
4.351999999999999758e-01
4.929999999999999938e-01
4.530000000000000138e-01
4.627999999999999892e-01
3.808000000000000274e-01
3.240000000000000102e-01
3.595999999999999752e-01
4.540000000000000147e-01
2.863999999999999879e-01
3.487999999999999989e-01
3.462000000000000077e-01
4.759999999999999787e-01
