9.760000000000000620e-02
2.121999999999999997e-01
3.519999999999999796e-01
3.161999999999999811e-01
3.463999999999999857e-01
4.530000000000000138e-01
2.165999999999999870e-01
8.820000000000000062e-02
9.679999999999999716e-02
1.333999999999999908e-01
1.302000000000000102e-01
1.681999999999999884e-01
2.627999999999999781e-01
2.717999999999999861e-01
2.677999999999999825e-01
3.351999999999999980e-01
2.064000000000000001e-01
1.312000000000000111e-01
1.137999999999999984e-01
8.300000000000000433e-02
4.499999999999999833e-02
7.220000000000000029e-02
1.203999999999999931e-01
3.538000000000000034e-01
4.789999999999999813e-01
4.255999999999999783e-01
3.392000000000000015e-01
3.648000000000000131e-01
3.811999999999999833e-01
4.329999999999999960e-01
4.279999999999999916e-01
3.890000000000000124e-01
2.235999999999999932e-01
2.786000000000000143e-01
4.259999999999999898e-01
3.911999999999999922e-01
4.285999999999999810e-01
4.989999999999999991e-01
3.330000000000000182e-01
2.958000000000000074e-01
2.983999999999999986e-01
2.003999999999999948e-01
1.719999999999999862e-01
1.854000000000000092e-01
2.661999999999999922e-01
3.048000000000000154e-01
2.942000000000000171e-01
2.909999999999999809e-01
3.559999999999999831e-01
5.098000000000000309e-01
4.623999999999999777e-01
4.163999999999999924e-01
3.330000000000000182e-01
2.194000000000000117e-01
1.592000000000000082e-01
1.610000000000000042e-01
1.539999999999999980e-01
1.739999999999999880e-01
3.044000000000000039e-01
4.481999999999999873e-01
4.825999999999999734e-01
2.646000000000000019e-01
1.690000000000000113e-01
5.240000000000000213e-02
3.219999999999999946e-02
5.020000000000000157e-02
9.919999999999999651e-02
1.078000000000000069e-01
2.440000000000000155e-02
1.280000000000000061e-02
1.859999999999999848e-02
1.066000000000000003e-01
1.875999999999999890e-01
2.531999999999999806e-01
3.755999999999999894e-01
4.219999999999999862e-01
4.245999999999999774e-01
2.992000000000000215e-01
4.245999999999999774e-01
4.132000000000000117e-01
2.962000000000000188e-01
1.874000000000000110e-01
2.230000000000000038e-01
1.481999999999999984e-01
1.055999999999999994e-01
7.799999999999999989e-02
5.940000000000000141e-02
1.015999999999999959e-01
1.205999999999999989e-01
1.350000000000000089e-01
3.135999999999999899e-01
4.299999999999999933e-01
4.123999999999999888e-01
3.615999999999999770e-01
3.406000000000000139e-01
3.168000000000000260e-01
3.519999999999999796e-01
4.461999999999999855e-01
5.051999999999999824e-01
2.757999999999999896e-01
2.680000000000000160e-01
4.042000000000000037e-01
4.979999999999999982e-01
5.033999999999999586e-01
4.828000000000000069e-01
4.408000000000000251e-01
5.066000000000000503e-01
4.828000000000000069e-01
4.915999999999999814e-01
4.361999999999999766e-01
5.026000000000000467e-01
4.047999999999999932e-01
3.953999999999999737e-01
4.086000000000000187e-01
4.255999999999999783e-01
4.102000000000000091e-01
3.855999999999999983e-01
3.184000000000000163e-01
2.514000000000000123e-01
1.716000000000000025e-01
8.459999999999999465e-02
1.127999999999999975e-01
9.560000000000000442e-02
1.282000000000000084e-01
2.109999999999999931e-01
2.634000000000000230e-01
2.544000000000000150e-01
2.401999999999999968e-01
1.988000000000000045e-01
1.458000000000000129e-01
5.120000000000000245e-02
4.540000000000000285e-02
4.379999999999999866e-02
2.840000000000000163e-02
4.819999999999999979e-02
1.203999999999999931e-01
2.043999999999999984e-01
2.474000000000000088e-01
3.217999999999999750e-01
3.881999999999999895e-01
3.951999999999999957e-01
3.738000000000000211e-01
3.659999999999999920e-01
3.508000000000000007e-01
3.532000000000000139e-01
3.486000000000000210e-01
3.170000000000000040e-01
3.038000000000000145e-01
2.833999999999999853e-01
2.687999999999999834e-01
2.605999999999999983e-01
2.504000000000000115e-01
2.242000000000000104e-01
1.958000000000000018e-01
1.615999999999999936e-01
1.218000000000000055e-01
1.195999999999999980e-01
1.165999999999999953e-01
1.192000000000000004e-01
1.436000000000000054e-01
1.975999999999999979e-01
2.843999999999999861e-01
3.316000000000000059e-01
3.781999999999999806e-01
4.036000000000000143e-01
4.136000000000000232e-01
3.603999999999999981e-01
2.812000000000000055e-01
1.834000000000000075e-01
1.834000000000000075e-01
2.288000000000000034e-01
2.320000000000000118e-01
2.301999999999999880e-01
2.252000000000000113e-01
3.251999999999999891e-01
4.086000000000000187e-01
2.836000000000000187e-01
5.051999999999999824e-01
4.274000000000000021e-01
4.249999999999999889e-01
4.305999999999999828e-01
5.008000000000000229e-01
3.655999999999999805e-01
3.271999999999999909e-01
2.829999999999999738e-01
2.570000000000000062e-01
2.074000000000000010e-01
1.884000000000000119e-01
2.202000000000000068e-01
2.340000000000000135e-01
2.268000000000000016e-01
2.677999999999999825e-01
3.739999999999999991e-01
4.222000000000000197e-01
4.017999999999999905e-01
3.654000000000000026e-01
3.025999999999999801e-01
2.097999999999999865e-01
1.597999999999999976e-01
1.607999999999999985e-01
1.640000000000000069e-01
1.433999999999999997e-01
1.401999999999999913e-01
1.592000000000000082e-01
2.003999999999999948e-01
1.671999999999999875e-01
1.254000000000000115e-01
7.480000000000000537e-02
5.240000000000000213e-02
4.900000000000000189e-02
6.660000000000000642e-02
7.639999999999999569e-02
1.282000000000000084e-01
2.223999999999999866e-01
2.285999999999999976e-01
1.920000000000000040e-01
2.000000000000000111e-01
2.159999999999999976e-01
2.464000000000000079e-01
3.131999999999999784e-01
3.005999999999999783e-01
2.457999999999999907e-01
2.046000000000000041e-01
1.771999999999999964e-01
2.089999999999999913e-01
2.316000000000000003e-01
1.208000000000000046e-01
2.152000000000000024e-01
1.638000000000000012e-01
2.242000000000000104e-01
2.630000000000000115e-01
3.227999999999999758e-01
2.943999999999999950e-01
2.908000000000000029e-01
2.736000000000000099e-01
2.726000000000000090e-01
2.902000000000000135e-01
3.306000000000000050e-01
3.814000000000000168e-01
4.178000000000000047e-01
4.338000000000000189e-01
4.879999999999999893e-01
4.842000000000000193e-01
4.803999999999999937e-01
4.660000000000000253e-01
4.576000000000000068e-01
4.495999999999999996e-01
4.680000000000000271e-01
4.646000000000000130e-01
4.722000000000000086e-01
4.766000000000000236e-01
4.617999999999999883e-01
4.524000000000000243e-01
4.308000000000000163e-01
4.275999999999999801e-01
4.487999999999999767e-01
4.471999999999999864e-01
4.199999999999999845e-01
3.217999999999999750e-01
2.985999999999999766e-01
3.765999999999999903e-01
4.232000000000000206e-01
4.223999999999999977e-01
3.729999999999999982e-01
3.187999999999999723e-01
3.195999999999999952e-01
3.174000000000000155e-01
3.291999999999999926e-01
3.870000000000000107e-01
4.818000000000000060e-01
4.633999999999999786e-01
4.494000000000000217e-01
3.840000000000000080e-01
4.284000000000000030e-01
4.756000000000000227e-01
4.802000000000000157e-01
4.178000000000000047e-01
3.522000000000000131e-01
2.636000000000000010e-01
2.265999999999999959e-01
2.142000000000000015e-01
1.718000000000000083e-01
1.953999999999999904e-01
2.893999999999999906e-01
3.714000000000000079e-01
3.847999999999999754e-01
3.582000000000000184e-01
3.114000000000000101e-01
3.018000000000000127e-01
3.004000000000000004e-01
3.613999999999999990e-01
3.886000000000000010e-01
4.454000000000000181e-01
4.663999999999999813e-01
4.627999999999999892e-01
3.890000000000000124e-01
3.383999999999999786e-01
3.393999999999999795e-01
3.486000000000000210e-01
3.731999999999999762e-01
4.136000000000000232e-01
4.971999999999999753e-01
4.640000000000000235e-01
2.942000000000000171e-01
1.778000000000000136e-01
2.524000000000000132e-01
3.845999999999999974e-01
4.264000000000000012e-01
3.042000000000000259e-01
1.807999999999999885e-01
2.043999999999999984e-01
1.691999999999999893e-01
1.869999999999999996e-01
2.611999999999999877e-01
2.703999999999999737e-01
3.245999999999999996e-01
4.577999999999999847e-01
5.121999999999999886e-01
4.032000000000000028e-01
3.704000000000000070e-01
2.756000000000000116e-01
2.136000000000000121e-01
1.506000000000000116e-01
1.622000000000000108e-01
2.358000000000000096e-01
2.545999999999999930e-01
3.558000000000000052e-01
4.889999999999999902e-01
4.995999999999999885e-01
3.304000000000000270e-01
3.155999999999999917e-01
3.632000000000000228e-01
2.607999999999999763e-01
2.078000000000000125e-01
1.487999999999999878e-01
1.391999999999999904e-01
1.584000000000000130e-01
1.857999999999999929e-01
2.142000000000000015e-01
3.140000000000000013e-01
1.464000000000000024e-01
1.529999999999999971e-01
1.444000000000000006e-01
1.049999999999999961e-01
1.059999999999999970e-01
1.195999999999999980e-01
1.605999999999999928e-01
2.409999999999999920e-01
3.048000000000000154e-01
4.898000000000000131e-01
3.874000000000000221e-01
4.299999999999999933e-01
4.418000000000000260e-01
4.617999999999999883e-01
4.067999999999999949e-01
2.770000000000000240e-01
1.884000000000000119e-01
1.318000000000000005e-01
1.010000000000000064e-01
8.899999999999999578e-02
1.093999999999999972e-01
1.087999999999999939e-01
1.072000000000000036e-01
1.223999999999999949e-01
2.898000000000000020e-01
2.482000000000000040e-01
3.114000000000000101e-01
4.660000000000000253e-01
4.229999999999999871e-01
4.809999999999999831e-01
3.463999999999999857e-01
3.049999999999999933e-01
3.008000000000000118e-01
5.030000000000000027e-01
3.645999999999999797e-01
2.511999999999999789e-01
4.461999999999999855e-01
3.963999999999999746e-01
3.589999999999999858e-01
2.636000000000000010e-01
2.394000000000000017e-01
3.654000000000000026e-01
5.011999999999999789e-01
3.724000000000000088e-01
4.524000000000000243e-01
2.600000000000000089e-01
8.079999999999999682e-02
7.620000000000000384e-02
1.527999999999999914e-01
2.793999999999999817e-01
3.347999999999999865e-01
4.699999999999999734e-01
4.884000000000000008e-01
4.571999999999999953e-01
4.434000000000000163e-01
4.223999999999999977e-01
4.202000000000000179e-01
2.394000000000000017e-01
1.378000000000000058e-01
1.516000000000000125e-01
2.318000000000000060e-01
1.998000000000000054e-01
3.573999999999999955e-01
4.329999999999999960e-01
5.070000000000000062e-01
4.268000000000000127e-01
4.404000000000000137e-01
3.850000000000000089e-01
1.970000000000000084e-01
1.661999999999999866e-01
9.760000000000000620e-02
2.100000000000000130e-02
8.540000000000000369e-02
3.881999999999999895e-01
1.527999999999999914e-01
1.168000000000000010e-01
2.770000000000000240e-01
2.909999999999999809e-01
2.200000000000000011e-01
2.056000000000000050e-01
1.832000000000000017e-01
1.620000000000000051e-01
1.257999999999999952e-01
1.454000000000000015e-01
7.539999999999999480e-02
6.719999999999999585e-02
5.999999999999999778e-02
5.460000000000000270e-02
1.209999999999999964e-01
1.723999999999999977e-01
2.574000000000000177e-01
3.449999999999999734e-01
4.878000000000000114e-01
4.186000000000000276e-01
2.006000000000000005e-01
1.696000000000000008e-01
1.844000000000000083e-01
4.120000000000000051e-02
2.920000000000000026e-02
4.939999999999999947e-02
1.549999999999999989e-01
1.257999999999999952e-01
1.829999999999999960e-01
2.164000000000000090e-01
3.294000000000000261e-01
5.048000000000000265e-01
2.726000000000000090e-01
1.066000000000000003e-01
2.836000000000000187e-01
4.249999999999999889e-01
4.444000000000000172e-01
4.650000000000000244e-01
4.717999999999999972e-01
4.702000000000000068e-01
2.101999999999999980e-01
2.210000000000000020e-01
2.836000000000000187e-01
2.982000000000000206e-01
4.179999999999999827e-01
7.259999999999999787e-02
3.200000000000000067e-02
1.460000000000000013e-02
1.660000000000000017e-02
3.039999999999999994e-02
5.480000000000000149e-02
7.960000000000000409e-02
1.137999999999999984e-01
1.218000000000000055e-01
9.679999999999999716e-02
8.279999999999999860e-02
8.100000000000000255e-02
3.579999999999999849e-02
1.034000000000000058e-01
5.619999999999999996e-02
2.939999999999999905e-02
3.160000000000000309e-02
1.147999999999999993e-01
1.396000000000000019e-01
2.301999999999999880e-01
3.256000000000000005e-01
4.852000000000000202e-01
4.756000000000000227e-01
4.550000000000000155e-01
4.587999999999999856e-01
2.361999999999999933e-01
1.935999999999999943e-01
7.620000000000000384e-02
4.799999999999999580e-03
2.999999999999999889e-02
1.557999999999999940e-01
2.280000000000000082e-02
3.200000000000000153e-03
1.199999999999999895e-03
2.399999999999999790e-03
5.999999999999999474e-04
2.000000000000000096e-04
6.599999999999999964e-03
1.140000000000000041e-01
3.679999999999999938e-01
4.968000000000000194e-01
4.789999999999999813e-01
5.061999999999999833e-01
4.162000000000000144e-01
3.443999999999999839e-01
1.411999999999999922e-01
8.240000000000000102e-02
8.519999999999999796e-02
9.500000000000000111e-02
1.665999999999999981e-01
2.510000000000000009e-01
2.036000000000000032e-01
1.892000000000000071e-01
2.686000000000000054e-01
3.207999999999999741e-01
2.006000000000000005e-01
3.045999999999999819e-01
6.160000000000000198e-02
2.400000000000000050e-02
1.179999999999999973e-02
1.880000000000000074e-02
5.380000000000000060e-02
1.373999999999999944e-01
2.223999999999999866e-01
3.894000000000000239e-01
1.572000000000000064e-01
5.759999999999999842e-02
1.514000000000000068e-01
2.049999999999999878e-01
3.589999999999999858e-01
2.043999999999999984e-01
1.198000000000000037e-01
1.192000000000000004e-01
1.408000000000000085e-01
2.368000000000000105e-01
2.782000000000000028e-01
2.647999999999999798e-01
2.959999999999999853e-01
4.955999999999999850e-01
3.951999999999999957e-01
1.923999999999999877e-01
2.876000000000000223e-01
2.637999999999999790e-01
2.192000000000000060e-01
1.776000000000000079e-01
9.439999999999999780e-02
8.019999999999999352e-02
5.179999999999999882e-02
1.408000000000000085e-01
2.263999999999999901e-01
2.867999999999999994e-01
2.223999999999999866e-01
1.628000000000000003e-01
3.973999999999999755e-01
4.666000000000000147e-01
2.948000000000000065e-01
2.926000000000000267e-01
4.020000000000000240e-01
3.416000000000000147e-01
1.658000000000000029e-01
1.416000000000000036e-01
4.504000000000000226e-01
2.923999999999999932e-01
1.723999999999999977e-01
3.800000000000000044e-01
4.096000000000000196e-01
3.426000000000000156e-01
2.837999999999999967e-01
2.240000000000000047e-01
1.200000000000000025e-02
4.599999999999999922e-03
1.799999999999999951e-03
2.599999999999999881e-03
4.000000000000000192e-04
5.400000000000000286e-03
1.700000000000000122e-02
8.279999999999999860e-02
2.860000000000000042e-02
8.000000000000000383e-04
4.000000000000000192e-04
1.880000000000000074e-02
6.460000000000000464e-02
1.962000000000000133e-01
1.275999999999999912e-01
1.645999999999999963e-01
9.059999999999999998e-02
5.720000000000000084e-02
2.932000000000000162e-01
3.705999999999999850e-01
1.988000000000000045e-01
1.847999999999999921e-01
4.080000000000000293e-02
9.360000000000000264e-02
3.155999999999999917e-01
2.587999999999999745e-01
5.779999999999999721e-02
1.703999999999999959e-01
6.320000000000000617e-02
2.610000000000000098e-01
3.877999999999999781e-01
3.976000000000000090e-01
4.954000000000000070e-01
4.984000000000000097e-01
4.581999999999999962e-01
3.886000000000000010e-01
3.250000000000000111e-01
2.265999999999999959e-01
3.432000000000000051e-01
1.826000000000000123e-01
6.800000000000000488e-02
3.300000000000000155e-02
2.220000000000000029e-01
4.351999999999999758e-01
2.205999999999999905e-01
4.637999999999999901e-01
4.139999999999999791e-01
1.322000000000000119e-01
1.121999999999999942e-01
3.004000000000000004e-01
4.554000000000000270e-01
3.652000000000000246e-01
1.973999999999999921e-01
7.399999999999999634e-02
1.019999999999999934e-01
4.739999999999999769e-02
1.919999999999999832e-02
6.339999999999999802e-02
1.477999999999999869e-01
6.379999999999999560e-02
3.180000000000000188e-02
1.940000000000000058e-02
3.579999999999999849e-02
5.040000000000000036e-02
2.200000000000000133e-03
2.200000000000000133e-03
4.199999999999999740e-03
2.319999999999999840e-02
6.000000000000000125e-03
1.119999999999999989e-02
2.069999999999999896e-01
3.340000000000000191e-01
2.650000000000000133e-01
3.009999999999999898e-01
4.703999999999999848e-01
2.767999999999999905e-01
2.800000000000000266e-01
3.870000000000000107e-01
4.030000000000000249e-01
4.752000000000000113e-01
3.825999999999999956e-01
1.902000000000000079e-01
1.184000000000000052e-01
1.107999999999999957e-01
6.060000000000000109e-02
7.340000000000000691e-02
1.297999999999999987e-01
3.709999999999999964e-01
3.694000000000000061e-01
2.926000000000000267e-01
3.731999999999999762e-01
4.776000000000000245e-01
4.254000000000000004e-01
3.191999999999999837e-01
3.467999999999999972e-01
4.495999999999999996e-01
3.573999999999999955e-01
3.160000000000000031e-01
1.784000000000000030e-01
8.999999999999999667e-02
9.800000000000000377e-02
1.179999999999999938e-01
7.040000000000000424e-02
7.380000000000000449e-02
1.106000000000000039e-01
2.992000000000000215e-01
3.930000000000000160e-01
4.368000000000000216e-01
4.420000000000000040e-01
4.016000000000000125e-01
3.518000000000000016e-01
4.351999999999999758e-01
4.116000000000000214e-01
4.656000000000000139e-01
2.381999999999999951e-01
2.753999999999999782e-01
1.343999999999999917e-01
2.001999999999999891e-01
2.313999999999999946e-01
1.701999999999999902e-01
1.345999999999999974e-01
2.116000000000000103e-01
1.612000000000000099e-01
7.099999999999999367e-02
1.000000000000000021e-03
8.000000000000000383e-04
1.000000000000000021e-03
4.000000000000000192e-04
2.200000000000000133e-03
7.059999999999999609e-02
2.922000000000000153e-01
3.644000000000000017e-01
3.835999999999999965e-01
2.999999999999999889e-01
2.521999999999999797e-01
2.661999999999999922e-01
2.753999999999999782e-01
2.475999999999999868e-01
2.538000000000000256e-01
2.687999999999999834e-01
2.611999999999999877e-01
2.326000000000000012e-01
2.741999999999999993e-01
4.968000000000000194e-01
1.771999999999999964e-01
5.979999999999999899e-02
1.643999999999999906e-01
1.212000000000000022e-01
2.038000000000000089e-01
8.540000000000000369e-02
8.939999999999999336e-02
1.140000000000000041e-01
2.449999999999999956e-01
1.497999999999999887e-01
1.839999999999999969e-01
1.348000000000000032e-01
2.160000000000000114e-02
4.760000000000000342e-02
2.650000000000000133e-01
4.328000000000000180e-01
3.410000000000000253e-01
1.137999999999999984e-01
4.179999999999999688e-02
7.499999999999999722e-02
2.149999999999999967e-01
1.484000000000000041e-01
1.559999999999999998e-01
2.594000000000000195e-01
4.079999999999999738e-01
4.696000000000000174e-01
1.368000000000000049e-01
5.120000000000000245e-02
1.164000000000000035e-01
1.019999999999999934e-01
8.659999999999999643e-02
1.522000000000000020e-01
2.528000000000000247e-01
1.552000000000000046e-01
1.791999999999999982e-01
2.272000000000000131e-01
2.419999999999999929e-01
3.532000000000000139e-01
4.089999999999999747e-01
2.939999999999999836e-01
1.008000000000000007e-01
7.180000000000000271e-02
1.471999999999999975e-01
3.200000000000000067e-02
2.680000000000000090e-02
9.539999999999999869e-02
6.360000000000000375e-02
1.059999999999999970e-01
9.819999999999999563e-02
1.484000000000000041e-01
1.653999999999999915e-01
1.436000000000000054e-01
1.923999999999999877e-01
2.717999999999999861e-01
3.257999999999999785e-01
4.689999999999999725e-01
4.259999999999999898e-01
4.732000000000000095e-01
5.010000000000000009e-01
5.000000000000000000e-01
4.381999999999999784e-01
4.146000000000000241e-01
4.215999999999999748e-01
3.382000000000000006e-01
1.602000000000000091e-01
1.096000000000000030e-01
1.381999999999999895e-01
1.673999999999999932e-01
1.535999999999999865e-01
1.539999999999999980e-01
1.932000000000000106e-01
1.791999999999999982e-01
1.610000000000000042e-01
2.094000000000000028e-01
2.243999999999999884e-01
1.958000000000000018e-01
2.071999999999999953e-01
2.449999999999999956e-01
2.637999999999999790e-01
3.079999999999999960e-01
3.725999999999999868e-01
2.424000000000000044e-01
1.418000000000000094e-01
1.441999999999999948e-01
1.092000000000000054e-01
6.980000000000000093e-02
5.099999999999999672e-02
3.479999999999999760e-02
5.800000000000000294e-02
6.099999999999999867e-02
5.600000000000000117e-02
4.379999999999999866e-02
5.879999999999999810e-02
5.940000000000000141e-02
9.919999999999999651e-02
2.119999999999999940e-01
4.248000000000000109e-01
4.979999999999999982e-01
4.388000000000000234e-01
3.094000000000000083e-01
1.920000000000000040e-01
1.532000000000000028e-01
1.401999999999999913e-01
1.632000000000000117e-01
1.864000000000000101e-01
1.698000000000000065e-01
1.567999999999999949e-01
2.237999999999999989e-01
1.711999999999999911e-01
1.209999999999999964e-01
1.428000000000000103e-01
1.497999999999999887e-01
1.748000000000000109e-01
1.580000000000000016e-01
1.585999999999999910e-01
1.448000000000000120e-01
1.612000000000000099e-01
1.971999999999999864e-01
2.424000000000000044e-01
4.033999999999999808e-01
3.791999999999999815e-01
4.521999999999999909e-01
4.716000000000000192e-01
5.018000000000000238e-01
3.672000000000000264e-01
2.538000000000000256e-01
2.215999999999999914e-01
2.773999999999999799e-01
4.178000000000000047e-01
2.933999999999999941e-01
1.499999999999999944e-01
1.198000000000000037e-01
1.237999999999999934e-01
2.268000000000000016e-01
4.573999999999999733e-01
4.495999999999999996e-01
4.003999999999999782e-01
3.286000000000000032e-01
3.260000000000000120e-01
