1.150000000000000050e-01
1.208000000000000046e-01
1.451999999999999957e-01
1.529999999999999971e-01
1.728000000000000091e-01
2.011999999999999900e-01
1.791999999999999982e-01
1.469999999999999918e-01
1.380000000000000115e-01
1.174000000000000044e-01
1.315999999999999948e-01
9.600000000000000200e-02
9.379999999999999449e-02
8.740000000000000546e-02
9.479999999999999538e-02
1.042000000000000010e-01
1.106000000000000039e-01
1.232000000000000040e-01
1.257999999999999952e-01
1.343999999999999917e-01
1.368000000000000049e-01
1.590000000000000024e-01
1.728000000000000091e-01
1.479999999999999927e-01
1.913999999999999868e-01
2.076000000000000068e-01
2.048000000000000098e-01
2.243999999999999884e-01
2.524000000000000132e-01
2.743999999999999773e-01
2.686000000000000054e-01
3.008000000000000118e-01
3.256000000000000005e-01
3.884000000000000230e-01
4.610000000000000209e-01
4.526000000000000023e-01
4.818000000000000060e-01
3.996000000000000107e-01
3.708000000000000185e-01
3.518000000000000016e-01
2.595999999999999974e-01
1.894000000000000128e-01
1.925999999999999934e-01
1.665999999999999981e-01
1.839999999999999969e-01
1.962000000000000133e-01
1.933999999999999886e-01
2.182000000000000051e-01
2.353999999999999981e-01
2.447999999999999898e-01
2.515999999999999903e-01
2.316000000000000003e-01
2.030000000000000138e-01
1.867999999999999938e-01
1.542000000000000037e-01
1.154000000000000026e-01
1.110000000000000014e-01
9.400000000000000022e-02
5.299999999999999850e-02
4.479999999999999954e-02
4.859999999999999737e-02
4.619999999999999801e-02
4.420000000000000318e-02
1.099999999999999936e-02
8.200000000000000691e-03
3.599999999999999901e-03
3.000000000000000062e-03
1.399999999999999986e-03
1.000000000000000021e-03
2.000000000000000096e-04
1.140000000000000041e-02
1.000000000000000021e-02
2.380000000000000171e-02
2.479999999999999913e-02
7.280000000000000360e-02
7.080000000000000182e-02
9.420000000000000595e-02
1.100000000000000006e-01
1.189999999999999947e-01
1.355999999999999983e-01
1.290000000000000036e-01
1.458000000000000129e-01
1.178000000000000019e-01
1.731999999999999929e-01
1.774000000000000021e-01
1.454000000000000015e-01
1.239999999999999991e-01
1.042000000000000010e-01
1.032000000000000001e-01
1.333999999999999908e-01
1.228000000000000064e-01
1.144000000000000017e-01
1.665999999999999981e-01
1.552000000000000046e-01
1.383999999999999952e-01
1.264000000000000123e-01
1.053999999999999937e-01
1.338000000000000023e-01
1.444000000000000006e-01
1.615999999999999936e-01
1.625999999999999945e-01
2.061999999999999944e-01
1.771999999999999964e-01
2.069999999999999896e-01
2.550000000000000044e-01
2.962000000000000188e-01
3.649999999999999911e-01
4.334000000000000075e-01
4.833999999999999964e-01
4.843999999999999972e-01
4.739999999999999769e-01
3.980000000000000204e-01
3.644000000000000017e-01
3.539999999999999813e-01
3.800000000000000044e-01
3.569999999999999840e-01
3.628000000000000114e-01
4.378000000000000225e-01
4.218000000000000083e-01
4.314000000000000057e-01
4.358000000000000207e-01
4.057999999999999940e-01
3.877999999999999781e-01
3.810000000000000053e-01
3.718000000000000194e-01
3.065999999999999837e-01
2.521999999999999797e-01
2.069999999999999896e-01
1.658000000000000029e-01
1.361999999999999877e-01
1.355999999999999983e-01
1.590000000000000024e-01
2.038000000000000089e-01
2.452000000000000013e-01
2.826000000000000179e-01
3.850000000000000089e-01
4.742000000000000104e-01
4.616000000000000103e-01
4.425999999999999934e-01
4.577999999999999847e-01
4.630000000000000226e-01
4.581999999999999962e-01
4.391999999999999793e-01
4.753999999999999893e-01
4.640000000000000235e-01
4.786000000000000254e-01
4.749999999999999778e-01
4.813999999999999946e-01
4.792000000000000148e-01
4.753999999999999893e-01
4.414000000000000146e-01
4.547999999999999821e-01
4.660000000000000253e-01
4.495999999999999996e-01
4.607999999999999874e-01
4.381999999999999784e-01
4.583999999999999742e-01
4.444000000000000172e-01
4.563999999999999724e-01
4.345999999999999863e-01
4.398000000000000242e-01
4.345999999999999863e-01
4.437999999999999723e-01
4.328000000000000180e-01
4.228000000000000091e-01
4.093999999999999861e-01
3.870000000000000107e-01
3.953999999999999737e-01
4.010000000000000231e-01
4.057999999999999940e-01
4.129999999999999782e-01
4.315999999999999837e-01
4.475999999999999979e-01
4.560000000000000164e-01
4.892000000000000237e-01
4.994000000000000106e-01
5.040000000000000036e-01
4.819999999999999840e-01
4.663999999999999813e-01
4.355999999999999872e-01
4.325999999999999845e-01
4.475999999999999979e-01
4.600000000000000200e-01
4.809999999999999831e-01
4.328000000000000180e-01
4.186000000000000276e-01
4.189999999999999836e-01
3.874000000000000221e-01
4.116000000000000214e-01
4.571999999999999953e-01
4.687999999999999945e-01
4.951999999999999735e-01
4.726000000000000201e-01
4.938000000000000167e-01
4.348000000000000198e-01
4.410000000000000031e-01
4.411999999999999811e-01
4.789999999999999813e-01
4.576000000000000068e-01
4.520000000000000129e-01
4.394000000000000128e-01
4.334000000000000075e-01
4.262000000000000233e-01
3.937999999999999834e-01
4.391999999999999793e-01
4.385999999999999899e-01
4.258000000000000118e-01
4.344000000000000083e-01
4.295999999999999819e-01
3.187999999999999723e-01
1.549999999999999989e-01
2.444000000000000061e-01
3.094000000000000083e-01
3.271999999999999909e-01
2.207999999999999963e-01
2.666000000000000036e-01
2.278000000000000025e-01
1.398000000000000076e-01
2.222000000000000086e-01
1.912000000000000088e-01
1.189999999999999947e-01
9.539999999999999869e-02
8.980000000000000482e-02
3.540000000000000091e-02
1.460000000000000013e-02
9.599999999999999159e-03
1.280000000000000061e-02
4.440000000000000197e-02
7.220000000000000029e-02
9.479999999999999538e-02
3.118000000000000216e-01
3.360000000000000209e-01
1.807999999999999885e-01
1.796000000000000096e-01
2.530000000000000027e-01
3.304000000000000270e-01
2.351999999999999924e-01
1.396000000000000019e-01
1.365999999999999992e-01
1.083999999999999964e-01
1.089999999999999997e-01
1.120000000000000023e-01
1.130000000000000032e-01
1.144000000000000017e-01
9.039999999999999425e-02
6.819999999999999674e-02
5.999999999999999778e-02
6.219999999999999835e-02
6.360000000000000375e-02
4.760000000000000342e-02
4.979999999999999705e-02
4.780000000000000221e-02
5.240000000000000213e-02
4.680000000000000132e-02
4.479999999999999954e-02
5.260000000000000092e-02
4.240000000000000019e-02
6.040000000000000230e-02
7.799999999999999989e-02
4.939999999999999947e-02
5.360000000000000181e-02
2.759999999999999953e-02
3.119999999999999857e-02
5.279999999999999971e-02
6.099999999999999867e-02
7.259999999999999787e-02
8.820000000000000062e-02
5.380000000000000060e-02
6.140000000000000319e-02
8.300000000000000433e-02
1.107999999999999957e-01
1.504000000000000059e-01
1.668000000000000038e-01
1.968000000000000027e-01
1.875999999999999890e-01
1.864000000000000101e-01
2.184000000000000108e-01
2.797999999999999932e-01
2.667999999999999816e-01
2.773999999999999799e-01
2.883999999999999897e-01
3.473999999999999866e-01
3.950000000000000178e-01
3.598000000000000087e-01
2.636000000000000010e-01
2.406000000000000083e-01
3.877999999999999781e-01
4.989999999999999991e-01
4.945999999999999841e-01
4.123999999999999888e-01
4.037999999999999923e-01
4.395999999999999908e-01
4.958000000000000185e-01
4.495999999999999996e-01
4.666000000000000147e-01
4.573999999999999733e-01
4.699999999999999734e-01
4.601999999999999980e-01
4.365999999999999881e-01
4.331999999999999740e-01
3.593999999999999972e-01
3.433999999999999830e-01
2.544000000000000150e-01
2.401999999999999968e-01
2.253999999999999893e-01
2.058000000000000107e-01
1.678000000000000047e-01
2.106000000000000094e-01
3.004000000000000004e-01
4.894000000000000017e-01
4.361999999999999766e-01
2.442000000000000004e-01
1.874000000000000110e-01
8.480000000000000038e-02
2.060000000000000026e-02
1.679999999999999896e-02
2.139999999999999888e-02
3.200000000000000067e-02
3.379999999999999671e-02
3.579999999999999849e-02
2.939999999999999905e-02
1.899999999999999953e-02
1.460000000000000013e-02
2.100000000000000130e-02
2.139999999999999888e-02
6.160000000000000198e-02
1.400000000000000133e-01
2.386000000000000065e-01
4.099999999999999756e-01
4.487999999999999767e-01
4.378000000000000225e-01
4.398000000000000242e-01
4.941999999999999726e-01
3.310000000000000164e-01
1.983999999999999930e-01
1.305999999999999939e-01
1.539999999999999980e-01
1.089999999999999997e-01
5.879999999999999810e-02
4.420000000000000318e-02
2.759999999999999953e-02
1.480000000000000066e-02
1.340000000000000045e-02
8.999999999999999320e-03
4.599999999999999922e-03
4.680000000000000132e-02
5.059999999999999915e-02
3.059999999999999873e-02
2.860000000000000042e-02
2.440000000000000155e-02
4.100000000000000172e-02
5.519999999999999907e-02
5.399999999999999939e-02
2.840000000000000163e-02
1.140000000000000041e-02
1.420000000000000082e-02
9.199999999999999845e-03
3.520000000000000212e-02
2.239999999999999977e-02
8.519999999999999796e-02
1.653999999999999915e-01
1.719999999999999862e-01
1.155999999999999944e-01
5.759999999999999842e-02
4.680000000000000132e-02
2.939999999999999905e-02
3.880000000000000115e-02
4.259999999999999898e-02
3.799999999999999906e-02
3.640000000000000180e-02
3.459999999999999881e-02
2.340000000000000066e-02
2.580000000000000002e-02
2.599999999999999881e-02
4.000000000000000083e-02
4.939999999999999947e-02
7.420000000000000207e-02
1.102000000000000063e-01
1.444000000000000006e-01
1.774000000000000021e-01
1.932000000000000106e-01
1.784000000000000030e-01
2.043999999999999984e-01
2.051999999999999935e-01
2.013999999999999957e-01
2.139999999999999958e-01
3.104000000000000092e-01
4.188000000000000056e-01
4.573999999999999733e-01
4.630000000000000226e-01
4.521999999999999909e-01
4.471999999999999864e-01
4.255999999999999783e-01
3.094000000000000083e-01
2.846000000000000196e-01
2.949999999999999845e-01
1.758000000000000118e-01
2.084000000000000019e-01
1.875999999999999890e-01
1.496000000000000107e-01
1.605999999999999928e-01
2.280000000000000082e-01
3.771999999999999797e-01
4.687999999999999945e-01
4.119999999999999774e-01
3.751999999999999780e-01
3.135999999999999899e-01
2.462000000000000022e-01
2.817999999999999949e-01
2.896000000000000241e-01
2.816000000000000170e-01
2.381999999999999951e-01
1.622000000000000108e-01
1.930000000000000049e-01
2.574000000000000177e-01
2.426000000000000101e-01
2.305999999999999994e-01
2.515999999999999903e-01
2.434000000000000052e-01
3.095999999999999863e-01
3.366000000000000103e-01
3.390000000000000235e-01
3.271999999999999909e-01
3.622000000000000219e-01
4.364000000000000101e-01
4.682000000000000051e-01
5.086000000000000520e-01
4.717999999999999972e-01
4.808000000000000052e-01
4.849999999999999867e-01
4.858000000000000096e-01
5.125999999999999446e-01
4.673999999999999821e-01
4.173999999999999932e-01
3.371999999999999997e-01
2.697999999999999843e-01
2.349999999999999867e-01
2.109999999999999931e-01
2.116000000000000103e-01
2.227999999999999980e-01
2.591999999999999860e-01
3.456000000000000183e-01
4.776000000000000245e-01
5.018000000000000238e-01
4.838000000000000078e-01
4.902000000000000246e-01
3.256000000000000005e-01
2.587999999999999745e-01
2.265999999999999959e-01
3.760000000000000009e-01
4.554000000000000270e-01
4.349999999999999978e-01
4.219999999999999862e-01
4.269999999999999907e-01
4.052000000000000046e-01
3.977999999999999869e-01
3.916000000000000036e-01
4.215999999999999748e-01
4.494000000000000217e-01
4.696000000000000174e-01
4.747999999999999998e-01
4.274000000000000021e-01
3.851999999999999869e-01
4.195999999999999730e-01
4.348000000000000198e-01
4.832000000000000184e-01
3.613999999999999990e-01
4.169999999999999818e-01
3.204000000000000181e-01
3.221999999999999864e-01
1.638000000000000012e-01
1.522000000000000020e-01
1.892000000000000071e-01
2.908000000000000029e-01
2.540000000000000036e-01
2.856000000000000205e-01
2.505999999999999894e-01
1.275999999999999912e-01
5.500000000000000028e-02
1.165999999999999953e-01
1.223999999999999949e-01
1.514000000000000068e-01
6.900000000000000577e-02
4.580000000000000043e-02
2.000000000000000042e-02
2.680000000000000090e-02
3.500000000000000333e-02
4.580000000000000043e-02
3.839999999999999664e-02
2.040000000000000147e-02
1.540000000000000049e-02
2.139999999999999888e-02
1.420000000000000082e-02
2.900000000000000147e-02
6.300000000000000044e-02
7.920000000000000651e-02
1.045999999999999985e-01
1.089999999999999997e-01
1.005999999999999950e-01
8.240000000000000102e-02
4.059999999999999720e-02
2.299999999999999961e-02
1.700000000000000122e-02
2.479999999999999913e-02
9.799999999999999684e-03
9.799999999999999684e-03
7.799999999999999642e-03
1.340000000000000045e-02
4.400000000000000265e-03
3.799999999999999992e-03
6.000000000000000125e-03
3.799999999999999992e-03
4.199999999999999740e-03
8.999999999999999320e-03
1.020000000000000073e-02
1.099999999999999936e-02
1.239999999999999956e-02
1.280000000000000061e-02
1.460000000000000013e-02
2.040000000000000147e-02
3.080000000000000099e-02
2.500000000000000139e-02
2.740000000000000074e-02
4.080000000000000293e-02
6.479999999999999649e-02
5.220000000000000334e-02
6.320000000000000617e-02
5.879999999999999810e-02
4.379999999999999866e-02
3.599999999999999728e-02
3.359999999999999792e-02
4.179999999999999688e-02
5.500000000000000028e-02
8.400000000000000522e-02
1.371999999999999886e-01
1.262000000000000066e-01
9.299999999999999933e-02
7.979999999999999594e-02
9.400000000000000022e-02
2.137999999999999901e-01
2.883999999999999897e-01
2.796000000000000152e-01
2.743999999999999773e-01
2.521999999999999797e-01
1.768000000000000127e-01
1.068000000000000060e-01
5.340000000000000302e-02
6.079999999999999988e-02
8.100000000000000255e-02
1.174000000000000044e-01
1.165999999999999953e-01
8.959999999999999909e-02
9.420000000000000595e-02
1.696000000000000008e-01
1.351999999999999869e-01
5.779999999999999721e-02
2.019999999999999921e-02
1.420000000000000082e-02
2.380000000000000171e-02
2.239999999999999977e-02
1.319999999999999993e-02
2.920000000000000026e-02
3.479999999999999760e-02
6.800000000000000488e-02
8.300000000000000433e-02
1.161999999999999977e-01
1.194000000000000061e-01
1.577999999999999958e-01
1.902000000000000079e-01
2.810000000000000275e-01
4.732000000000000095e-01
3.479999999999999760e-01
2.949999999999999845e-01
3.320000000000000173e-01
4.593999999999999750e-01
4.726000000000000201e-01
5.006000000000000449e-01
4.945999999999999841e-01
4.693999999999999839e-01
4.431999999999999829e-01
4.530000000000000138e-01
3.724000000000000088e-01
3.075999999999999845e-01
1.988000000000000045e-01
1.323999999999999899e-01
9.279999999999999361e-02
6.460000000000000464e-02
5.700000000000000205e-02
5.199999999999999761e-02
6.160000000000000198e-02
6.239999999999999714e-02
6.660000000000000642e-02
8.459999999999999465e-02
6.560000000000000553e-02
3.960000000000000325e-02
3.579999999999999849e-02
2.980000000000000010e-02
2.699999999999999969e-02
2.319999999999999840e-02
2.160000000000000114e-02
2.620000000000000107e-02
3.320000000000000034e-02
3.300000000000000155e-02
7.099999999999999367e-02
9.979999999999999982e-02
1.044000000000000067e-01
1.322000000000000119e-01
1.106000000000000039e-01
1.228000000000000064e-01
1.554000000000000103e-01
1.731999999999999929e-01
2.006000000000000005e-01
2.670000000000000151e-01
3.281999999999999917e-01
3.760000000000000009e-01
3.791999999999999815e-01
3.513999999999999901e-01
3.099999999999999978e-01
3.079999999999999960e-01
2.810000000000000275e-01
3.109999999999999987e-01
4.391999999999999793e-01
4.249999999999999889e-01
4.683999999999999830e-01
4.304000000000000048e-01
4.176000000000000267e-01
3.698000000000000176e-01
2.856000000000000205e-01
2.210000000000000020e-01
2.272000000000000131e-01
1.751999999999999946e-01
1.229999999999999982e-01
9.260000000000000175e-02
7.499999999999999722e-02
4.939999999999999947e-02
3.620000000000000301e-02
2.599999999999999881e-02
1.880000000000000074e-02
1.499999999999999944e-02
1.319999999999999993e-02
1.340000000000000045e-02
1.220000000000000077e-02
1.940000000000000058e-02
2.359999999999999945e-02
3.099999999999999978e-02
5.999999999999999778e-02
5.539999999999999786e-02
6.019999999999999657e-02
1.102000000000000063e-01
1.076000000000000012e-01
5.619999999999999996e-02
3.099999999999999978e-02
4.619999999999999801e-02
4.340000000000000108e-02
3.020000000000000115e-02
2.659999999999999865e-02
3.039999999999999994e-02
7.900000000000000078e-02
1.456000000000000072e-01
1.257999999999999952e-01
1.456000000000000072e-01
1.991999999999999882e-01
2.006000000000000005e-01
2.701999999999999957e-01
3.201999999999999846e-01
4.136000000000000232e-01
4.848000000000000087e-01
3.943999999999999728e-01
3.059999999999999942e-01
2.109999999999999931e-01
1.534000000000000086e-01
1.110000000000000014e-01
1.059999999999999970e-01
8.880000000000000393e-02
7.340000000000000691e-02
7.340000000000000691e-02
6.840000000000000246e-02
5.720000000000000084e-02
6.759999999999999343e-02
7.439999999999999392e-02
8.920000000000000151e-02
9.120000000000000329e-02
1.219999999999999973e-01
1.491999999999999993e-01
1.719999999999999862e-01
2.434000000000000052e-01
2.959999999999999853e-01
3.392000000000000015e-01
3.518000000000000016e-01
3.854000000000000203e-01
3.840000000000000080e-01
4.069999999999999729e-01
4.269999999999999907e-01
4.265999999999999792e-01
4.143999999999999906e-01
3.950000000000000178e-01
4.067999999999999949e-01
4.918000000000000149e-01
2.401999999999999968e-01
1.035999999999999976e-01
4.259999999999999898e-02
2.599999999999999881e-02
1.559999999999999928e-02
1.280000000000000061e-02
5.000000000000000104e-03
9.400000000000000369e-03
1.359999999999999924e-02
2.980000000000000010e-02
3.620000000000000301e-02
4.599999999999999922e-02
3.819999999999999785e-02
5.260000000000000092e-02
8.959999999999999909e-02
9.560000000000000442e-02
1.449999999999999900e-01
2.031999999999999917e-01
2.379999999999999893e-01
3.154000000000000137e-01
3.512000000000000122e-01
3.613999999999999990e-01
4.248000000000000109e-01
4.235999999999999766e-01
4.580000000000000182e-01
4.646000000000000130e-01
3.477999999999999980e-01
2.431999999999999995e-01
3.101999999999999758e-01
4.344000000000000083e-01
2.591999999999999860e-01
2.323999999999999955e-01
1.955999999999999961e-01
1.942000000000000115e-01
1.716000000000000025e-01
1.703999999999999959e-01
2.194000000000000117e-01
2.492000000000000048e-01
2.706000000000000072e-01
2.883999999999999897e-01
3.296000000000000041e-01
3.854000000000000203e-01
4.818000000000000060e-01
4.341999999999999749e-01
3.124000000000000110e-01
2.564000000000000168e-01
2.154000000000000081e-01
1.975999999999999979e-01
1.953999999999999904e-01
1.885999999999999899e-01
2.011999999999999900e-01
2.222000000000000086e-01
2.462000000000000022e-01
2.548000000000000265e-01
2.929999999999999827e-01
3.130000000000000004e-01
3.254000000000000226e-01
3.449999999999999734e-01
3.824000000000000177e-01
3.855999999999999983e-01
3.956000000000000072e-01
4.341999999999999749e-01
4.500000000000000111e-01
4.506000000000000005e-01
4.666000000000000147e-01
4.798000000000000043e-01
4.657999999999999918e-01
4.848000000000000087e-01
4.597999999999999865e-01
4.623999999999999777e-01
4.511999999999999900e-01
4.285999999999999810e-01
3.971999999999999975e-01
3.810000000000000053e-01
3.780000000000000027e-01
3.917999999999999816e-01
4.072000000000000064e-01
4.007999999999999896e-01
4.188000000000000056e-01
4.188000000000000056e-01
4.218000000000000083e-01
4.212000000000000188e-01
4.404000000000000137e-01
4.537999999999999812e-01
4.484000000000000208e-01
4.351999999999999758e-01
4.314000000000000057e-01
4.434000000000000163e-01
4.268000000000000127e-01
4.657999999999999918e-01
4.699999999999999734e-01
4.727999999999999980e-01
4.571999999999999953e-01
4.457999999999999741e-01
4.374000000000000110e-01
4.348000000000000198e-01
4.567999999999999838e-01
4.384000000000000119e-01
4.544000000000000261e-01
4.302000000000000268e-01
4.030000000000000249e-01
2.740000000000000213e-01
2.514000000000000123e-01
7.180000000000000271e-02
5.580000000000000238e-02
5.879999999999999810e-02
7.320000000000000118e-02
7.359999999999999876e-02
8.740000000000000546e-02
1.052000000000000018e-01
1.001999999999999974e-01
1.120000000000000023e-01
1.188000000000000028e-01
1.315999999999999948e-01
1.048000000000000043e-01
9.139999999999999514e-02
7.159999999999999698e-02
7.199999999999999456e-02
1.053999999999999937e-01
1.213999999999999940e-01
1.728000000000000091e-01
2.018000000000000071e-01
2.389999999999999902e-01
2.952000000000000179e-01
2.963999999999999968e-01
3.583999999999999964e-01
3.808000000000000274e-01
4.092000000000000082e-01
4.863999999999999990e-01
4.359999999999999987e-01
4.242000000000000215e-01
3.778000000000000247e-01
3.351999999999999980e-01
3.523999999999999910e-01
4.205999999999999739e-01
4.046000000000000152e-01
4.067999999999999949e-01
4.351999999999999758e-01
4.988000000000000211e-01
4.255999999999999783e-01
3.519999999999999796e-01
2.590000000000000080e-01
2.119999999999999940e-01
1.867999999999999938e-01
1.930000000000000049e-01
1.532000000000000028e-01
1.353999999999999926e-01
1.025999999999999968e-01
1.243999999999999967e-01
1.297999999999999987e-01
1.390000000000000124e-01
1.350000000000000089e-01
1.097999999999999948e-01
