1.933999999999999886e-01
2.159999999999999976e-01
2.053999999999999992e-01
1.287999999999999978e-01
8.799999999999999489e-02
5.559999999999999665e-02
7.359999999999999876e-02
8.279999999999999860e-02
9.539999999999999869e-02
9.619999999999999385e-02
8.279999999999999860e-02
8.260000000000000675e-02
8.859999999999999820e-02
1.015999999999999959e-01
1.073999999999999955e-01
1.141999999999999960e-01
1.192000000000000004e-01
1.822000000000000008e-01
2.119999999999999940e-01
2.310000000000000109e-01
2.681999999999999940e-01
3.452000000000000068e-01
4.050000000000000266e-01
3.981999999999999984e-01
4.136000000000000232e-01
4.394000000000000128e-01
4.461999999999999855e-01
4.951999999999999735e-01
4.610000000000000209e-01
4.819999999999999840e-01
4.759999999999999787e-01
3.957999999999999852e-01
3.140000000000000013e-01
2.076000000000000068e-01
1.506000000000000116e-01
1.653999999999999915e-01
1.731999999999999929e-01
1.582000000000000073e-01
1.751999999999999946e-01
1.827999999999999903e-01
2.204000000000000126e-01
2.207999999999999963e-01
2.846000000000000196e-01
3.054000000000000048e-01
3.321999999999999953e-01
3.191999999999999837e-01
3.413999999999999813e-01
4.329999999999999960e-01
4.783999999999999919e-01
4.732000000000000095e-01
4.793999999999999928e-01
4.163999999999999924e-01
4.047999999999999932e-01
4.561999999999999944e-01
4.591999999999999971e-01
4.596000000000000085e-01
4.385999999999999899e-01
4.106000000000000205e-01
3.867999999999999772e-01
3.780000000000000027e-01
3.947999999999999843e-01
3.297999999999999821e-01
3.138000000000000234e-01
2.723999999999999755e-01
2.252000000000000113e-01
1.613999999999999879e-01
1.345999999999999974e-01
1.310000000000000053e-01
1.429999999999999882e-01
2.459999999999999964e-01
3.688000000000000167e-01
3.711999999999999744e-01
4.978000000000000203e-01
4.485999999999999988e-01
4.122000000000000108e-01
4.172000000000000153e-01
4.444000000000000172e-01
4.073999999999999844e-01
3.916000000000000036e-01
3.466000000000000192e-01
3.094000000000000083e-01
2.857999999999999985e-01
2.892000000000000126e-01
2.657999999999999807e-01
2.091999999999999971e-01
1.516000000000000125e-01
1.257999999999999952e-01
9.160000000000000087e-02
8.300000000000000433e-02
4.979999999999999705e-02
5.340000000000000302e-02
6.959999999999999520e-02
7.099999999999999367e-02
1.378000000000000058e-01
2.006000000000000005e-01
3.254000000000000226e-01
4.345999999999999863e-01
4.652000000000000024e-01
4.455999999999999961e-01
3.674000000000000044e-01
2.280000000000000082e-01
2.051999999999999935e-01
1.423999999999999988e-01
1.315999999999999948e-01
1.252000000000000057e-01
9.500000000000000111e-02
1.834000000000000075e-01
2.750000000000000222e-01
4.670000000000000262e-01
2.159999999999999976e-01
1.280000000000000027e-01
1.058000000000000052e-01
1.607999999999999985e-01
2.033999999999999975e-01
1.612000000000000099e-01
1.145999999999999935e-01
1.446000000000000063e-01
2.179999999999999993e-01
1.580000000000000016e-01
1.233999999999999958e-01
9.579999999999999627e-02
8.699999999999999400e-02
8.719999999999999973e-02
8.740000000000000546e-02
9.180000000000000659e-02
8.939999999999999336e-02
8.959999999999999909e-02
5.079999999999999793e-02
5.700000000000000205e-02
6.479999999999999649e-02
5.399999999999999939e-02
5.940000000000000141e-02
5.600000000000000117e-02
5.000000000000000278e-02
3.379999999999999671e-02
3.620000000000000301e-02
3.559999999999999970e-02
2.539999999999999897e-02
1.660000000000000017e-02
2.960000000000000131e-02
2.220000000000000098e-02
3.719999999999999696e-02
2.800000000000000058e-02
2.340000000000000066e-02
2.100000000000000130e-02
2.800000000000000058e-02
3.259999999999999704e-02
6.300000000000000044e-02
7.439999999999999392e-02
1.175999999999999962e-01
1.981999999999999873e-01
3.760000000000000009e-01
4.587999999999999856e-01
1.923999999999999877e-01
1.049999999999999961e-01
7.359999999999999876e-02
6.439999999999999891e-02
1.097999999999999948e-01
1.441999999999999948e-01
3.296000000000000041e-01
4.652000000000000024e-01
3.758000000000000229e-01
2.857999999999999985e-01
2.614000000000000212e-01
2.195999999999999897e-01
1.643999999999999906e-01
1.585999999999999910e-01
1.390000000000000124e-01
1.509999999999999953e-01
2.202000000000000068e-01
3.331999999999999962e-01
3.347999999999999865e-01
3.821999999999999842e-01
4.324000000000000066e-01
4.334000000000000075e-01
4.514000000000000234e-01
4.371999999999999775e-01
4.475999999999999979e-01
4.803999999999999937e-01
4.163999999999999924e-01
3.548000000000000043e-01
3.402000000000000024e-01
3.446000000000000174e-01
3.950000000000000178e-01
4.138000000000000012e-01
4.865999999999999770e-01
4.414000000000000146e-01
4.662000000000000033e-01
3.906000000000000028e-01
3.549999999999999822e-01
3.276000000000000023e-01
2.538000000000000256e-01
2.205999999999999905e-01
1.396000000000000019e-01
9.740000000000000047e-02
6.840000000000000246e-02
5.960000000000000020e-02
3.579999999999999849e-02
2.840000000000000163e-02
2.900000000000000147e-02
2.280000000000000082e-02
2.400000000000000050e-02
2.359999999999999945e-02
1.585999999999999910e-01
1.816000000000000114e-01
8.640000000000000457e-02
5.920000000000000262e-02
7.140000000000000513e-02
7.920000000000000651e-02
9.800000000000000377e-02
1.486000000000000099e-01
1.617999999999999994e-01
1.875999999999999890e-01
2.421999999999999986e-01
2.617999999999999772e-01
3.174000000000000155e-01
3.175999999999999934e-01
3.533999999999999919e-01
3.497999999999999998e-01
3.472000000000000086e-01
3.583999999999999964e-01
3.751999999999999780e-01
3.639999999999999902e-01
4.262000000000000233e-01
4.082000000000000073e-01
4.788000000000000034e-01
4.969999999999999973e-01
4.949999999999999956e-01
4.778000000000000025e-01
3.876000000000000001e-01
3.403999999999999804e-01
3.810000000000000053e-01
3.437999999999999945e-01
3.575999999999999734e-01
3.207999999999999741e-01
2.995999999999999774e-01
3.296000000000000041e-01
2.298000000000000043e-01
1.991999999999999882e-01
1.567999999999999949e-01
1.203999999999999931e-01
1.620000000000000051e-01
2.177999999999999936e-01
2.288000000000000034e-01
2.404000000000000026e-01
3.353999999999999759e-01
4.759999999999999787e-01
3.529999999999999805e-01
5.080000000000000071e-01
4.676000000000000156e-01
4.504000000000000226e-01
4.318000000000000171e-01
4.596000000000000085e-01
4.862000000000000210e-01
4.368000000000000216e-01
3.837999999999999745e-01
3.386000000000000121e-01
2.341999999999999915e-01
1.827999999999999903e-01
1.111999999999999933e-01
1.035999999999999976e-01
7.019999999999999851e-02
4.179999999999999688e-02
4.440000000000000197e-02
4.800000000000000100e-02
8.340000000000000191e-02
9.120000000000000329e-02
1.144000000000000017e-01
1.408000000000000085e-01
1.710000000000000131e-01
2.142000000000000015e-01
2.816000000000000170e-01
3.065999999999999837e-01
3.625999999999999779e-01
4.530000000000000138e-01
4.097999999999999976e-01
4.758000000000000007e-01
4.369999999999999996e-01
4.390000000000000013e-01
3.981999999999999984e-01
4.139999999999999791e-01
3.926000000000000045e-01
3.350000000000000200e-01
3.064000000000000057e-01
2.703999999999999737e-01
1.960000000000000075e-01
2.033999999999999975e-01
2.852000000000000091e-01
2.551999999999999824e-01
2.787999999999999923e-01
3.069999999999999951e-01
4.173999999999999932e-01
4.487999999999999767e-01
3.920000000000000151e-01
4.093999999999999861e-01
3.986000000000000099e-01
4.394000000000000128e-01
3.860000000000000098e-01
3.552000000000000157e-01
4.610000000000000209e-01
3.891999999999999904e-01
4.123999999999999888e-01
4.198000000000000065e-01
4.768000000000000016e-01
4.954000000000000070e-01
4.989999999999999991e-01
4.839999999999999858e-01
4.828000000000000069e-01
4.778000000000000025e-01
5.083999999999999631e-01
4.358000000000000207e-01
4.309999999999999942e-01
3.906000000000000028e-01
4.385999999999999899e-01
4.647999999999999909e-01
4.991999999999999771e-01
4.526000000000000023e-01
4.097999999999999976e-01
3.412000000000000033e-01
3.330000000000000182e-01
2.676000000000000045e-01
2.369999999999999885e-01
2.290000000000000091e-01
2.283999999999999919e-01
2.356000000000000039e-01
1.852000000000000035e-01
1.058000000000000052e-01
6.819999999999999674e-02
8.880000000000000393e-02
9.180000000000000659e-02
9.180000000000000659e-02
6.379999999999999560e-02
5.399999999999999939e-02
6.679999999999999827e-02
4.039999999999999841e-02
3.300000000000000155e-02
2.520000000000000018e-02
2.460000000000000034e-02
3.180000000000000188e-02
4.499999999999999833e-02
3.819999999999999785e-02
4.460000000000000075e-02
6.160000000000000198e-02
9.879999999999999893e-02
1.429999999999999882e-01
1.847999999999999921e-01
1.933999999999999886e-01
2.414000000000000035e-01
2.174000000000000099e-01
1.663999999999999924e-01
1.476000000000000090e-01
3.370000000000000218e-01
4.621999999999999997e-01
4.430000000000000049e-01
4.762000000000000122e-01
4.842000000000000193e-01
4.285999999999999810e-01
1.458000000000000129e-01
1.082000000000000045e-01
1.255999999999999894e-01
1.562000000000000055e-01
1.353999999999999926e-01
1.592000000000000082e-01
2.475999999999999868e-01
3.151999999999999802e-01
4.732000000000000095e-01
4.411999999999999811e-01
4.606000000000000094e-01
4.945999999999999841e-01
4.348000000000000198e-01
4.752000000000000113e-01
4.097999999999999976e-01
4.279999999999999916e-01
4.815999999999999726e-01
4.788000000000000034e-01
2.793999999999999817e-01
2.252000000000000113e-01
2.650000000000000133e-01
2.356000000000000039e-01
2.346000000000000030e-01
2.756000000000000116e-01
2.929999999999999827e-01
3.347999999999999865e-01
3.412000000000000033e-01
3.668000000000000149e-01
4.258000000000000118e-01
4.282000000000000250e-01
4.308000000000000163e-01
4.712000000000000077e-01
4.540000000000000147e-01
4.444000000000000172e-01
4.743999999999999884e-01
4.437999999999999723e-01
3.768000000000000238e-01
3.071999999999999731e-01
3.830000000000000071e-01
4.023999999999999799e-01
3.761999999999999789e-01
3.513999999999999901e-01
2.427999999999999881e-01
1.693999999999999950e-01
1.264000000000000123e-01
1.107999999999999957e-01
1.179999999999999938e-01
1.512000000000000011e-01
2.202000000000000068e-01
2.225999999999999923e-01
2.293999999999999928e-01
3.088000000000000189e-01
2.866000000000000214e-01
2.640000000000000124e-01
2.500000000000000000e-01
2.620000000000000107e-01
2.518000000000000238e-01
3.195999999999999952e-01
3.539999999999999813e-01
3.698000000000000176e-01
2.999999999999999889e-01
3.119999999999999996e-01
2.283999999999999919e-01
1.907999999999999974e-01
1.945999999999999952e-01
3.403999999999999804e-01
4.043999999999999817e-01
4.974000000000000088e-01
3.064000000000000057e-01
4.305999999999999828e-01
3.240000000000000102e-01
1.713999999999999968e-01
9.479999999999999538e-02
7.599999999999999811e-02
5.260000000000000092e-02
5.659999999999999754e-02
7.340000000000000691e-02
1.155999999999999944e-01
1.562000000000000055e-01
1.985999999999999988e-01
2.570000000000000062e-01
3.317999999999999838e-01
4.050000000000000266e-01
4.062000000000000055e-01
3.426000000000000156e-01
3.225999999999999979e-01
3.437999999999999945e-01
3.357999999999999874e-01
3.704000000000000070e-01
3.711999999999999744e-01
3.991999999999999993e-01
4.491999999999999882e-01
4.106000000000000205e-01
4.657999999999999918e-01
4.868000000000000105e-01
4.623999999999999777e-01
4.611999999999999988e-01
4.391999999999999793e-01
4.178000000000000047e-01
4.112000000000000099e-01
3.748000000000000220e-01
3.457999999999999963e-01
2.908000000000000029e-01
2.604000000000000203e-01
2.693999999999999728e-01
2.454000000000000070e-01
2.550000000000000044e-01
2.419999999999999929e-01
2.564000000000000168e-01
2.431999999999999995e-01
2.647999999999999798e-01
2.740000000000000213e-01
2.411999999999999977e-01
1.875999999999999890e-01
2.217999999999999972e-01
2.384000000000000008e-01
2.661999999999999922e-01
3.145999999999999908e-01
3.599999999999999867e-01
3.907999999999999807e-01
3.493999999999999884e-01
3.025999999999999801e-01
2.624000000000000221e-01
2.644000000000000239e-01
2.404000000000000026e-01
1.617999999999999994e-01
1.388000000000000067e-01
1.154000000000000026e-01
7.879999999999999505e-02
6.600000000000000311e-02
8.680000000000000215e-02
1.005999999999999950e-01
1.055999999999999994e-01
9.800000000000000377e-02
7.799999999999999989e-02
7.900000000000000078e-02
7.799999999999999989e-02
8.060000000000000497e-02
8.659999999999999643e-02
1.164000000000000035e-01
1.255999999999999894e-01
1.439999999999999891e-01
1.107999999999999957e-01
1.140000000000000041e-01
9.879999999999999893e-02
1.254000000000000115e-01
1.401999999999999913e-01
1.547999999999999932e-01
1.577999999999999958e-01
1.265999999999999903e-01
1.340000000000000080e-01
1.729999999999999871e-01
1.673999999999999932e-01
1.509999999999999953e-01
1.612000000000000099e-01
1.381999999999999895e-01
1.477999999999999869e-01
1.433999999999999997e-01
1.587999999999999967e-01
1.970000000000000084e-01
2.146000000000000130e-01
2.316000000000000003e-01
2.826000000000000179e-01
2.913999999999999924e-01
2.873999999999999888e-01
2.999999999999999889e-01
2.949999999999999845e-01
3.045999999999999819e-01
3.081999999999999740e-01
3.088000000000000189e-01
2.829999999999999738e-01
2.531999999999999806e-01
9.600000000000000200e-02
2.159999999999999976e-01
1.703999999999999959e-01
3.080000000000000099e-02
4.159999999999999809e-02
3.320000000000000034e-02
4.420000000000000318e-02
6.859999999999999432e-02
7.459999999999999964e-02
8.559999999999999554e-02
9.400000000000000022e-02
7.739999999999999658e-02
7.439999999999999392e-02
8.719999999999999973e-02
9.439999999999999780e-02
1.106000000000000039e-01
1.097999999999999948e-01
9.940000000000000224e-02
1.113999999999999990e-01
1.110000000000000014e-01
9.039999999999999425e-02
7.359999999999999876e-02
7.459999999999999964e-02
6.439999999999999891e-02
6.379999999999999560e-02
7.000000000000000666e-02
6.460000000000000464e-02
5.940000000000000141e-02
6.660000000000000642e-02
8.319999999999999618e-02
1.195999999999999980e-01
1.093999999999999972e-01
1.807999999999999885e-01
2.928000000000000047e-01
2.701999999999999957e-01
2.514000000000000123e-01
2.945999999999999730e-01
2.275999999999999968e-01
2.245999999999999941e-01
2.318000000000000060e-01
2.661999999999999922e-01
3.350000000000000200e-01
3.715999999999999859e-01
3.800000000000000044e-01
3.593999999999999972e-01
3.946000000000000063e-01
4.027999999999999914e-01
3.609999999999999876e-01
3.685999999999999832e-01
4.205999999999999739e-01
4.315999999999999837e-01
4.573999999999999733e-01
4.637999999999999901e-01
4.994000000000000106e-01
4.895999999999999797e-01
5.083999999999999631e-01
3.416000000000000147e-01
1.935999999999999943e-01
1.239999999999999991e-01
8.920000000000000151e-02
6.379999999999999560e-02
7.599999999999999811e-02
6.460000000000000464e-02
9.760000000000000620e-02
1.228000000000000064e-01
1.264000000000000123e-01
1.613999999999999879e-01
1.635999999999999954e-01
1.222000000000000031e-01
2.265999999999999959e-01
2.597999999999999754e-01
2.807999999999999940e-01
3.059999999999999942e-01
2.680000000000000160e-01
3.685999999999999832e-01
4.758000000000000007e-01
4.677999999999999936e-01
3.931999999999999940e-01
3.442000000000000060e-01
3.313999999999999724e-01
2.978000000000000091e-01
2.564000000000000168e-01
1.711999999999999911e-01
1.448000000000000120e-01
1.042000000000000010e-01
6.219999999999999835e-02
5.779999999999999721e-02
3.780000000000000027e-02
2.759999999999999953e-02
2.419999999999999929e-02
2.280000000000000082e-02
2.160000000000000114e-02
1.700000000000000122e-02
1.739999999999999880e-02
1.980000000000000163e-02
2.139999999999999888e-02
1.600000000000000033e-02
1.779999999999999985e-02
3.679999999999999938e-02
1.839999999999999969e-02
8.800000000000000530e-03
7.400000000000000328e-03
6.799999999999999621e-03
3.799999999999999992e-03
8.000000000000000167e-03
5.599999999999999943e-03
2.799999999999999972e-03
9.400000000000000369e-03
2.100000000000000130e-02
5.979999999999999899e-02
8.780000000000000304e-02
1.232000000000000040e-01
1.726000000000000034e-01
2.666000000000000036e-01
3.048000000000000154e-01
3.331999999999999962e-01
2.134000000000000064e-01
1.584000000000000130e-01
2.336000000000000021e-01
3.768000000000000238e-01
4.928000000000000158e-01
3.274000000000000243e-01
2.116000000000000103e-01
1.655999999999999972e-01
9.840000000000000135e-02
9.360000000000000264e-02
1.134000000000000008e-01
1.854000000000000092e-01
1.794000000000000039e-01
2.518000000000000238e-01
3.184000000000000163e-01
3.559999999999999831e-01
3.383999999999999786e-01
3.691999999999999726e-01
3.761999999999999789e-01
3.340000000000000191e-01
3.019999999999999907e-01
3.045999999999999819e-01
3.685999999999999832e-01
3.927999999999999825e-01
3.427999999999999936e-01
2.849999999999999756e-01
3.277999999999999803e-01
3.791999999999999815e-01
3.306000000000000050e-01
3.257999999999999785e-01
3.628000000000000114e-01
3.891999999999999904e-01
4.010000000000000231e-01
4.511999999999999900e-01
4.680000000000000271e-01
4.677999999999999936e-01
3.940000000000000169e-01
4.308000000000000163e-01
4.460000000000000075e-01
4.375999999999999890e-01
4.796000000000000263e-01
4.640000000000000235e-01
4.481999999999999873e-01
4.603999999999999759e-01
4.613999999999999768e-01
3.881999999999999895e-01
3.778000000000000247e-01
3.184000000000000163e-01
2.873999999999999888e-01
2.959999999999999853e-01
2.882000000000000117e-01
3.323999999999999733e-01
3.245999999999999996e-01
3.181999999999999829e-01
3.234000000000000208e-01
2.436000000000000110e-01
2.081999999999999962e-01
2.484000000000000097e-01
3.250000000000000111e-01
4.067999999999999949e-01
4.540000000000000147e-01
4.762000000000000122e-01
4.435999999999999943e-01
4.988000000000000211e-01
4.023999999999999799e-01
2.585999999999999965e-01
1.819999999999999951e-01
1.784000000000000030e-01
1.615999999999999936e-01
2.096000000000000085e-01
2.288000000000000034e-01
2.898000000000000020e-01
3.917999999999999816e-01
4.567999999999999838e-01
4.825999999999999734e-01
4.699999999999999734e-01
4.264000000000000012e-01
4.089999999999999747e-01
4.430000000000000049e-01
2.361999999999999933e-01
2.049999999999999878e-01
1.910000000000000031e-01
2.039999999999999869e-01
2.291999999999999871e-01
2.421999999999999986e-01
1.297999999999999987e-01
6.900000000000000577e-02
4.880000000000000310e-02
3.740000000000000269e-02
2.620000000000000107e-02
2.460000000000000034e-02
6.859999999999999432e-02
1.179999999999999938e-01
1.842000000000000026e-01
2.837999999999999967e-01
4.732000000000000095e-01
3.556000000000000272e-01
2.626000000000000001e-01
2.104000000000000037e-01
1.991999999999999882e-01
1.728000000000000091e-01
1.791999999999999982e-01
2.437999999999999889e-01
2.442000000000000004e-01
3.311999999999999944e-01
2.581999999999999851e-01
2.989999999999999880e-01
3.281999999999999917e-01
4.022000000000000020e-01
3.699999999999999956e-01
3.542000000000000148e-01
3.231999999999999873e-01
2.358000000000000096e-01
2.088000000000000134e-01
1.607999999999999985e-01
9.460000000000000353e-02
9.299999999999999933e-02
2.049999999999999878e-01
2.396000000000000074e-01
3.095999999999999863e-01
3.658000000000000140e-01
3.840000000000000080e-01
1.917999999999999983e-01
2.883999999999999897e-01
3.890000000000000124e-01
3.738000000000000211e-01
4.583999999999999742e-01
4.803999999999999937e-01
4.073999999999999844e-01
2.780000000000000249e-01
2.630000000000000115e-01
2.106000000000000094e-01
1.930000000000000049e-01
2.036000000000000032e-01
2.328000000000000069e-01
2.301999999999999880e-01
2.134000000000000064e-01
2.265999999999999959e-01
2.938000000000000056e-01
4.020000000000000240e-01
4.949999999999999956e-01
4.803999999999999937e-01
4.949999999999999956e-01
4.248000000000000109e-01
4.530000000000000138e-01
4.742000000000000104e-01
4.551999999999999935e-01
4.435999999999999943e-01
3.771999999999999797e-01
3.028000000000000136e-01
2.088000000000000134e-01
2.084000000000000019e-01
1.895999999999999908e-01
2.126000000000000112e-01
2.500000000000000000e-01
2.584000000000000186e-01
2.782000000000000028e-01
3.224000000000000199e-01
3.331999999999999962e-01
4.107999999999999985e-01
4.652000000000000024e-01
4.769999999999999796e-01
4.650000000000000244e-01
4.918000000000000149e-01
4.345999999999999863e-01
3.427999999999999936e-01
3.055999999999999828e-01
2.999999999999999889e-01
3.691999999999999726e-01
3.599999999999999867e-01
3.593999999999999972e-01
3.503999999999999893e-01
3.778000000000000247e-01
3.380000000000000226e-01
3.184000000000000163e-01
2.617999999999999772e-01
3.393999999999999795e-01
3.901999999999999913e-01
4.374000000000000110e-01
3.496000000000000218e-01
1.799999999999999933e-01
1.567999999999999949e-01
1.522000000000000020e-01
1.981999999999999873e-01
5.000000000000000278e-02
1.739999999999999880e-02
1.540000000000000049e-02
4.599999999999999922e-02
5.360000000000000181e-02
8.340000000000000191e-02
1.681999999999999884e-01
2.101999999999999980e-01
2.431999999999999995e-01
3.094000000000000083e-01
3.664000000000000035e-01
3.548000000000000043e-01
3.280000000000000138e-01
4.223999999999999977e-01
4.763999999999999901e-01
4.148000000000000020e-01
4.769999999999999796e-01
4.475999999999999979e-01
4.576000000000000068e-01
4.762000000000000122e-01
4.563999999999999724e-01
3.781999999999999806e-01
