-1.443871925805301770e-01 7.496680395050853152e-02
-1.414223631640921797e-01 8.120664873599278688e-02
-1.458696072887491757e-01 7.199551143277801990e-02
-1.461660902303929810e-01 7.141286804581721548e-02
-1.479449878802557850e-01 6.799687121706082804e-02
-1.455731243471053704e-01 7.258200360994415679e-02
-1.432012608139549836e-01 7.741456056810025466e-02
-1.319349090314906048e-01 1.040185939091089334e-01
-1.147388984161502451e-01 1.578700323126399907e-01
-1.028795807503982973e-01 2.057011360082986462e-01
-7.827149659396295811e-02 3.361995299905439216e-01
-5.870362244547223246e-02 4.710382183974096693e-01
-4.536189007150127211e-02 5.776771447487902833e-01
-3.172367475588650648e-02 6.970688840883159099e-01
-7.115590599451179429e-03 9.304375823302792892e-01
7.412073541094977777e-03 9.275468905428219113e-01
2.638698180629811887e-02 7.461131743107052294e-01
2.549753298136672730e-02 7.543934791309931942e-01
-9.487454132601571416e-03 9.073406465970995649e-01
-3.142719181424270813e-02 6.997631148740800500e-01
-4.061816300520047773e-02 6.181285027002140220e-01
-5.040210007944585097e-02 5.361006550949052318e-01
-4.862320242958305394e-02 5.506030392940450824e-01
-4.980913419615826121e-02 5.409135574273699065e-01
-4.951265125451445592e-02 5.433279985817213165e-01
-5.455286126245904171e-02 5.030191806303059288e-01
-5.633175891232183874e-02 4.891756009938119654e-01
-5.158803184602105130e-02 5.265393238943145704e-01
-5.158803184602105130e-02 5.265393238943145704e-01
-5.395989537917145196e-02 5.076788297393297622e-01
-4.980913419615826121e-02 5.409135574273699065e-01
-5.247748067095245328e-02 5.194253481110322479e-01
-4.684430477972026385e-02 5.652939792471884939e-01
-4.980913419615826121e-02 5.409135574273699065e-01
-6.522624716163581693e-02 4.231078096129455846e-01
-8.212577483533235745e-02 3.128715399845397038e-01
-1.079197907583429039e-01 1.842348065684406011e-01
-1.277841478484774140e-01 1.154642006152676176e-01
-1.452766414054615651e-01 7.317236175866814740e-02
-1.517992661216251427e-01 6.105113551165468333e-02
-1.541711296547755572e-01 5.707385787026122287e-02
-1.538746467131317519e-01 5.755903576041646041e-02
-1.479449878802557850e-01 6.799687121706082804e-02
-1.417188461057360127e-01 8.056446710318321269e-02
-1.393469825725855704e-01 8.581787909262807157e-02
-1.357891872728600180e-01 9.420802694357188756e-02
-1.357891872728600180e-01 9.420802694357188756e-02
-1.334173237397096035e-01 1.001542637938631075e-01
-1.239298696071080425e-01 1.269484857253959653e-01
-1.165177960660130768e-01 1.514819803124435593e-01
-1.055479272251924755e-01 1.941226826678389139e-01
-1.013971660421793125e-01 2.123442977666193665e-01
-9.457805838437192969e-02 2.448778534628600623e-01
-8.805543366820833828e-02 2.790937805667092486e-01
-8.420115542683895282e-02 3.007583610275597064e-01
-8.034687718546955348e-02 3.235039408163397079e-01
-7.708556482738777860e-02 3.435947177508160699e-01
-7.352776952766218455e-02 3.663915630135512469e-01
-6.552273010327960834e-02 4.209985332258585622e-01
-6.315086657012922156e-02 4.380432981770336909e-01
-5.988955421204742585e-02 4.621091904392963245e-01
-6.137196892026642453e-02 4.510806584565586475e-01
-6.611569598656720503e-02 4.167983588330201883e-01
-6.433679833670441495e-02 4.294722720994228471e-01
-6.492976421999201164e-02 4.252231985377508128e-01
-6.344734951177301296e-02 4.358914596311522782e-01
-6.344734951177301296e-02 4.358914596311522782e-01
-6.878404246136139710e-02 3.982027141488467814e-01
-6.374383245341681825e-02 4.337456682186658918e-01
-6.611569598656720503e-02 4.167983588330201883e-01
-6.552273010327960834e-02 4.209985332258585622e-01
-7.530666717752497463e-02 3.548787408868433468e-01
-7.056294011122418719e-02 3.860852451760948822e-01
-5.781417362054082354e-02 4.777963516192144100e-01
-5.307044655424004997e-02 5.147101333126655742e-01
-4.714078772136406220e-02 5.628325879478939253e-01
-5.781417362054082354e-02 4.777963516192144100e-01
-7.649259894410016802e-02 3.473305851482736406e-01
-9.932178545067270325e-02 2.219004069689727299e-01
-1.085127566416304729e-01 1.818215535488938439e-01
-1.171107619493006735e-01 1.493965365637330567e-01
-1.301560113816278008e-01 1.088095184964528450e-01
-1.322313919731344101e-01 1.032364892775124582e-01
-1.360856702145037955e-01 9.348487417408203604e-02
-1.532816808298441413e-01 5.853957767912682658e-02
-1.589148567210763308e-01 4.975843910180737656e-02
-1.672163790871027123e-01 3.883230358571816004e-02
-1.698847255618968766e-01 3.578070939246891929e-02
-1.663269302621713241e-01 3.989695018882857824e-02
-1.494274025884747559e-01 6.525290607256838127e-02
-1.242263525487518477e-01 1.260349640212920785e-01
-9.606047309259091449e-02 2.375264813794352448e-01
-8.360818954355135613e-02 3.041872633676573900e-01
-7.145238893615558917e-02 3.801110307813641009e-01
-4.921616831287065758e-02 5.457477395487861926e-01
-1.363821531561476043e-02 8.671184675178263968e-01
-1.660304473205275258e-02 8.385893692449536418e-01
-2.609049886465432400e-02 7.488701052228343702e-01
-4.239706065506327476e-02 6.028154322422107914e-01
-6.137196892026642453e-02 4.510806584565586475e-01
-7.767853071067537529e-02 3.398843585695746627e-01
-6.107548597862261924e-02 4.532744925576422945e-01
-5.484934420410284006e-02 5.006977743033890205e-01
-4.773375360465165890e-02 5.579252225941291332e-01
-3.676388476383109227e-02 6.518688709480365828e-01
-3.261312358081790846e-02 6.890089730484230124e-01
-2.846236239780471772e-02 7.269064540756902115e-01
-2.816587945616091937e-02 7.296402116268713156e-01
-3.824629947205008401e-02 6.388032218287085229e-01
-4.239706065506327476e-02 6.028154322422107914e-01
-4.773375360465165890e-02 5.579252225941291332e-01
-6.077900303697882090e-02 4.554742759807657304e-01
-6.107548597862261924e-02 4.532744925576422945e-01
-6.789459363643000900e-02 4.043455626037896211e-01
-7.174887187779939446e-02 3.781321935963011249e-01
-6.730162775314239842e-02 4.084717983909711414e-01
-6.433679833670441495e-02 4.294722720994228471e-01
-6.404031539506060966e-02 4.316059353132889465e-01
-6.552273010327960834e-02 4.209985332258585622e-01
-6.759811069478620371e-02 4.064055859092239320e-01
-7.115590599451178389e-02 3.820961561382232308e-01
-6.226141774519781957e-02 4.445349800368063597e-01
-6.018603715369122420e-02 4.598916382854670859e-01
-6.048252009533502255e-02 4.576799956464069341e-01
-6.374383245341681825e-02 4.337456682186658918e-01
-6.759811069478620371e-02 4.064055859092239320e-01
-5.988955421204742585e-02 4.621091904392963245e-01
-6.374383245341681825e-02 4.337456682186658918e-01
-4.684430477972026385e-02 5.652939792471884939e-01
-1.482414708218995555e-02 8.556841003043771376e-01
3.202015769753030483e-02 6.943784302114590634e-01
5.633175891232183874e-02 4.891756009938119654e-01
6.759811069478620371e-02 4.064055859092239320e-01
8.093984306875716406e-02 3.199342018916918606e-01
7.827149659396295811e-02 3.361995299905439216e-01
7.708556482738777860e-02 3.435947177508160699e-01
8.005039424382576208e-02 3.252984096087256916e-01
1.064373760501238775e-01 1.903704910752466173e-01
1.417188461057360127e-01 8.056446710318321269e-02
1.808545944027174501e-01 2.527434123321661494e-02
2.167290303416171682e-01 7.126689316240140265e-03
2.466738074476408915e-01 2.113459524470178916e-03
2.819552775032529990e-01 4.141347557401873114e-04
3.261312358081790985e-01 3.888701660104734839e-05
3.717896088213241690e-01 2.225268298865799055e-06
4.144831524180311866e-01 1.001905209747274847e-07
4.651817354391208359e-01 1.376415124999240841e-09
5.025385860862395804e-01 3.615756402515430753e-11
5.410813684999334905e-01 5.172927526122356497e-13
5.713226285476008526e-01 1.238992373432057155e-14
5.953377468207486922e-01 4.817428565217097213e-16
6.089759621363634023e-01 6.734326815579754042e-17
6.131267233193765653e-01 3.630778302068868546e-17
6.113478256695138446e-01 4.736581237822706301e-17
6.119407915528013442e-01 4.335680533417082191e-17
6.003779568286932156e-01 2.353659182564363180e-16
5.929658832875982499e-01 6.719400921966541016e-16
5.840713950382843134e-01 2.284849530272492009e-15
5.671718673645878006e-01 2.115180082642996829e-14
5.499758567492474270e-01 1.794346826920578539e-13
5.410813684999334905e-01 5.172927526122356497e-13
5.218099772930865354e-01 4.623665255896166339e-12
5.093576937440469354e-01 1.772213062800074236e-11
5.016491372613081090e-01 3.963603224077580564e-11
4.945335466618569487e-01 8.186848453831469407e-11
4.933476148952817830e-01 9.224012560992524097e-11
4.960159613700759751e-01 7.048276239346460454e-11
5.060963813859651328e-01 2.497354187669715056e-11
5.161768014018542905e-01 8.548638013340548664e-12
5.241818408262368667e-01 3.557349446072150702e-12
5.390059879084267980e-01 6.593227582644527139e-13
5.547195838155482006e-01 1.007063716732300376e-13
5.716191114892447134e-01 1.192208957558736503e-14
5.846643609215719239e-01 2.108266101633561874e-15
5.971166444706114129e-01 3.746681618879930989e-16
6.095689280196511239e-01 6.168885103779387224e-17
6.226141774519782235e-01 8.544807444233882996e-18
6.318051486429359098e-01 2.005855523549997504e-18
6.418855686588251785e-01 3.866773148203334176e-19
6.495941251415638940e-01 1.052918269323201651e-19
6.481117104333449230e-01 1.356133036901228170e-19
6.463328127834822023e-01 1.833966818701201921e-19
6.436644663086878992e-01 2.873467197182137762e-19
6.377348074758120156e-01 7.672621669557568072e-19
6.276543874599227468e-01 3.882712030687532452e-18
6.152021039108832579e-01 2.656852198878253975e-17
5.941518150541733601e-01 5.691427428162310793e-16
5.722120773725323239e-01 1.103747030129200015e-14
5.395989537917144085e-01 6.152736356799141107e-13
5.129154890437724879e-01 1.213946825948706972e-11
4.841566437043239857e-01 2.289479228478127953e-10
4.497646224736432385e-01 5.464650562919427842e-09
4.162620500678940183e-01 8.720266797389526855e-08
3.836489264870761029e-01 9.820725876252793704e-07
3.581513935057092923e-01 5.481315842610854765e-06
3.293925481662608457e-01 3.216397226408539367e-05
3.065633616596882827e-01 1.161552241934161122e-04
3.062668787180445329e-01 1.180288534964114063e-04
2.976688734103743461e-01 1.863498729581635881e-04
2.929251463440735725e-01 2.383098182033187621e-04
2.985583222353057065e-01 1.778671255019210399e-04
2.955934928188677091e-01 2.076284821901422102e-04
2.994477710602371223e-01 1.697449700268295245e-04
3.018196345933875091e-01 1.497429461120016402e-04
3.080457763679072536e-01 1.071965016934879904e-04
3.160508157922898853e-01 6.898091147878085937e-05
3.249453040416038219e-01 4.164367413858472539e-05
3.412518658320127796e-01 1.583510495021851224e-05
3.522217346728333531e-01 8.008872584014570831e-06
3.578549105640655981e-01 5.587246951923910727e-06
3.646740182218729531e-01 3.579976487741241888e-06
3.649705011635167584e-01 3.510540925592681031e-06
3.602267740972159293e-01 4.791373553957551768e-06
3.510358029062581875e-01 8.632035079154255273e-06
3.415483487736566404e-01 1.555123227771511218e-05
3.193121281503716880e-01 5.743262235119296844e-05
3.030055663599626747e-01 1.405871854333970591e-04
2.866990045695537725e-01 3.270009550000794844e-04
2.730607892539390069e-01 6.377905478482659429e-04
2.712818916040761752e-01 6.941256723820466053e-04
2.662416815961315963e-01 8.795351689633793945e-04
2.671311304210630122e-01 8.438253188065073223e-04
2.617944374714746281e-01 1.079796364239345120e-03
2.499351198057226664e-01 1.834608436775874091e-03
2.282918650657253523e-01 4.536361507822605187e-03
2.087239909172345920e-01 9.620393253227372751e-03
1.767038332197043149e-01 2.888849074317525675e-02
1.473520219969681744e-01 6.912043905713827208e-02
1.378645678643665995e-01 8.923809293696270684e-02
1.197791084240948517e-01 1.402796853807732336e-01
1.260052501986146101e-01 1.206599088162962907e-01
1.443871925805301770e-01 7.496680395050853152e-02
1.722565890950473189e-01 3.324062318246848169e-02
1.909350144186066356e-01 1.807099341200752232e-02
2.116888203336726171e-01 8.618905911523765812e-03
2.303672456572319338e-01 4.173364089749721263e-03
2.419300803813400902e-01 2.588013677033301069e-03
2.330355921320261536e-01 3.745068767606279155e-03
2.386687680232582598e-01 2.968146981071563897e-03
2.318496603654509047e-01 3.930284128998563602e-03
2.149501326917543920e-01 7.624844666321477574e-03
1.959752244265512144e-01 1.519111910373134589e-02
1.814475602860050885e-01 2.479108113511654596e-02
1.633621008457333268e-01 4.362442303643918745e-02
1.440907096388863717e-01 7.557279793156508607e-02
1.260052501986146101e-01 1.206599088162962907e-01
9.902530250902891185e-02 2.232900733959704287e-01
7.708556482738777860e-02 3.435947177508160699e-01
5.959307127040363444e-02 4.643326384597320500e-01
4.891968537122685229e-02 5.481727599670809248e-01
3.943223123862528434e-02 6.284297924686068626e-01
4.032168006355668632e-02 6.206969709910064026e-01
2.964829416437991111e-02 7.160061171722618134e-01
2.460808415643532879e-02 7.627018295362357758e-01
2.045732297342214151e-02 8.018185775483293032e-01
2.016084003177834316e-02 8.046328177724200170e-01
7.115590599451179429e-03 9.304375823302792892e-01
-5.929658832875982135e-04 9.941958928102592186e-01
-5.929658832875982569e-03 9.420090616967976560e-01
2.964829416437991067e-04 9.970979274004432291e-01
-4.743727066300785708e-03 9.535926721610885615e-01
-4.447244124656986493e-03 9.564901871408936218e-01
1.008042001588917158e-02 9.015777484609692749e-01
2.164325473999733837e-02 7.905873935986582612e-01
3.142719181424270813e-02 6.997631148740800500e-01
3.824629947205008401e-02 6.388032218287085229e-01
3.706036770547489062e-02 6.492470972426016562e-01
3.468850417232450384e-02 6.703392096267499767e-01
2.757291357287331920e-02 7.351179139191905687e-01
2.105028885670973821e-02 7.961977612492739942e-01
1.808545944027174779e-02 8.244007875952082953e-01
1.185931766575196427e-03 9.883920896866599248e-01
-7.412073541094977777e-03 9.275468905428219113e-01
-1.630656179040895423e-02 8.414334856400400575e-01
-1.363821531561476043e-02 8.671184675178263968e-01
-1.274876649068336365e-02 8.757124792136103952e-01
-1.630656179040895423e-02 8.414334856400400575e-01
-1.808545944027174779e-02 8.244007875952082953e-01
-2.786939651451711755e-02 7.323773754862044072e-01
-4.921616831287065758e-02 5.457477395487861926e-01
-6.196493480355402123e-02 4.467108895906160004e-01
-4.447244124656987013e-02 5.851672042832731790e-01
-2.638698180629811887e-02 7.461131743107052294e-01
-7.708556482738777860e-03 9.246571451663863073e-01
2.905532828109231788e-02 7.214492841993171979e-01
5.010561713780205262e-02 5.385044362657284145e-01
7.352776952766218455e-02 3.663915630135512469e-01
9.042729720135872507e-02 2.662971688725088715e-01
8.894488249313974026e-02 2.742473685551022888e-01
8.775895072656454687e-02 2.807219880476723439e-01
8.212577483533235745e-02 3.128715399845397038e-01
8.686950190163314489e-02 2.856448644875086429e-01
9.190971190957773762e-02 2.585054666374553278e-01
9.042729720135872507e-02 2.662971688725088715e-01
8.331170660190755084e-02 3.059113150685330851e-01
7.827149659396295811e-02 3.361995299905439216e-01
6.908052540300518851e-02 3.961675330162681696e-01
5.959307127040363444e-02 4.643326384597320500e-01
4.980913419615826121e-02 5.409135574273699065e-01
3.972871418026908269e-02 6.258476416905683903e-01
4.002519712191288104e-02 6.232700258990213626e-01
4.328650947999467674e-02 5.952228501484999601e-01
3.528147005561209359e-02 6.650411922526084929e-01
3.439202123068069855e-02 6.729943383228373932e-01
4.091464594684428302e-02 6.155646465962631986e-01
6.137196892026642453e-02 4.510806584565586475e-01
7.856797953560677727e-02 3.343666959025654029e-01
9.902530250902891185e-02 2.232900733959704287e-01
1.289700796150526074e-01 1.120983064239347154e-01
1.606937543709391070e-01 4.722394966320664356e-02
1.974576391347702409e-01 1.442412897279587471e-02
2.306637285988757391e-01 4.123694553098176431e-03
2.706889257207886201e-01 7.138985847313168882e-04
2.858095557446223567e-01 3.419185804722962895e-04
2.991512881185933170e-01 1.724131716911734625e-04
3.071563275429758932e-01 1.124909782894707694e-04
2.961864587021553197e-01 2.013291018092704424e-04
2.976688734103743461e-01 1.863498729581635881e-04
2.875884533944851329e-01 3.126882797260852704e-04
2.644627839462688201e-01 9.551493219886567380e-04
2.425230462646277008e-01 2.523834887433215862e-03
2.158395815166858078e-01 7.372030838369841334e-03
1.876737020605248607e-01 2.017706377689836711e-02
1.624726520208019109e-01 4.479788082333127641e-02
1.437942266972425664e-01 7.618274388474718939e-02
1.233369037238204458e-01 1.287908251484515543e-01
1.132564837079312742e-01 1.633460027612821663e-01
9.932178545067270325e-02 2.219004069689727299e-01
9.309564367615293101e-02 2.523858250901062639e-01
9.279916073450913960e-02 2.539062796430360813e-01
9.368860955944052771e-02 2.493637939966689143e-01
9.161322896793393233e-02 2.600511546084796621e-01
9.546750720930331779e-02 2.404482904223856909e-01
9.635695603423471978e-02 2.360749260676175687e-01
9.309564367615293101e-02 2.523858250901062639e-01
8.716598484327695018e-02 2.839975271296167336e-01
8.182929189368856604e-02 3.146276022038722586e-01
7.234183776108699115e-02 3.741934088273713988e-01
5.929658832875982222e-02 4.665619685091459967e-01
4.862320242958305394e-02 5.506030392940450824e-01
4.180409477177567806e-02 6.079010046257529165e-01
2.816587945616091937e-02 7.296402116268713156e-01
1.630656179040895423e-02 8.414334856400400575e-01
6.819107657807380214e-03 9.333291829600072198e-01
1.126635178246436671e-02 8.900676414656445434e-01
7.115590599451179429e-03 9.304375823302792892e-01
4.150761183013188145e-03 9.593882714367604203e-01
3.557795299725589715e-03 9.651859965367522998e-01
5.040210007944585791e-03 9.506957643301321426e-01
4.743727066300785708e-03 9.535926721610885615e-01
9.190971190957773068e-03 9.102239267136499334e-01
1.689952767369655093e-02 8.357473386901990153e-01
1.630656179040895423e-02 8.414334856400400575e-01
3.231664063917410318e-02 6.916917832445974579e-01
4.239706065506327476e-02 6.028154322422107914e-01
5.751769067889703907e-02 4.800606726505796118e-01
7.234183776108699115e-02 3.741934088273713988e-01
9.250267779286532044e-02 2.554330344410288833e-01
1.144424154745064676e-01 1.589540643170408718e-01
1.280806307901212193e-01 1.146154408126618257e-01
1.390504996309417929e-01 8.649339833351722684e-02
1.627691349624457162e-01 4.440383373123823335e-02
1.790756967528546462e-01 2.677283904234578973e-02
1.947892926599760488e-01 1.583007492885302528e-02
2.102064056254535906e-01 9.107490075827694154e-03
2.211762744662741642e-01 6.005596054279806542e-03
2.318496603654509047e-01 3.930284128998563602e-03
2.466738074476408915e-01 2.113459524470178916e-03
2.523069833388730809e-01 1.653303655822778310e-03
2.644627839462688201e-01 9.551493219886567380e-04
2.819552775032529990e-01 4.141347557401873114e-04
2.941110781106487382e-01 2.241876370800591580e-04
2.893673510443479646e-01 2.857887183821794085e-04
2.816587945616091937e-01 4.202366562663778222e-04
2.914427316358545461e-01 2.571244459863560408e-04
3.027090834183189250e-01 1.428258712010894483e-04
2.947040439939363488e-01 2.174219464372267440e-04
2.804728627950339725e-01 4.454848152424109651e-04
2.656487157128440413e-01 9.041066954716148749e-04
2.434124950895591166e-01 2.430266364473296966e-03
2.276988991824377417e-01 4.645150598166109326e-03
2.288848309490129351e-01 4.429862876378911837e-03
2.309602115405195166e-01 4.074556713584001795e-03
2.291813138906567682e-01 4.377459388248882907e-03
2.214727574079179695e-01 5.936780707878020966e-03
2.063521273840842052e-01 1.049415236734180766e-02
1.944928097183322158e-01 1.599342380925915241e-02
1.811510773443612554e-01 2.503171156256107574e-02
1.583218908377887202e-01 5.062796567452904073e-02
1.479449878802557850e-01 6.799687121706082804e-02
1.343067725646410193e-01 9.789062531314113302e-02
1.185931766575196444e-01 1.442778897652365333e-01
1.040655125169735046e-01 2.004952656344090867e-01
9.487454132601572110e-02 2.433950768851260715e-01
8.093984306875716406e-02 3.199342018916918606e-01
7.382425246930598983e-02 3.644569096425660515e-01
6.404031539506060966e-02 4.316059353132889465e-01
6.670866186985480173e-02 4.126227550094826446e-01
7.115590599451178389e-02 3.820961561382232308e-01
7.886446247725056868e-02 3.325402515855780949e-01
8.953784837642732308e-02 2.710482346465626913e-01
9.309564367615293101e-02 2.523858250901062639e-01
1.165177960660130768e-01 1.514819803124435593e-01
1.443871925805301770e-01 7.496680395050853152e-02
1.580254078961449427e-01 5.106743286649655794e-02
1.606937543709391070e-01 4.722394966320664356e-02
1.598043055460077466e-01 4.847742420566811261e-02
1.506133343550499493e-01 6.312341774767342428e-02
1.384575337476542101e-01 8.785718776847366296e-02
1.227439378405328491e-01 1.306536638712747778e-01
1.147388984161502451e-01 1.578700323126399907e-01
1.052514442835486980e-01 1.953852772556970430e-01
1.019901319254669092e-01 2.096688543504385827e-01
9.843233662574131515e-02 2.260878733589901379e-01
9.991475133396031383e-02 2.191394989321321374e-01
1.037690295753296993e-01 2.017877183511448125e-01
1.067338589917676828e-01 1.891315875895746845e-01
1.132564837079312742e-01 1.633460027612821663e-01
1.224474548988890438e-01 1.315928095083913341e-01
1.351962213895724074e-01 9.566764831792788637e-02
1.289700796150526074e-01 1.120983064239347154e-01
1.313419431482030220e-01 1.055967786728839730e-01
1.363821531561476008e-01 9.276613727998542225e-02
1.390504996309417929e-01 8.649339833351722684e-02
1.301560113816278008e-01 1.088095184964528450e-01
1.346032555062847968e-01 9.714513765565888082e-02
1.334173237397096035e-01 1.001542637938631075e-01
1.156283472410816471e-01 1.546512028304069530e-01
7.234183776108699115e-02 3.741934088273713988e-01
5.900010538711602387e-02 4.687971665604988569e-01
4.180409477177567806e-02 6.079010046257529165e-01
3.053774298931130962e-02 7.078681665885183660e-01
2.134677179835354002e-02 7.933912541585084188e-01
1.423118119890235886e-02 8.613976889420622562e-01
1.185931766575196514e-02 8.843210255678012333e-01
-5.336692949588385006e-03 9.477995014573001864e-01
-1.689952767369655093e-02 8.357473386901990153e-01
-2.045732297342214151e-02 8.018185775483293032e-01
-9.487454132601571416e-03 9.073406465970995649e-01
-5.040210007944585791e-03 9.506957643301321426e-01
-7.412073541094977777e-03 9.275468905428219113e-01
-1.571359590712135407e-02 8.471278327644229389e-01
-1.512063002383375564e-02 8.528300929131141794e-01
-2.282918650657253176e-02 7.793991000097524324e-01
-1.304524943232716200e-02 8.728461448268055589e-01
-1.096986884082056836e-02 8.929431143060262421e-01
5.040210007944585791e-03 9.506957643301321426e-01
4.150761183013188145e-03 9.593882714367604203e-01
1.185931766575196514e-02 8.843210255678012333e-01
6.522624716163580999e-03 9.362216548281087070e-01
6.522624716163580999e-03 9.362216548281087070e-01
6.522624716163580999e-03 9.362216548281087070e-01
1.067338589917677001e-02 8.958199811174174521e-01
1.156283472410816505e-02 8.871935995775296346e-01
7.708556482738777860e-03 9.246571451663863073e-01
4.150761183013188145e-03 9.593882714367604203e-01
9.783937074245369764e-03 9.044585747676215925e-01
1.185931766575196514e-02 8.843210255678012333e-01
1.126635178246436671e-02 8.900676414656445434e-01
2.164325473999733837e-02 7.905873935986582612e-01
1.956787414849073953e-02 8.102687891826182431e-01
1.571359590712135407e-02 8.471278327644229389e-01
1.838194238191554614e-02 8.215697200589215932e-01
8.894488249313972986e-03 9.131083778348803026e-01
-5.929658832875982569e-03 9.420090616967976560e-01
-1.808545944027174779e-02 8.244007875952082953e-01
-4.239706065506327476e-02 6.028154322422107914e-01
-4.387947536328227344e-02 5.901852624462056163e-01
-3.676388476383109227e-02 6.518688709480365828e-01
-2.134677179835354002e-02 7.933912541585084188e-01
-1.245228354903956530e-02 8.785804286038754185e-01
-1.245228354903956530e-02 8.785804286038754185e-01
-9.783937074245369764e-03 9.044585747676215925e-01
-6.522624716163580999e-03 9.362216548281087070e-01
5.040210007944585791e-03 9.506957643301321426e-01
1.126635178246436671e-02 8.900676414656445434e-01
2.757291357287331920e-02 7.351179139191905687e-01
3.083422593095511144e-02 7.051627864718528205e-01
3.439202123068069855e-02 6.729943383228373932e-01
4.476892418821366154e-02 5.826655575414094734e-01
4.476892418821366154e-02 5.826655575414094734e-01
3.824629947205008401e-02 6.388032218287085229e-01
4.328650947999467674e-02 5.952228501484999601e-01
5.040210007944585097e-02 5.361006550949052318e-01
5.069858302108965625e-02 5.337022337307312236e-01
4.417595830492607872e-02 5.876737803767448920e-01
3.943223123862528434e-02 6.284297924686068626e-01
2.994477710602371293e-02 7.132898626942123510e-01
1.838194238191554614e-02 8.215697200589215932e-01
1.778897649862794857e-03 9.825888946481970976e-01
-5.336692949588385006e-03 9.477995014573001864e-01
-8.301522366026376290e-03 9.188806437371819236e-01
-1.571359590712135407e-02 8.471278327644229389e-01
-1.956787414849073953e-02 8.102687891826182431e-01
-1.719601061534034928e-02 8.329074296730538673e-01
-3.172367475588650648e-02 6.970688840883159099e-01
-5.366341243752763973e-02 5.100170378774893098e-01
-7.678908188574397331e-02 3.454594644319870511e-01
-8.360818954355135613e-02 3.041872633676573900e-01
-7.886446247725056868e-02 3.325402515855780949e-01
-7.352776952766218455e-02 3.663915630135512469e-01
-7.056294011122418719e-02 3.860852451760948822e-01
-6.255790068684162486e-02 4.423650702271484381e-01
-5.544231008739043676e-02 4.960718833131317895e-01
-3.883926535533768765e-02 6.336075945836285861e-01
-2.105028885670973821e-02 7.961977612492739942e-01
5.336692949588385006e-03 9.477995014573001864e-01
3.557795299725589194e-02 6.623983605342298464e-01
4.536189007150127211e-02 5.776771447487902833e-01
4.150761183013187972e-02 6.104508724027611910e-01
3.083422593095511144e-02 7.051627864718528205e-01
2.312566944821633011e-02 7.766089837084957370e-01
-2.075380591506594073e-03 9.796876201423365682e-01
-2.193973768164113672e-02 7.877862138133687742e-01
-3.557795299725589194e-02 6.623983605342298464e-01
-5.395989537917145196e-02 5.076788297393297622e-01
-7.589963306081257133e-02 3.510919355466789460e-01
-8.835191660985215745e-02 2.774719436947004070e-01
-9.694992191752231647e-02 2.331904780420603340e-01
-9.428157544272812440e-02 2.463668942986090571e-01
-9.309564367615293101e-02 2.523858250901062639e-01
-8.153280895204477463e-02 3.163900668191798604e-01
-6.759811069478620371e-02 4.064055859092239320e-01
-4.417595830492607872e-02 5.876737803767448920e-01
-3.854278241369388930e-03 9.622868871938534685e-01
2.816587945616091937e-02 7.296402116268713156e-01
5.662824185396563709e-02 4.868882533534031332e-01
7.234183776108699115e-02 3.741934088273713988e-01
8.746246778492075546e-02 2.823565692497751467e-01
8.182929189368856604e-02 3.146276022038722586e-01
8.894488249313974026e-02 2.742473685551022888e-01
7.501018423588118322e-02 3.567816796104619215e-01
6.196493480355402123e-02 4.467108895906160004e-01
5.781417362054082354e-02 4.777963516192144100e-01
5.366341243752763973e-02 5.100170378774893098e-01
4.803023654629545725e-02 5.554792916008994830e-01
5.870362244547223246e-02 4.710382183974096693e-01
6.492976421999201164e-02 4.252231985377508128e-01
6.967349128629278521e-02 3.921158714755809127e-01
6.700514481149860702e-02 4.105441911274851918e-01
7.352776952766218455e-02 3.663915630135512469e-01
6.759811069478620371e-02 4.064055859092239320e-01
5.129154890437724601e-02 5.289215487719876041e-01
2.697994768958572598e-02 7.406089869392304958e-01
8.301522366026376290e-03 9.188806437371819236e-01
-1.185931766575196514e-02 8.843210255678012333e-01
-3.053774298931130962e-02 7.078681665885183660e-01
-4.832671948793926253e-02 5.530385568064644097e-01
-6.137196892026642453e-02 4.510806584565586475e-01
-7.589963306081257133e-02 3.510919355466789460e-01
-9.131674602629012705e-02 2.616031639681944965e-01
-1.165177960660130768e-01 1.514819803124435593e-01
-1.277841478484774140e-01 1.154642006152676176e-01
-1.221509719572452385e-01 1.325371267116732255e-01
-1.188896595991634497e-01 1.432703234095544509e-01
-1.182966937158758669e-01 1.452908242710748976e-01
-9.813585368409750986e-02 2.274960234345000387e-01
-8.420115542683895282e-02 3.007583610275597064e-01
-7.204535481944318587e-02 3.761596509004678790e-01
-6.077900303697882090e-02 4.554742759807657304e-01
-5.929658832875982222e-02 4.665619685091459967e-01
-6.077900303697882090e-02 4.554742759807657304e-01
-6.611569598656720503e-02 4.167983588330201883e-01
-8.509060425177035480e-02 2.956629946257112174e-01
-1.005077172172479105e-01 2.164030994779916339e-01
-1.067338589917676828e-01 1.891315875895746845e-01
-1.102916542914932768e-01 1.747212010526229820e-01
-1.094022054665618748e-01 1.782453295306301311e-01
-1.123670348829998722e-01 1.666989359378410751e-01
-9.872881956738512044e-02 2.246858927483212642e-01
-9.991475133396031383e-02 2.191394989321321374e-01
-9.546750720930331779e-02 2.404482904223856909e-01
-1.005077172172479105e-01 2.164030994779916339e-01
-1.123670348829998722e-01 1.666989359378410751e-01
-1.159248301827254524e-01 1.535893021574786799e-01
-1.322313919731344101e-01 1.032364892775124582e-01
-1.251158013736832497e-01 1.233248014461288400e-01
-1.150353813577940781e-01 1.567915539631364319e-01
-9.576399015094712308e-02 2.389842671542324326e-01
-6.759811069478620371e-02 4.064055859092239320e-01
-4.832671948793926253e-02 5.530385568064644097e-01
-3.765333358876248732e-02 6.440164612225398599e-01
-1.778897649862794597e-02 8.272341186337420771e-01
-1.601007884876515242e-02 8.442796520983791853e-01
-9.783937074245369764e-03 9.044585747676215925e-01
-2.193973768164113672e-02 7.877862138133687742e-01
-3.439202123068069855e-02 6.729943383228373932e-01
-5.099506596273345460e-02 5.313091918063778119e-01
-5.840713950382842717e-02 4.732851096142309810e-01
-6.848755951971760569e-02 4.002441182705143152e-01
-7.234183776108699115e-02 3.741934088273713988e-01
-5.929658832875982222e-02 4.665619685091459967e-01
-4.506540712985746683e-02 5.801688633536490336e-01
-2.609049886465432400e-02 7.488701052228343702e-01
-3.290960652246169987e-02 6.863300293422641696e-01
-3.113070887259890979e-02 7.024610924282417290e-01
-1.808545944027174779e-02 8.244007875952082953e-01
-5.929658832875982569e-03 9.420090616967976560e-01
1.778897649862794857e-03 9.825888946481970976e-01
5.633175891232183354e-03 9.449039213268972670e-01
3.557795299725589715e-03 9.651859965367522998e-01
-9.487454132601571416e-03 9.073406465970995649e-01
-2.668346474794192069e-02 7.433594574316628734e-01
-4.150761183013187972e-02 6.104508724027611910e-01
-3.498498711396829525e-02 6.676881514184496158e-01
-1.867842532355934448e-02 8.187409513033527819e-01
-1.778897649862794597e-02 8.272341186337420771e-01
-2.964829416437991111e-02 7.160061171722618134e-01
-1.897490826520314283e-02 8.159145165192873694e-01
-5.633175891232183354e-03 9.449039213268972670e-01
1.334173237397096035e-02 8.699814620729005021e-01
3.439202123068069855e-02 6.729943383228373932e-01
4.091464594684428302e-02 6.155646465962631986e-01
3.883926535533768765e-02 6.336075945836285861e-01
4.832671948793926253e-02 5.530385568064644097e-01
3.854278241369388930e-02 6.362031933163905251e-01
4.417595830492607872e-02 5.876737803767448920e-01
3.439202123068069855e-02 6.729943383228373932e-01
2.786939651451711755e-02 7.323773754862044072e-01
1.689952767369655093e-02 8.357473386901990153e-01
-1.482414708218995642e-03 9.854903971587298805e-01
-4.743727066300785708e-03 9.535926721610885615e-01
0.000000000000000000e+00 1.000000000000000000e+00
1.808545944027174779e-02 8.244007875952082953e-01
4.299002653835087145e-02 5.977489081697676676e-01
6.937700834464900768e-02 3.941385828586921880e-01
7.501018423588118322e-02 3.567816796104619215e-01
5.425637832081523643e-02 5.053462048518314598e-01
2.994477710602371293e-02 7.132898626942123510e-01
1.927139120684694465e-02 8.130904508085307070e-01
2.193973768164113672e-02 7.877862138133687742e-01
1.778897649862794597e-02 8.272341186337420771e-01
1.601007884876515242e-02 8.442796520983791853e-01
1.778897649862794597e-02 8.272341186337420771e-01
1.749249355698414762e-02 8.300696778096683381e-01
2.134677179835354002e-02 7.933912541585084188e-01
1.956787414849073953e-02 8.102687891826182431e-01
2.609049886465432400e-02 7.488701052228343702e-01
2.520105003972292548e-02 7.571598568220951897e-01
2.401511827314772862e-02 7.682558718230400041e-01
1.601007884876515242e-02 8.442796520983791853e-01
1.601007884876515242e-02 8.442796520983791853e-01
1.601007884876515242e-02 8.442796520983791853e-01
1.482414708218995555e-02 8.556841003043771376e-01
1.393469825725855878e-02 8.642571976626228780e-01
-3.261312358081790500e-03 9.680855615709162976e-01
-1.897490826520314283e-02 8.159145165192873694e-01
-3.676388476383109227e-02 6.518688709480365828e-01
-4.299002653835087145e-02 5.977489081697676676e-01
-4.299002653835087145e-02 5.977489081697676676e-01
-3.824629947205008401e-02 6.388032218287085229e-01
-3.261312358081790846e-02 6.890089730484230124e-01
-3.587443593889969723e-02 6.597596845177695624e-01
-2.994477710602371293e-02 7.132898626942123510e-01
-2.282918650657253176e-02 7.793991000097524324e-01
-2.016084003177834316e-02 8.046328177724200170e-01
-1.185931766575196514e-02 8.843210255678012333e-01
-1.541711296547755572e-02 8.499779917054914868e-01
-5.040210007944585791e-03 9.506957643301321426e-01
-2.964829416437991284e-03 9.709855443841508560e-01
-3.854278241369388930e-03 9.622868871938534685e-01
-1.245228354903956530e-02 8.785804286038754185e-01
-2.431160121479152697e-02 7.654773585553373838e-01
-3.350257240574930351e-02 6.809838595647544901e-01
-2.342215238986013193e-02 7.738217178513379091e-01
-3.587443593889969723e-02 6.597596845177695624e-01
-4.625133889643266022e-02 5.702320701024229388e-01
-5.455286126245904171e-02 5.030191806303059288e-01
-5.573879302903423510e-02 4.937674321715974646e-01
-6.255790068684162486e-02 4.423650702271484381e-01
-6.581921304492339975e-02 4.188953796157086629e-01
-6.344734951177301296e-02 4.358914596311522782e-01
-7.856797953560677727e-02 3.343666959025654029e-01
-8.123632601040095547e-02 3.181589335362122739e-01
-8.894488249313974026e-02 2.742473685551022888e-01
-9.072378014300254423e-02 2.647261663980006730e-01
-8.746246778492075546e-02 2.823565692497751467e-01
-8.716598484327695018e-02 2.839975271296167336e-01
-7.589963306081257133e-02 3.510919355466789460e-01
-5.870362244547223246e-02 4.710382183974096693e-01
-3.972871418026908269e-02 6.258476416905683903e-01
-2.105028885670973821e-02 7.961977612492739942e-01
-1.185931766575196427e-03 9.883920896866599248e-01
1.185931766575196514e-02 8.843210255678012333e-01
2.431160121479152697e-02 7.654773585553373838e-01
2.875884533944851953e-02 7.241761344400822198e-01
2.460808415643532879e-02 7.627018295362357758e-01
1.156283472410816505e-02 8.871935995775296346e-01
-9.190971190957773068e-03 9.102239267136499334e-01
-2.609049886465432400e-02 7.488701052228343702e-01
-1.096986884082056836e-02 8.929431143060262421e-01
1.778897649862794857e-03 9.825888946481970976e-01
2.638698180629811887e-02 7.461131743107052294e-01
4.032168006355668632e-02 6.206969709910064026e-01
3.379905534739310186e-02 6.783166922166690149e-01
2.490456709807913060e-02 7.599293179387031083e-01
1.838194238191554614e-02 8.215697200589215932e-01
2.816587945616091937e-02 7.296402116268713156e-01
3.231664063917410318e-02 6.916917832445974579e-01
3.587443593889969723e-02 6.597596845177695624e-01
3.913574829698147906e-02 6.310164521734746845e-01
4.684430477972026385e-02 5.652939792471884939e-01
5.484934420410284006e-02 5.006977743033890205e-01
7.412073541094978124e-02 3.625285898516916738e-01
7.975391130218197067e-02 3.270992764848893453e-01
9.102026308464633564e-02 2.631614996393735195e-01
9.190971190957773762e-02 2.585054666374553278e-01
1.079197907583429039e-01 1.842348065684406011e-01
8.212577483533235745e-02 3.128715399845397038e-01
6.463328127834820636e-02 4.273446895722357031e-01
4.387947536328227344e-02 5.901852624462056163e-01
3.320608946410550516e-02 6.836549817031285503e-01
-1.215580060739576349e-02 8.814499563060378406e-01
-3.646740182218729392e-02 6.544949118504775898e-01
-4.210057771341947641e-02 6.053558496593003380e-01
-4.239706065506327476e-02 6.028154322422107914e-01
-2.075380591506593986e-02 7.990068805269330277e-01
3.261312358081790500e-03 9.680855615709162976e-01
3.913574829698147906e-02 6.310164521734746845e-01
5.040210007944585097e-02 5.361006550949052318e-01
5.395989537917145196e-02 5.076788297393297622e-01
4.299002653835087145e-02 5.977489081697676676e-01
3.587443593889969723e-02 6.597596845177695624e-01
4.032168006355668632e-02 6.206969709910064026e-01
4.269354359670708005e-02 6.002797769451055920e-01
4.210057771341947641e-02 6.053558496593003380e-01
3.528147005561209359e-02 6.650411922526084929e-01
2.401511827314772862e-02 7.682558718230400041e-01
1.541711296547755572e-02 8.499779917054914868e-01
1.867842532355934448e-02 8.187409513033527819e-01
7.412073541094977777e-03 9.275468905428219113e-01
-7.115590599451179429e-03 9.304375823302792892e-01
-1.897490826520314283e-02 8.159145165192873694e-01
-2.757291357287331920e-02 7.351179139191905687e-01
-3.557795299725589194e-02 6.623983605342298464e-01
-4.625133889643266022e-02 5.702320701024229388e-01
-3.498498711396829525e-02 6.676881514184496158e-01
-2.282918650657253176e-02 7.793991000097524324e-01
-1.304524943232716200e-02 8.728461448268055589e-01
-4.743727066300785708e-03 9.535926721610885615e-01
2.964829416437991111e-02 7.160061171722618134e-01
5.129154890437724601e-02 5.289215487719876041e-01
5.959307127040363444e-02 4.643326384597320500e-01
3.024126004766751127e-02 7.105772022253978859e-01
2.668346474794192503e-03 9.738859070480740954e-01
-2.075380591506593986e-02 7.990068805269330277e-01
-2.964829416437991111e-02 7.160061171722618134e-01
-4.743727066300786055e-02 5.603763285236014191e-01
-6.107548597862261924e-02 4.532744925576422945e-01
-7.026645716958039578e-02 3.880891952998221095e-01
-7.204535481944318587e-02 3.761596509004678790e-01
-6.048252009533502255e-02 4.576799956464069341e-01
-5.692472479560943543e-02 4.846066389624522630e-01
-6.077900303697882090e-02 4.554742759807657304e-01
-6.404031539506060966e-02 4.316059353132889465e-01
-7.797501365231916670e-02 3.380387516657661351e-01
-9.606047309259091449e-02 2.375264813794352448e-01
-1.260052501986146101e-01 1.206599088162962907e-01
-1.251158013736832497e-01 1.233248014461288400e-01
-1.346032555062847968e-01 9.714513765565888082e-02
-1.434977437555987889e-01 7.679665902440360736e-02
-1.440907096388863717e-01 7.557279793156508607e-02
-1.209650401906700451e-01 1.363664197559419922e-01
-7.026645716958039578e-02 3.880891952998221095e-01
-2.371863533150393027e-02 7.710373360539325427e-01
6.819107657807380214e-03 9.333291829600072198e-01
-2.964829416437991284e-03 9.709855443841508560e-01
-1.778897649862794597e-02 8.272341186337420771e-01
-3.528147005561209359e-02 6.650411922526084929e-01
-4.269354359670708005e-02 6.002797769451055920e-01
-2.549753298136672730e-02 7.543934791309931942e-01
-2.579401592301052565e-02 7.516302176940485857e-01
-2.016084003177834316e-02 8.046328177724200170e-01
-2.016084003177834316e-02 8.046328177724200170e-01
-8.598005307670174638e-03 9.159939626331864426e-01
-1.482414708218995555e-02 8.556841003043771376e-01
-1.512063002383375564e-02 8.528300929131141794e-01
-1.956787414849073953e-02 8.102687891826182431e-01
-1.363821531561476043e-02 8.671184675178263968e-01
-9.783937074245369764e-03 9.044585747676215925e-01
-2.964829416437991284e-03 9.709855443841508560e-01
1.482414708218995642e-03 9.854903971587298805e-01
1.571359590712135407e-02 8.471278327644229389e-01
1.927139120684694465e-02 8.130904508085307070e-01
2.964829416437991111e-02 7.160061171722618134e-01
3.024126004766751127e-02 7.105772022253978859e-01
2.253270356492873341e-02 7.821920330317586600e-01
1.660304473205275258e-02 8.385893692449536418e-01
5.929658832875982135e-04 9.941958928102592186e-01
-2.342215238986013193e-02 7.738217178513379091e-01
-4.832671948793926253e-02 5.530385568064644097e-01
-6.641217892821101032e-02 4.147074807397599372e-01
-8.420115542683895282e-02 3.007583610275597064e-01
-9.250267779286532044e-02 2.554330344410288833e-01
-1.016936489838230900e-01 2.110035398677407303e-01
-1.141459325328626762e-01 1.600436637293107256e-01
-1.135529666495750795e-01 1.622396193963453470e-01
-1.085127566416304729e-01 1.818215535488938439e-01
-9.872881956738512044e-02 2.246858927483212642e-01
-7.234183776108699115e-02 3.741934088273713988e-01
-5.633175891232183874e-02 4.891756009938119654e-01
-1.512063002383375564e-02 8.528300929131141794e-01
1.008042001588917158e-02 9.015777484609692749e-01
3.528147005561209359e-02 6.650411922526084929e-01
6.285438362848541627e-02 4.402011722932126503e-01
8.360818954355135613e-02 3.041872633676573900e-01
1.031760636920421026e-01 2.043906433569822878e-01
1.147388984161502451e-01 1.578700323126399907e-01
1.230404207821766405e-01 1.297196742767764144e-01
1.263017331402584431e-01 1.197815966419093492e-01
1.268946990235460259e-01 1.180398538126406216e-01
1.209650401906700451e-01 1.363664197559419922e-01
1.271911819651898035e-01 1.171763908315901354e-01
1.310454602065592167e-01 1.063928922966449753e-01
1.307489772649154114e-01 1.071937090298860223e-01
1.337138066813534087e-01 9.939517144462328702e-02
1.396434655142294035e-01 8.514658726027514446e-02
1.446836755221739823e-01 7.436474473110443739e-02
1.479449878802557850e-01 6.799687121706082804e-02
1.541711296547755572e-01 5.707385787026122287e-02
1.580254078961449427e-01 5.106743286649655794e-02
1.728495549783349017e-01 3.263002490410545076e-02
1.775932820446356752e-01 2.807899303538568744e-02
1.761108673364166766e-01 2.943913627031042451e-02
1.562465102462821664e-01 5.377112358093449895e-02
1.310454602065592167e-01 1.063928922966449753e-01
1.099951713498494715e-01 1.758901426415079849e-01
9.813585368409750986e-02 2.274960234345000387e-01
7.827149659396295811e-02 3.361995299905439216e-01
7.026645716958039578e-02 3.880891952998221095e-01
6.285438362848541627e-02 4.402011722932126503e-01
5.692472479560943543e-02 4.846066389624522630e-01
4.595485595478886881e-02 5.727087255311262837e-01
5.247748067095245328e-02 5.194253481110322479e-01
4.476892418821366154e-02 5.826655575414094734e-01
4.951265125451445592e-02 5.433279985817213165e-01
6.285438362848541627e-02 4.402011722932126503e-01
7.085942305286800635e-02 3.840875631652067579e-01
7.886446247725056868e-02 3.325402515855780949e-01
8.390467248519514754e-02 3.024696123114706259e-01
7.945742836053816538e-02 3.289065401280076850e-01
8.331170660190755084e-02 3.059113150685330851e-01
8.746246778492075546e-02 2.823565692497751467e-01
8.657301895998935348e-02 2.872985839667833163e-01
5.929658832875982222e-02 4.665619685091459967e-01
5.692472479560943543e-02 4.846066389624522630e-01
5.099506596273345460e-02 5.313091918063778119e-01
2.549753298136672730e-02 7.543934791309931942e-01
1.482414708218995555e-02 8.556841003043771376e-01
0.000000000000000000e+00 1.000000000000000000e+00
5.040210007944585791e-03 9.506957643301321426e-01
