-5.366341243752763973e-02 5.100170378774893098e-01
-5.692472479560943543e-02 4.846066389624522630e-01
-6.552273010327960834e-02 4.209985332258585622e-01
-6.908052540300518851e-02 3.961675330162681696e-01
-7.085942305286800635e-02 3.840875631652067579e-01
-6.522624716163581693e-02 4.231078096129455846e-01
-6.611569598656720503e-02 4.167983588330201883e-01
-6.937700834464900768e-02 3.941385828586921880e-01
-7.174887187779939446e-02 3.781321935963011249e-01
-8.005039424382576208e-02 3.252984096087256916e-01
-8.449763836848275811e-02 2.990535084792834697e-01
-8.449763836848275811e-02 2.990535084792834697e-01
-8.864839955149593498e-02 2.758564741645784801e-01
-9.161322896793393233e-02 2.600511546084796621e-01
-9.309564367615293101e-02 2.523858250901062639e-01
-9.991475133396031383e-02 2.191394989321321374e-01
-1.022866148671107006e-01 2.083402316650732056e-01
-1.111811031164246788e-01 1.712488336819336932e-01
-1.174072448909444649e-01 1.483619832413657080e-01
-1.221509719572452385e-01 1.325371267116732255e-01
-1.260052501986146101e-01 1.206599088162962907e-01
-1.301560113816278008e-01 1.088095184964528450e-01
-1.375680849227227942e-01 8.993500680968086192e-02
-1.381610508060103770e-01 8.854549230586079844e-02
-1.423118119890235678e-01 7.929235583337151949e-02
-1.414223631640921797e-01 8.120664873599278688e-02
-1.473520219969681744e-01 6.912043905713827208e-02
-1.648445155539523255e-01 4.172581382678910294e-02
-1.793721796944984792e-01 2.651793758737138601e-02
-1.823370091109364766e-01 2.408105534906180081e-02
-1.864877702939496396e-01 2.099383012836529561e-02
-1.858948044106620845e-01 2.141280189054060520e-02
-1.897490826520314422e-01 1.881367452801079726e-02
-1.989400538429892396e-01 1.369116879402998942e-02
-1.971611561931264356e-01 1.457476397062207850e-02
-1.983470879597016290e-01 1.398035011375980095e-02
-2.013119173761395986e-01 1.258610296322348193e-02
-1.956787414849074092e-01 1.534871318902557465e-02
-1.906385314769628581e-01 1.825423960859134942e-02
-1.698847255618968766e-01 3.578070939246891929e-02
-1.547640955380631400e-01 5.611360452277151800e-02
-1.340102896229972140e-01 9.864063092679130340e-02
-1.141459325328626762e-01 1.600436637293107256e-01
-1.108846201747808735e-01 1.724005591890398759e-01
-1.076233078166990847e-01 1.854501999154545000e-01
-1.037690295753296993e-01 2.017877183511448125e-01
-1.019901319254669092e-01 2.096688543504385827e-01
-9.576399015094712308e-02 2.389842671542324326e-01
-9.902530250902891185e-02 2.232900733959704287e-01
-9.457805838437192969e-02 2.448778534628600623e-01
-9.013081425971493366e-02 2.678745115430254953e-01
-8.716598484327695018e-02 2.839975271296167336e-01
-8.538708719341416009e-02 2.939773304316840030e-01
-8.509060425177035480e-02 2.956629946257112174e-01
-7.382425246930598983e-02 3.644569096425660515e-01
-7.471370129423737794e-02 3.586909702515078679e-01
-7.293480364437458785e-02 3.702798501657540431e-01
-6.996997422793659049e-02 3.900994064801895922e-01
-6.077900303697882090e-02 4.554742759807657304e-01
-5.069858302108965625e-02 5.337022337307312236e-01
-4.803023654629545725e-02 5.554792916008994830e-01
-4.210057771341947641e-02 6.053558496593003380e-01
-3.706036770547489062e-02 6.492470972426016562e-01
-3.972871418026908269e-02 6.258476416905683903e-01
-3.765333358876248732e-02 6.440164612225398599e-01
-3.646740182218729392e-02 6.544949118504775898e-01
-3.557795299725589194e-02 6.623983605342298464e-01
-3.883926535533768765e-02 6.336075945836285861e-01
-3.587443593889969723e-02 6.597596845177695624e-01
-2.875884533944851953e-02 7.241761344400822198e-01
-2.253270356492873341e-02 7.821920330317586600e-01
-1.245228354903956530e-02 8.785804286038754185e-01
-4.743727066300785708e-03 9.535926721610885615e-01
-3.854278241369388930e-03 9.622868871938534685e-01
-5.929658832875982569e-03 9.420090616967976560e-01
-2.668346474794192503e-03 9.738859070480740954e-01
0.000000000000000000e+00 1.000000000000000000e+00
2.964829416437991067e-04 9.970979274004432291e-01
4.447244124656986493e-03 9.564901871408936218e-01
5.633175891232183354e-03 9.449039213268972670e-01
8.598005307670174638e-03 9.159939626331864426e-01
1.096986884082056836e-02 8.929431143060262421e-01
1.363821531561476043e-02 8.671184675178263968e-01
1.778897649862794597e-02 8.272341186337420771e-01
2.134677179835354002e-02 7.933912541585084188e-01
2.875884533944851953e-02 7.241761344400822198e-01
4.595485595478886881e-02 5.727087255311262837e-01
5.603527597067804039e-02 4.914686659678587644e-01
6.344734951177301296e-02 4.358914596311522782e-01
8.005039424382576208e-02 3.252984096087256916e-01
8.983433131807114225e-02 2.694581987406205470e-01
9.754288780080992705e-02 2.303308641687883684e-01
1.013971660421793125e-01 2.123442977666193665e-01
9.783937074245370458e-02 2.289103510540752284e-01
9.843233662574131515e-02 2.260878733589901379e-01
9.309564367615293101e-02 2.523858250901062639e-01
9.161322896793393233e-02 2.600511546084796621e-01
9.724640485916610788e-02 2.317575706007100333e-01
8.924136543478354555e-02 2.726446232915749057e-01
8.153280895204477463e-02 3.163900668191798604e-01
7.501018423588118322e-02 3.567816796104619215e-01
7.056294011122418719e-02 3.860852451760948822e-01
6.611569598656720503e-02 4.167983588330201883e-01
6.996997422793659049e-02 3.900994064801895922e-01
6.819107657807380041e-02 4.022917372086682875e-01
6.404031539506060966e-02 4.316059353132889465e-01
6.967349128629278521e-02 3.921158714755809127e-01
6.641217892821101032e-02 4.147074807397599372e-01
6.077900303697882090e-02 4.554742759807657304e-01
5.099506596273345460e-02 5.313091918063778119e-01
4.506540712985746683e-02 5.801688633536490336e-01
3.676388476383109227e-02 6.518688709480365828e-01
3.972871418026908269e-02 6.258476416905683903e-01
2.668346474794192069e-02 7.433594574316628734e-01
1.541711296547755572e-02 8.499779917054914868e-01
1.185931766575196427e-03 9.883920896866599248e-01
-2.668346474794192503e-03 9.738859070480740954e-01
-8.598005307670174638e-03 9.159939626331864426e-01
-1.126635178246436671e-02 8.900676414656445434e-01
-1.067338589917677001e-02 8.958199811174174521e-01
-1.867842532355934448e-02 8.187409513033527819e-01
-3.053774298931130962e-02 7.078681665885183660e-01
-3.468850417232450384e-02 6.703392096267499767e-01
-3.528147005561209359e-02 6.650411922526084929e-01
-4.328650947999467674e-02 5.952228501484999601e-01
-4.684430477972026385e-02 5.652939792471884939e-01
-4.773375360465165890e-02 5.579252225941291332e-01
-4.387947536328227344e-02 5.901852624462056163e-01
-3.972871418026908269e-02 6.258476416905683903e-01
-3.231664063917410318e-02 6.916917832445974579e-01
-3.439202123068069855e-02 6.729943383228373932e-01
-3.053774298931130962e-02 7.078681665885183660e-01
-2.964829416437991111e-02 7.160061171722618134e-01
-1.215580060739576349e-02 8.814499563060378406e-01
-2.075380591506594073e-03 9.796876201423365682e-01
-5.040210007944585791e-03 9.506957643301321426e-01
2.075380591506594073e-03 9.796876201423365682e-01
8.894488249313972986e-03 9.131083778348803026e-01
1.156283472410816505e-02 8.871935995775296346e-01
8.598005307670174638e-03 9.159939626331864426e-01
2.075380591506594073e-03 9.796876201423365682e-01
-5.040210007944585791e-03 9.506957643301321426e-01
-7.708556482738777860e-03 9.246571451663863073e-01
-7.412073541094977777e-03 9.275468905428219113e-01
-7.708556482738777860e-03 9.246571451663863073e-01
-8.301522366026376290e-03 9.188806437371819236e-01
1.037690295753296993e-02 8.986982048648328725e-01
2.549753298136672730e-02 7.543934791309931942e-01
3.943223123862528434e-02 6.284297924686068626e-01
5.277396361259623775e-02 5.170649848479640376e-01
4.447244124656987013e-02 5.851672042832731790e-01
4.387947536328227344e-02 5.901852624462056163e-01
3.676388476383109227e-02 6.518688709480365828e-01
4.743727066300786055e-02 5.603763285236014191e-01
5.811065656218463576e-02 4.755378256161361117e-01
6.641217892821101032e-02 4.147074807397599372e-01
7.174887187779939446e-02 3.781321935963011249e-01
8.331170660190755084e-02 3.059113150685330851e-01
8.835191660985215745e-02 2.774719436947004070e-01
1.005077172172479105e-01 2.164030994779916339e-01
1.073268248750552795e-01 1.866714534741903408e-01
1.150353813577940781e-01 1.567915539631364319e-01
1.233369037238204458e-01 1.287908251484515543e-01
1.242263525487518477e-01 1.260349640212920785e-01
1.337138066813534087e-01 9.939517144462328702e-02
1.432012608139549836e-01 7.741456056810025466e-02
1.512063002383375598e-01 6.208019373546608266e-02
1.621761690791581056e-01 4.519484355562229660e-02
1.642515496706647149e-01 4.247677881435441699e-02
1.734425208616224845e-01 3.202896330542327058e-02
1.796686626361422845e-01 2.626511458016447115e-02
1.897490826520314422e-01 1.881367452801079726e-02
2.013119173761395986e-01 1.258610296322348193e-02
2.054626785591527893e-01 1.083940208657838307e-02
2.107993715087411735e-01 8.909193616551239897e-03
2.161360644583295854e-01 7.289429460958960286e-03
2.081310250339470092e-01 9.832588875842743562e-03
2.042767467925776237e-01 1.131526334653156808e-02
1.980506050180578237e-01 1.412693213643656347e-02
2.007189514928520158e-01 1.285477609808136946e-02
2.078345420923031761e-01 9.940226833128673611e-03
2.196938597580551655e-01 6.360457840251718814e-03
2.285883480073691298e-01 4.482828513304689885e-03
2.383722850816145378e-01 3.005090326244673395e-03
2.448949097977780875e-01 2.281281431953933146e-03
2.490456709807912783e-01 1.907134491346403884e-03
2.549753298136672730e-01 1.468951834562175250e-03
2.591260909966804915e-01 1.219178323051781738e-03
2.614979545298308228e-01 1.094528581414920976e-03
2.644627839462688201e-01 9.551493219886567380e-04
2.695029939542133990e-01 7.550073038469956631e-04
2.706889257207886201e-01 7.138985847313168882e-04
2.721713404290075911e-01 6.654095375583158386e-04
2.727643063122952016e-01 6.468773420267712919e-04
2.769150674953084201e-01 5.298827646735885209e-04
2.763221016120207540e-01 5.453059702706463232e-04
2.724678233706513963e-01 6.560832029249127808e-04
2.736537551372266175e-01 6.199686034003031769e-04
2.736537551372266175e-01 6.199686034003031769e-04
2.629803692380498492e-01 1.022665315439376735e-03
2.567542274635301047e-01 1.356684450246814803e-03
2.454878756810656981e-01 2.224043655188309189e-03
2.362969044901079285e-01 3.275537549569639169e-03
2.235481379994245510e-01 5.474452268940337325e-03
2.060556444424403999e-01 1.060814390952599488e-02
1.906385314769628581e-01 1.825423960859134942e-02
1.758143843947728713e-01 2.971779462889076462e-02
1.636585837873771321e-01 4.323902780954039238e-02
1.497238855301185612e-01 6.471511146186322005e-02
1.363821531561476008e-01 9.276613727998542225e-02
1.301560113816278008e-01 1.088095184964528450e-01
1.236333866654642372e-01 1.278671008578481649e-01
1.215580060739576418e-01 1.344413376410750205e-01
1.203720743073824484e-01 1.383124952490688009e-01
1.242263525487518477e-01 1.260349640212920785e-01
1.283771137317650524e-01 1.137715494382128822e-01
1.343067725646410193e-01 9.789062531314113302e-02
1.396434655142294035e-01 8.514658726027514446e-02
1.420153290473797902e-01 7.992637520990411582e-02
1.476485049386119797e-01 6.855678219382574379e-02
1.458696072887491757e-01 7.199551143277801990e-02
1.565429931879259162e-01 5.331246338952785185e-02
1.615832031958705506e-01 4.599757958824512299e-02
1.618796861375143281e-01 4.559473783105775363e-02
1.565429931879259162e-01 5.331246338952785185e-02
1.550605784797069453e-01 5.563849565454222906e-02
1.603972714292953294e-01 4.763874143315074278e-02
1.568394761295697493e-01 5.285704321265086852e-02
1.603972714292953294e-01 4.763874143315074278e-02
1.541711296547755572e-01 5.707385787026122287e-02
1.455731243471053704e-01 7.258200360994415679e-02
1.381610508060103770e-01 8.854549230586079844e-02
1.360856702145037955e-01 9.348487417408203604e-02
1.337138066813534087e-01 9.939517144462328702e-02
1.295630454983402458e-01 1.104443401142776171e-01
1.108846201747808735e-01 1.724005591890398759e-01
9.635695603423471978e-02 2.360749260676175687e-01
6.670866186985480173e-02 4.126227550094826446e-01
4.032168006355668632e-02 6.206969709910064026e-01
2.134677179835354002e-02 7.933912541585084188e-01
1.363821531561476043e-02 8.671184675178263968e-01
1.096986884082056836e-02 8.929431143060262421e-01
1.096986884082056836e-02 8.929431143060262421e-01
1.512063002383375564e-02 8.528300929131141794e-01
1.630656179040895423e-02 8.414334856400400575e-01
1.037690295753296993e-02 8.986982048648328725e-01
6.819107657807380214e-03 9.333291829600072198e-01
9.487454132601571416e-03 9.073406465970995649e-01
8.894488249313972986e-03 9.131083778348803026e-01
1.274876649068336365e-02 8.757124792136103952e-01
1.541711296547755572e-02 8.499779917054914868e-01
2.105028885670973821e-02 7.961977612492739942e-01
3.290960652246169987e-02 6.863300293422641696e-01
3.557795299725589194e-02 6.623983605342298464e-01
4.358299242163847509e-02 5.927016269434939311e-01
3.439202123068069855e-02 6.729943383228373932e-01
3.202015769753030483e-02 6.943784302114590634e-01
2.045732297342214151e-02 8.018185775483293032e-01
1.541711296547755572e-02 8.499779917054914868e-01
5.040210007944585791e-03 9.506957643301321426e-01
-1.037690295753296993e-02 8.986982048648328725e-01
-1.482414708218995555e-02 8.556841003043771376e-01
-1.778897649862794597e-02 8.272341186337420771e-01
-2.223622062328493507e-02 7.849877489446721590e-01
-2.579401592301052565e-02 7.516302176940485857e-01
-2.727643063122952086e-02 7.378617950653341140e-01
-3.557795299725589194e-02 6.623983605342298464e-01
-4.180409477177567806e-02 6.079010046257529165e-01
-3.498498711396829525e-02 6.676881514184496158e-01
-3.439202123068069855e-02 6.729943383228373932e-01
-3.468850417232450384e-02 6.703392096267499767e-01
-3.765333358876248732e-02 6.440164612225398599e-01
-3.646740182218729392e-02 6.544949118504775898e-01
-4.150761183013187972e-02 6.104508724027611910e-01
-4.121112888848808137e-02 6.130054280839929426e-01
-4.061816300520047773e-02 6.181285027002140220e-01
-3.498498711396829525e-02 6.676881514184496158e-01
-3.587443593889969723e-02 6.597596845177695624e-01
-3.587443593889969723e-02 6.597596845177695624e-01
-2.905532828109231788e-02 7.214492841993171979e-01
-2.312566944821633011e-02 7.766089837084957370e-01
-2.016084003177834316e-02 8.046328177724200170e-01
-1.719601061534034928e-02 8.329074296730538673e-01
-1.096986884082056836e-02 8.929431143060262421e-01
-1.096986884082056836e-02 8.929431143060262421e-01
-7.708556482738777860e-03 9.246571451663863073e-01
-2.668346474794192503e-03 9.738859070480740954e-01
5.336692949588385006e-03 9.477995014573001864e-01
1.689952767369655093e-02 8.357473386901990153e-01
2.697994768958572598e-02 7.406089869392304958e-01
3.557795299725589194e-02 6.623983605342298464e-01
4.595485595478886881e-02 5.727087255311262837e-01
5.514582714574663841e-02 4.983820029128035456e-01
7.026645716958039578e-02 3.880891952998221095e-01
8.479412131012654952e-02 2.973550534664020639e-01
9.665343897587852506e-02 2.346295940543654812e-01
1.079197907583429039e-01 1.842348065684406011e-01
1.257087672569708325e-01 1.215432029779579537e-01
1.351962213895724074e-01 9.566764831792788637e-02
1.544676125964193347e-01 5.659205303022572103e-02
1.660304473205275189e-01 4.025723654299024484e-02
1.755179014531290937e-01 2.999869526645567580e-02
1.867842532355934448e-01 2.078700949852220481e-02
1.944928097183322158e-01 1.599342380925915241e-02
2.010154344344958210e-01 1.271981796208631645e-02
1.995330197262767946e-01 1.340723163464072921e-02
2.013119173761395986e-01 1.258610296322348193e-02
1.998295026679206277e-01 1.326720500917765236e-02
2.013119173761395986e-01 1.258610296322348193e-02
1.989400538429892396e-01 1.369116879402998942e-02
1.956787414849074092e-01 1.534871318902557465e-02
1.950857756016198541e-01 1.566818058637705832e-02
1.950857756016198541e-01 1.566818058637705832e-02
1.980506050180578237e-01 1.412693213643656347e-02
1.956787414849074092e-01 1.534871318902557465e-02
1.888596338271000541e-01 1.938789487292665384e-02
1.876737020605248607e-01 2.017706377689836711e-02
1.870807361772372501e-01 2.058194957460514340e-02
1.826334920525802541e-01 2.384829218885658325e-02
1.805581114610736726e-01 2.551898322036246988e-02
1.778897649862794805e-01 2.781349766129305456e-02
1.784827308695670911e-01 2.728893085929591164e-02
1.799651455777860898e-01 2.601435669290800418e-02
1.719601061534034858e-01 3.354953472399179598e-02
1.669198961454589070e-01 3.918449905562213648e-02
1.618796861375143281e-01 4.559473783105775363e-02
1.603972714292953294e-01 4.763874143315074278e-02
1.595078226043639413e-01 4.890134752980502403e-02
1.580254078961449427e-01 5.106743286649655794e-02
1.547640955380631400e-01 5.611360452277151800e-02
1.512063002383375598e-01 6.208019373546608266e-02
1.497238855301185612e-01 6.471511146186322005e-02
1.446836755221739823e-01 7.436474473110443739e-02
1.405329143391607916e-01 8.315790427254622641e-02
1.313419431482030220e-01 1.055967786728839730e-01
1.274876649068336365e-01 1.163178451872034641e-01
1.185931766575196444e-01 1.442778897652365333e-01
1.082162736999866814e-01 1.830252617176621188e-01
1.079197907583429039e-01 1.842348065684406011e-01
1.046584784002610874e-01 1.979283280303456294e-01
9.991475133396031383e-02 2.191394989321321374e-01
1.013971660421793125e-01 2.123442977666193665e-01
9.517102426765951251e-02 2.419185580794080970e-01
9.546750720930331779e-02 2.404482904223856909e-01
1.016936489838230900e-01 2.110035398677407303e-01
9.843233662574131515e-02 2.260878733589901379e-01
1.094022054665618748e-01 1.782453295306301311e-01
1.159248301827254524e-01 1.535893021574786799e-01
1.180002107742320477e-01 1.463091416155722080e-01
1.123670348829998722e-01 1.666989359378410751e-01
1.105881372331370821e-01 1.735580107587945953e-01
1.043619954586172960e-01 1.992088056805922103e-01
1.025830978087544920e-01 2.070176621451680632e-01
9.902530250902891185e-02 2.232900733959704287e-01
9.013081425971493366e-02 2.678745115430254953e-01
7.856797953560677727e-02 3.343666959025654029e-01
6.552273010327960834e-02 4.209985332258585622e-01
4.980913419615826121e-02 5.409135574273699065e-01
3.706036770547489062e-02 6.492470972426016562e-01
2.460808415643532879e-02 7.627018295362357758e-01
1.304524943232716200e-02 8.728461448268055589e-01
-1.482414708218995642e-03 9.854903971587298805e-01
-1.601007884876515242e-02 8.442796520983791853e-01
-2.253270356492873341e-02 7.821920330317586600e-01
-3.379905534739310186e-02 6.783166922166690149e-01
-4.625133889643266022e-02 5.702320701024229388e-01
-5.455286126245904171e-02 5.030191806303059288e-01
-6.404031539506060966e-02 4.316059353132889465e-01
-6.433679833670441495e-02 4.294722720994228471e-01
-5.988955421204742585e-02 4.621091904392963245e-01
-6.018603715369122420e-02 4.598916382854670859e-01
-5.573879302903423510e-02 4.937674321715974646e-01
-5.277396361259623775e-02 5.170649848479640376e-01
-5.336692949588384138e-02 5.123608116645708144e-01
-5.603527597067804039e-02 4.914686659678587644e-01
-5.811065656218463576e-02 4.755378256161361117e-01
-5.188451478766484964e-02 5.241625362563739898e-01
-5.129154890437724601e-02 5.289215487719876041e-01
-4.921616831287065758e-02 5.457477395487861926e-01
-4.328650947999467674e-02 5.952228501484999601e-01
-3.498498711396829525e-02 6.676881514184496158e-01
-2.520105003972292548e-02 7.571598568220951897e-01
-1.867842532355934448e-02 8.187409513033527819e-01
-1.156283472410816505e-02 8.871935995775296346e-01
-6.522624716163580999e-03 9.362216548281087070e-01
-5.929658832875982135e-04 9.941958928102592186e-01
3.854278241369388930e-03 9.622868871938534685e-01
7.708556482738777860e-03 9.246571451663863073e-01
1.037690295753296993e-02 8.986982048648328725e-01
1.274876649068336365e-02 8.757124792136103952e-01
1.541711296547755572e-02 8.499779917054914868e-01
1.956787414849073953e-02 8.102687891826182431e-01
1.512063002383375564e-02 8.528300929131141794e-01
1.956787414849073953e-02 8.102687891826182431e-01
2.253270356492873341e-02 7.821920330317586600e-01
2.045732297342214151e-02 8.018185775483293032e-01
1.749249355698414762e-02 8.300696778096683381e-01
1.689952767369655093e-02 8.357473386901990153e-01
1.423118119890235886e-02 8.613976889420622562e-01
8.005039424382576208e-03 9.217683837331315244e-01
8.894488249313974287e-04 9.912939342373472407e-01
-1.008042001588917158e-02 9.015777484609692749e-01
-2.282918650657253176e-02 7.793991000097524324e-01
-3.320608946410550516e-02 6.836549817031285503e-01
-4.091464594684428302e-02 6.155646465962631986e-01
-4.210057771341947641e-02 6.053558496593003380e-01
-4.180409477177567806e-02 6.079010046257529165e-01
-4.150761183013187972e-02 6.104508724027611910e-01
-4.476892418821366154e-02 5.826655575414094734e-01
-4.447244124656987013e-02 5.851672042832731790e-01
-4.328650947999467674e-02 5.952228501484999601e-01
-4.150761183013187972e-02 6.104508724027611910e-01
-4.447244124656987013e-02 5.851672042832731790e-01
-4.417595830492607872e-02 5.876737803767448920e-01
-4.121112888848808137e-02 6.130054280839929426e-01
-3.439202123068069855e-02 6.729943383228373932e-01
-3.379905534739310186e-02 6.783166922166690149e-01
-2.935181122273611623e-02 7.187259347034499202e-01
-2.431160121479152697e-02 7.654773585553373838e-01
-2.016084003177834316e-02 8.046328177724200170e-01
-1.689952767369655093e-02 8.357473386901990153e-01
-1.126635178246436671e-02 8.900676414656445434e-01
-1.096986884082056836e-02 8.929431143060262421e-01
-1.482414708218995555e-02 8.556841003043771376e-01
-2.282918650657253176e-02 7.793991000097524324e-01
-2.668346474794192069e-02 7.433594574316628734e-01
-2.460808415643532879e-02 7.627018295362357758e-01
-2.668346474794192069e-02 7.433594574316628734e-01
-2.994477710602371293e-02 7.132898626942123510e-01
-3.498498711396829525e-02 6.676881514184496158e-01
-4.091464594684428302e-02 6.155646465962631986e-01
-3.587443593889969723e-02 6.597596845177695624e-01
-2.786939651451711755e-02 7.323773754862044072e-01
-2.846236239780471772e-02 7.269064540756902115e-01
-2.994477710602371293e-02 7.132898626942123510e-01
-2.846236239780471772e-02 7.269064540756902115e-01
-2.935181122273611623e-02 7.187259347034499202e-01
-2.668346474794192069e-02 7.433594574316628734e-01
-2.638698180629811887e-02 7.461131743107052294e-01
-2.431160121479152697e-02 7.654773585553373838e-01
-2.342215238986013193e-02 7.738217178513379091e-01
-2.164325473999733837e-02 7.905873935986582612e-01
-1.956787414849073953e-02 8.102687891826182431e-01
-1.482414708218995555e-02 8.556841003043771376e-01
-1.008042001588917158e-02 9.015777484609692749e-01
-6.226141774519782651e-03 9.391149602969872667e-01
-8.301522366026376290e-03 9.188806437371819236e-01
-9.487454132601571416e-03 9.073406465970995649e-01
-1.185931766575196427e-03 9.883920896866599248e-01
-5.336692949588385006e-03 9.477995014573001864e-01
-7.708556482738777860e-03 9.246571451663863073e-01
-9.783937074245369764e-03 9.044585747676215925e-01
-1.363821531561476043e-02 8.671184675178263968e-01
-1.156283472410816505e-02 8.871935995775296346e-01
-1.452766414054615894e-02 8.585399777232740615e-01
-2.105028885670973821e-02 7.961977612492739942e-01
-2.727643063122952086e-02 7.378617950653341140e-01
-2.935181122273611623e-02 7.187259347034499202e-01
-3.083422593095511144e-02 7.051627864718528205e-01
-3.261312358081790846e-02 6.890089730484230124e-01
-2.638698180629811887e-02 7.461131743107052294e-01
-2.431160121479152697e-02 7.654773585553373838e-01
-1.719601061534034928e-02 8.329074296730538673e-01
-1.363821531561476043e-02 8.671184675178263968e-01
-6.819107657807380214e-03 9.333291829600072198e-01
-6.819107657807380214e-03 9.333291829600072198e-01
-8.301522366026376290e-03 9.188806437371819236e-01
-1.719601061534034928e-02 8.329074296730538673e-01
-2.253270356492873341e-02 7.821920330317586600e-01
-1.956787414849073953e-02 8.102687891826182431e-01
-2.105028885670973821e-02 7.961977612492739942e-01
-1.423118119890235886e-02 8.613976889420622562e-01
-1.215580060739576349e-02 8.814499563060378406e-01
-1.156283472410816505e-02 8.871935995775296346e-01
-1.156283472410816505e-02 8.871935995775296346e-01
-1.393469825725855878e-02 8.642571976626228780e-01
-8.598005307670174638e-03 9.159939626331864426e-01
-1.185931766575196427e-03 9.883920896866599248e-01
5.929658832875982569e-03 9.420090616967976560e-01
7.412073541094977777e-03 9.275468905428219113e-01
1.156283472410816505e-02 8.871935995775296346e-01
1.185931766575196514e-02 8.843210255678012333e-01
1.571359590712135407e-02 8.471278327644229389e-01
2.342215238986013193e-02 7.738217178513379091e-01
2.816587945616091937e-02 7.296402116268713156e-01
3.083422593095511144e-02 7.051627864718528205e-01
2.757291357287331920e-02 7.351179139191905687e-01
2.164325473999733837e-02 7.905873935986582612e-01
1.719601061534034928e-02 8.329074296730538673e-01
1.838194238191554614e-02 8.215697200589215932e-01
1.660304473205275258e-02 8.385893692449536418e-01
1.274876649068336365e-02 8.757124792136103952e-01
1.096986884082056836e-02 8.929431143060262421e-01
1.008042001588917158e-02 9.015777484609692749e-01
8.894488249313972986e-03 9.131083778348803026e-01
2.964829416437991067e-04 9.970979274004432291e-01
-7.115590599451179429e-03 9.304375823302792892e-01
-1.838194238191554614e-02 8.215697200589215932e-01
-2.638698180629811887e-02 7.461131743107052294e-01
-3.142719181424270813e-02 6.997631148740800500e-01
-4.091464594684428302e-02 6.155646465962631986e-01
-4.565837301314506352e-02 5.751904245813735939e-01
-4.832671948793926253e-02 5.530385568064644097e-01
-5.188451478766484964e-02 5.241625362563739898e-01
-5.218099772930864799e-02 5.217912047571033884e-01
-5.336692949588384138e-02 5.123608116645708144e-01
-5.929658832875982222e-02 4.665619685091459967e-01
-6.255790068684162486e-02 4.423650702271484381e-01
-7.026645716958039578e-02 3.880891952998221095e-01
-7.412073541094978124e-02 3.625285898516916738e-01
-7.085942305286800635e-02 3.840875631652067579e-01
-6.552273010327960834e-02 4.209985332258585622e-01
-6.374383245341681825e-02 4.337456682186658918e-01
-6.018603715369122420e-02 4.598916382854670859e-01
-5.722120773725323378e-02 4.823307735484855252e-01
-5.870362244547223246e-02 4.710382183974096693e-01
-6.374383245341681825e-02 4.337456682186658918e-01
-7.323128658601839314e-02 3.683325449275859365e-01
-7.797501365231916670e-02 3.380387516657661351e-01
-8.360818954355135613e-02 3.041872633676573900e-01
-7.619611600245639049e-02 3.492080766592342567e-01
-7.382425246930598983e-02 3.644569096425660515e-01
-7.412073541094978124e-02 3.625285898516916738e-01
-8.212577483533235745e-02 3.128715399845397038e-01
-8.153280895204477463e-02 3.163900668191798604e-01
-8.034687718546955348e-02 3.235039408163397079e-01
-9.013081425971493366e-02 2.678745115430254953e-01
-9.428157544272812440e-02 2.463668942986090571e-01
-9.932178545067270325e-02 2.219004069689727299e-01
-1.013971660421793125e-01 2.123442977666193665e-01
-1.132564837079312742e-01 1.633460027612821663e-01
-1.174072448909444649e-01 1.483619832413657080e-01
-1.260052501986146101e-01 1.206599088162962907e-01
-1.257087672569708325e-01 1.215432029779579537e-01
-1.313419431482030220e-01 1.055967786728839730e-01
-1.274876649068336365e-01 1.163178451872034641e-01
-1.257087672569708325e-01 1.215432029779579537e-01
-1.277841478484774140e-01 1.154642006152676176e-01
-1.301560113816278008e-01 1.088095184964528450e-01
-1.289700796150526074e-01 1.120983064239347154e-01
-1.230404207821766405e-01 1.297196742767764144e-01
-1.052514442835486980e-01 1.953852772556970430e-01
-9.220619485122152903e-02 2.569660949863233901e-01
-8.716598484327695018e-02 2.839975271296167336e-01
-8.657301895998935348e-02 2.872985839667833163e-01
-8.420115542683895282e-02 3.007583610275597064e-01
-7.945742836053816538e-02 3.289065401280076850e-01
-7.026645716958039578e-02 3.880891952998221095e-01
-6.077900303697882090e-02 4.554742759807657304e-01
-5.158803184602105130e-02 5.265393238943145704e-01
-4.714078772136406220e-02 5.628325879478939253e-01
-3.943223123862528434e-02 6.284297924686068626e-01
-3.646740182218729392e-02 6.544949118504775898e-01
-3.617091888054349558e-02 6.571251923062654265e-01
-2.994477710602371293e-02 7.132898626942123510e-01
-2.697994768958572598e-02 7.406089869392304958e-01
-2.075380591506593986e-02 7.990068805269330277e-01
-1.749249355698414762e-02 8.300696778096683381e-01
-1.719601061534034928e-02 8.329074296730538673e-01
-1.689952767369655093e-02 8.357473386901990153e-01
-1.660304473205275258e-02 8.385893692449536418e-01
-9.783937074245369764e-03 9.044585747676215925e-01
-7.412073541094977777e-03 9.275468905428219113e-01
-1.185931766575196514e-02 8.843210255678012333e-01
-1.215580060739576349e-02 8.814499563060378406e-01
-8.005039424382576208e-03 9.217683837331315244e-01
2.371863533150392854e-03 9.767866116195857984e-01
8.005039424382576208e-03 9.217683837331315244e-01
1.363821531561476043e-02 8.671184675178263968e-01
2.638698180629811887e-02 7.461131743107052294e-01
4.210057771341947641e-02 6.053558496593003380e-01
6.137196892026642453e-02 4.510806584565586475e-01
7.649259894410016802e-02 3.473305851482736406e-01
9.635695603423471978e-02 2.360749260676175687e-01
1.096986884082056801e-01 1.770648480050676654e-01
1.144424154745064676e-01 1.589540643170408718e-01
1.274876649068336365e-01 1.163178451872034641e-01
1.402364313975169863e-01 8.381661705058560119e-02
1.509098172966937546e-01 6.260002654566533542e-02
1.538746467131317519e-01 5.755903576041646041e-02
1.500203684717623664e-01 6.418094321298527249e-02
1.506133343550499493e-01 6.312341774767342428e-02
1.420153290473797902e-01 7.992637520990411582e-02
1.277841478484774140e-01 1.154642006152676176e-01
1.230404207821766405e-01 1.297196742767764144e-01
1.182966937158758669e-01 1.452908242710748976e-01
1.108846201747808735e-01 1.724005591890398759e-01
1.088092395832742781e-01 1.806236701500917030e-01
1.102916542914932768e-01 1.747212010526229820e-01
1.144424154745064676e-01 1.589540643170408718e-01
1.245228354903956391e-01 1.251265199663869621e-01
1.274876649068336365e-01 1.163178451872034641e-01
1.239298696071080425e-01 1.269484857253959653e-01
1.236333866654642372e-01 1.278671008578481649e-01
1.268946990235460259e-01 1.180398538126406216e-01
1.316384260898467995e-01 1.048053514544350084e-01
1.328243578564220206e-01 1.016861715867894561e-01
1.360856702145037955e-01 9.348487417408203604e-02
1.322313919731344101e-01 1.032364892775124582e-01
1.319349090314906048e-01 1.040185939091089334e-01
1.298595284399840233e-01 1.096245444906154970e-01
1.307489772649154114e-01 1.071937090298860223e-01
1.340102896229972140e-01 9.864063092679130340e-02
1.384575337476542101e-01 8.785718776847366296e-02
1.366786360977914061e-01 9.205179918960328111e-02
1.319349090314906048e-01 1.040185939091089334e-01
1.236333866654642372e-01 1.278671008578481649e-01
1.197791084240948517e-01 1.402796853807732336e-01
1.153318642994378695e-01 1.557186154380684195e-01
1.168142790076568543e-01 1.504365308050688299e-01
1.138494495912188709e-01 1.611388442240062058e-01
1.301560113816278008e-01 1.088095184964528450e-01
1.369751190394352114e-01 9.134184281666862804e-02
1.351962213895724074e-01 9.566764831792788637e-02
1.357891872728600180e-01 9.420802694357188756e-02
1.337138066813534087e-01 9.939517144462328702e-02
1.325278749147782154e-01 1.024590207738609038e-01
1.378645678643665995e-01 8.923809293696270684e-02
1.378645678643665995e-01 8.923809293696270684e-02
1.319349090314906048e-01 1.040185939091089334e-01
1.286735966734088299e-01 1.129325101135463943e-01
1.245228354903956391e-01 1.251265199663869621e-01
1.159248301827254524e-01 1.535893021574786799e-01
1.141459325328626762e-01 1.600436637293107256e-01
1.046584784002610874e-01 1.979283280303456294e-01
1.002112342756041052e-01 2.177682400319038702e-01
9.487454132601572110e-02 2.433950768851260715e-01
9.161322896793393233e-02 2.600511546084796621e-01
9.131674602629012705e-02 2.616031639681944965e-01
8.864839955149593498e-02 2.758564741645784801e-01
8.479412131012654952e-02 2.973550534664020639e-01
7.412073541094978124e-02 3.625285898516916738e-01
7.530666717752497463e-02 3.548787408868433468e-01
7.916094541889436009e-02 3.307201990489159193e-01
7.738204776903157001e-02 3.417363481679077664e-01
8.093984306875716406e-02 3.199342018916918606e-01
8.064336012711337265e-02 3.217158712527454223e-01
7.945742836053816538e-02 3.289065401280076850e-01
7.856797953560677727e-02 3.343666959025654029e-01
8.123632601040095547e-02 3.181589335362122739e-01
6.670866186985480173e-02 4.126227550094826446e-01
4.743727066300786055e-02 5.603763285236014191e-01
1.838194238191554614e-02 8.215697200589215932e-01
-5.633175891232183354e-03 9.449039213268972670e-01
-1.452766414054615894e-02 8.585399777232740615e-01
-4.447244124656986493e-03 9.564901871408936218e-01
8.005039424382576208e-03 9.217683837331315244e-01
2.282918650657253176e-02 7.793991000097524324e-01
3.350257240574930351e-02 6.809838595647544901e-01
4.862320242958305394e-02 5.506030392940450824e-01
6.789459363643000900e-02 4.043455626037896211e-01
8.598005307670174291e-02 2.906251790737882090e-01
1.022866148671107006e-01 2.083402316650732056e-01
1.132564837079312742e-01 1.633460027612821663e-01
1.257087672569708325e-01 1.215432029779579537e-01
1.289700796150526074e-01 1.120983064239347154e-01
1.304524943232716339e-01 1.079992455479340946e-01
1.295630454983402458e-01 1.104443401142776171e-01
1.381610508060103770e-01 8.854549230586079844e-02
1.393469825725855704e-01 8.581787909262807157e-02
1.346032555062847968e-01 9.714513765565888082e-02
1.301560113816278008e-01 1.088095184964528450e-01
1.206685572490262398e-01 1.373368257292598982e-01
1.194826254824510464e-01 1.412712360678542722e-01
1.135529666495750795e-01 1.622396193963453470e-01
1.022866148671107006e-01 2.083402316650732056e-01
1.046584784002610874e-01 1.979283280303456294e-01
1.058444101668363085e-01 1.928660274584493850e-01
1.058444101668363085e-01 1.928660274584493850e-01
1.114775860580684702e-01 1.701028214865349941e-01
1.168142790076568543e-01 1.504365308050688299e-01
1.129600007662874689e-01 1.644580077525825412e-01
1.094022054665618748e-01 1.782453295306301311e-01
1.185931766575196444e-01 1.442778897652365333e-01
1.295630454983402458e-01 1.104443401142776171e-01
1.378645678643665995e-01 8.923809293696270684e-02
1.402364313975169863e-01 8.381661705058560119e-02
1.470555390553243691e-01 6.968785893254618447e-02
1.488344367051871731e-01 6.633944252596912783e-02
1.473520219969681744e-01 6.912043905713827208e-02
1.369751190394352114e-01 9.134184281666862804e-02
1.227439378405328491e-01 1.306536638712747778e-01
1.126635178246436775e-01 1.655756477218980061e-01
1.040655125169735046e-01 2.004952656344090867e-01
9.724640485916610788e-02 2.317575706007100333e-01
9.131674602629012705e-02 2.616031639681944965e-01
7.886446247725056868e-02 3.325402515855780949e-01
7.441721835259358653e-02 3.606066084965107166e-01
6.137196892026642453e-02 4.510806584565586475e-01
5.692472479560943543e-02 4.846066389624522630e-01
5.247748067095245328e-02 5.194253481110322479e-01
3.972871418026908269e-02 6.258476416905683903e-01
4.061816300520047773e-02 6.181285027002140220e-01
4.684430477972026385e-02 5.652939792471884939e-01
5.099506596273345460e-02 5.313091918063778119e-01
5.218099772930864799e-02 5.217912047571033884e-01
5.662824185396563709e-02 4.868882533534031332e-01
5.988955421204742585e-02 4.621091904392963245e-01
6.404031539506060966e-02 4.316059353132889465e-01
7.412073541094978124e-02 3.625285898516916738e-01
7.589963306081257133e-02 3.510919355466789460e-01
7.204535481944318587e-02 3.761596509004678790e-01
7.649259894410016802e-02 3.473305851482736406e-01
8.598005307670174291e-02 2.906251790737882090e-01
8.746246778492075546e-02 2.823565692497751467e-01
8.983433131807114225e-02 2.694581987406205470e-01
9.576399015094712308e-02 2.389842671542324326e-01
9.843233662574131515e-02 2.260878733589901379e-01
9.635695603423471978e-02 2.360749260676175687e-01
9.783937074245370458e-02 2.289103510540752284e-01
9.517102426765951251e-02 2.419185580794080970e-01
9.190971190957773762e-02 2.585054666374553278e-01
8.894488249313974026e-02 2.742473685551022888e-01
7.945742836053816538e-02 3.289065401280076850e-01
6.878404246136139710e-02 3.982027141488467814e-01
5.544231008739043676e-02 4.960718833131317895e-01
3.646740182218729392e-02 6.544949118504775898e-01
2.727643063122952086e-02 7.378617950653341140e-01
1.185931766575196514e-02 8.843210255678012333e-01
6.522624716163580999e-03 9.362216548281087070e-01
-1.067338589917677001e-02 8.958199811174174521e-01
-3.261312358081790846e-02 6.890089730484230124e-01
-5.484934420410284006e-02 5.006977743033890205e-01
-7.056294011122418719e-02 3.860852451760948822e-01
-9.813585368409750986e-02 2.274960234345000387e-01
-1.165177960660130768e-01 1.514819803124435593e-01
-1.301560113816278008e-01 1.088095184964528450e-01
-1.420153290473797902e-01 7.992637520990411582e-02
-1.515027831799813374e-01 6.156390236776771580e-02
-1.503168514134061440e-01 6.365038430863736996e-02
-1.354927043312162127e-01 9.493561264478336814e-02
-1.254122843153270273e-01 1.224314951836715654e-01
-1.274876649068336365e-01 1.163178451872034641e-01
-1.283771137317650524e-01 1.137715494382128822e-01
-1.372716019810789889e-01 9.063625106108481877e-02
-1.520957490632689757e-01 6.054187625515336513e-02
-1.529851978882003360e-01 5.903497525911618332e-02
-1.532816808298441413e-01 5.853957767912682658e-02
-1.568394761295697493e-01 5.285704321265086852e-02
-1.592113396627201360e-01 4.932834708127908918e-02
-1.550605784797069453e-01 5.563849565454222906e-02
-1.497238855301185612e-01 6.471511146186322005e-02
-1.473520219969681744e-01 6.912043905713827208e-02
-1.351962213895724074e-01 9.566764831792788637e-02
-1.129600007662874689e-01 1.644580077525825412e-01
-7.945742836053816538e-02 3.289065401280076850e-01
-4.180409477177567806e-02 6.079010046257529165e-01
-3.261312358081790500e-03 9.680855615709162976e-01
2.668346474794192069e-02 7.433594574316628734e-01
6.374383245341681825e-02 4.337456682186658918e-01
7.856797953560677727e-02 3.343666959025654029e-01
9.606047309259091449e-02 2.375264813794352448e-01
9.932178545067270325e-02 2.219004069689727299e-01
9.279916073450913960e-02 2.539062796430360813e-01
7.560315011916877992e-02 3.529821582142212977e-01
6.641217892821101032e-02 4.147074807397599372e-01
6.107548597862261924e-02 4.532744925576422945e-01
5.366341243752763973e-02 5.100170378774893098e-01
5.840713950382842717e-02 4.732851096142309810e-01
6.107548597862261924e-02 4.532744925576422945e-01
6.789459363643000900e-02 4.043455626037896211e-01
7.471370129423737794e-02 3.586909702515078679e-01
7.649259894410016802e-02 3.473305851482736406e-01
7.589963306081257133e-02 3.510919355466789460e-01
7.471370129423737794e-02 3.586909702515078679e-01
6.848755951971760569e-02 4.002441182705143152e-01
6.819107657807380041e-02 4.022917372086682875e-01
6.463328127834820636e-02 4.273446895722357031e-01
6.967349128629278521e-02 3.921158714755809127e-01
7.619611600245639049e-02 3.492080766592342567e-01
8.034687718546955348e-02 3.235039408163397079e-01
8.568357013505793762e-02 2.922980591971183206e-01
8.360818954355135613e-02 3.041872633676573900e-01
7.412073541094978124e-02 3.625285898516916738e-01
6.077900303697882090e-02 4.554742759807657304e-01
6.759811069478620371e-02 4.064055859092239320e-01
8.093984306875716406e-02 3.199342018916918606e-01
8.924136543478354555e-02 2.726446232915749057e-01
1.117740689997122755e-01 1.689625097633102035e-01
1.197791084240948517e-01 1.402796853807732336e-01
1.070303419334115019e-01 1.878985788604782270e-01
9.220619485122152903e-02 2.569660949863233901e-01
9.487454132601572110e-02 2.433950768851260715e-01
9.606047309259091449e-02 2.375264813794352448e-01
9.546750720930331779e-02 2.404482904223856909e-01
9.961826839231652242e-02 2.205168850087819155e-01
9.190971190957773762e-02 2.585054666374553278e-01
8.301522366026375943e-02 3.076417681216608302e-01
8.005039424382576208e-02 3.252984096087256916e-01
8.805543366820833828e-02 2.790937805667092486e-01
9.517102426765951251e-02 2.419185580794080970e-01
9.783937074245370458e-02 2.289103510540752284e-01
1.034725466336858940e-01 2.030861741795710329e-01
1.123670348829998722e-01 1.666989359378410751e-01
1.200755913657386431e-01 1.392934434435438018e-01
1.331208407980657982e-01 1.009179248801595208e-01
1.446836755221739823e-01 7.436474473110443739e-02
1.568394761295697493e-01 5.285704321265086852e-02
1.633621008457333268e-01 4.362442303643918745e-02
1.749249355698415109e-01 3.056727931696735789e-02
1.894525997103876369e-01 1.900342309871601645e-02
1.968646732514826303e-01 1.472677023220517363e-02
2.039802638509338184e-01 1.143706038642478516e-02
2.057591615007965946e-01 1.072322425920695446e-02
2.087239909172345920e-01 9.620393253227372751e-03
2.158395815166858078e-01 7.372030838369841334e-03
2.143571668084667814e-01 7.797633282756045135e-03
2.208797915246303867e-01 6.075121999480940886e-03
2.285883480073691298e-01 4.482828513304689885e-03
2.265129674158625483e-01 4.869770567503778173e-03
2.271059332991501589e-01 4.756272593696596850e-03
2.288848309490129351e-01 4.429862876378911837e-03
2.324426262487385431e-01 3.836671249416379742e-03
2.383722850816145378e-01 3.005090326244673395e-03
2.389652509649020928e-01 2.931614372032484601e-03
2.321461433070947100e-01 3.883224014314878500e-03
2.303672456572319338e-01 4.173364089749721263e-03
2.262164844742187153e-01 4.927424179411066425e-03
2.220657232912055246e-01 5.801256941935437061e-03
2.119853032753163946e-01 8.524020698076851740e-03
2.022013662010710144e-01 1.219232214887568111e-02
1.965681903098388250e-01 1.488015798153693656e-02
1.894525997103876369e-01 1.900342309871601645e-02
1.817440432276488660e-01 2.455243692887887352e-02
1.772967991029918700e-01 2.834664787992183591e-02
1.770003161613480647e-01 2.861647587325020364e-02
1.743319696865539004e-01 3.114500078153348284e-02
1.716636232117596805e-01 3.386087390483003695e-02
1.746284526281977056e-01 3.085499081993221468e-02
1.749249355698415109e-01 3.056727931696735789e-02
1.758143843947728713e-01 2.971779462889076462e-02
1.775932820446356752e-01 2.807899303538568744e-02
1.781862479279232858e-01 2.755014812891397324e-02
1.823370091109364766e-01 2.408105534906180081e-02
1.814475602860050885e-01 2.479108113511654596e-02
1.817440432276488660e-01 2.455243692887887352e-02
1.823370091109364766e-01 2.408105534906180081e-02
1.787792138112108686e-01 2.702983232341875722e-02
1.772967991029918700e-01 2.834664787992183591e-02
1.743319696865539004e-01 3.114500078153348284e-02
1.761108673364166766e-01 2.943913627031042451e-02
1.787792138112108686e-01 2.702983232341875722e-02
1.805581114610736726e-01 2.551898322036246988e-02
1.876737020605248607e-01 2.017706377689836711e-02
1.897490826520314422e-01 1.881367452801079726e-02
1.924174291268256343e-01 1.717849415869470570e-02
1.897490826520314422e-01 1.881367452801079726e-02
1.885631508854562488e-01 1.958264134134853757e-02
1.725530720366910964e-01 3.293412474042414773e-02
1.568394761295697493e-01 5.285704321265086852e-02
1.346032555062847968e-01 9.714513765565888082e-02
