-2.138380005133151684e-02 7.930409299725358352e-01
-1.949699416444932235e-02 8.109431414567740415e-01
-2.075486475570411521e-02 7.989968436069161406e-01
-2.075486475570411521e-02 7.989968436069161406e-01
-2.138380005133151684e-02 7.930409299725358352e-01
-2.578634712072329707e-02 7.517016524455237825e-01
-2.452847652946850074e-02 7.634467824479787001e-01
-2.264167064258631318e-02 7.811652145047431883e-01
-2.327060593821370788e-02 7.752460630206998715e-01
-2.452847652946850074e-02 7.634467824479787001e-01
-2.830208830323288627e-02 7.283838562478978096e-01
-2.704421771197809340e-02 7.400131856091287652e-01
-3.207570007699727527e-02 6.938748297397614451e-01
-2.767315300760548810e-02 7.341909756378273144e-01
-2.515741182509589891e-02 7.575672907092484420e-01
-1.383657650380274405e-02 8.652039487179420396e-01
-1.257870591254795032e-03 9.876880056033969790e-01
1.509444709505754038e-02 8.530820591048181578e-01
2.893102359886028443e-02 7.225921304927376276e-01
3.270463537262466996e-02 6.881816820923217781e-01
3.773611773764384836e-02 6.432875894924589000e-01
4.717014717205481045e-02 5.625891256877312285e-01
5.849098249334797051e-02 4.726491155334555661e-01
6.540927074524933993e-02 4.218049974598343521e-01
7.044075311026852526e-02 3.869103572369352317e-01
7.484330017966030202e-02 3.578555982791269408e-01
8.176158843156168532e-02 3.150295063329416334e-01
8.679307079658087065e-02 2.860705704472927824e-01
9.496922963973701559e-02 2.429228384789670070e-01
1.050321943697753863e-01 1.963227957796166989e-01
1.037743237785205830e-01 2.017645868169401502e-01
9.937177670912880623e-02 2.216666949627855432e-01
1.018875178916383850e-01 2.101301082593093339e-01
9.811390611787400295e-02 2.276005092004192154e-01
9.874284141350141153e-02 2.246197402136657917e-01
9.434029434410962089e-02 2.460714897051669847e-01
9.748497082224662214e-02 2.306090796356485007e-01
9.371135904848224008e-02 2.492483528677916782e-01
8.616413550095344820e-02 2.895897245313718837e-01
8.050371784030688205e-02 3.225572476306823866e-01
7.798797665779728938e-02 3.379582026056137112e-01
7.547223547528769672e-02 3.538188270221312992e-01
7.232755899715072323e-02 3.742879595072812204e-01
6.792501192775891872e-02 4.041345605954039799e-01
6.603820604087673463e-02 4.173458518833366160e-01
6.100672367585756317e-02 4.537841515911062995e-01
5.534630601521097620e-02 4.968193028289616953e-01
5.157269424144659414e-02 5.266624275418723133e-01
4.213866480703563205e-02 6.050292342419572034e-01
3.899398832889864469e-02 6.322548199862104701e-01
3.899398832889864469e-02 6.322548199862104701e-01
3.270463537262466996e-02 6.881816820923217781e-01
2.452847652946850074e-02 7.634467824479787001e-01
2.075486475570411521e-02 7.989968436069161406e-01
1.383657650380274405e-02 8.652039487179420396e-01
9.434029434410962089e-03 9.078601106512387275e-01
7.547223547528770192e-03 9.262294974582616636e-01
1.886805886882192548e-03 9.815329153991656508e-01
-5.031482365019180128e-03 9.507810323064186386e-01
-1.006296473003836026e-02 9.017473205051368401e-01
-1.383657650380274405e-02 8.652039487179420396e-01
-1.383657650380274405e-02 8.652039487179420396e-01
-1.320764120817534935e-02 8.712768732097727620e-01
-1.069190002566575842e-02 8.956402926452933233e-01
-1.383657650380274405e-02 8.652039487179420396e-01
-1.194977061692055302e-02 8.834449398075647775e-01
-1.509444709505754038e-02 8.530820591048181578e-01
-1.132083532129315659e-02 8.895393813427971974e-01
-4.402547069391782829e-03 9.569270598442802811e-01
-4.402547069391782829e-03 9.569270598442802811e-01
-3.773611773764385096e-03 9.630756236008926052e-01
-5.660417660646578294e-03 9.446379020404666038e-01
-5.660417660646578294e-03 9.446379020404666038e-01
-1.194977061692055302e-02 8.834449398075647775e-01
-1.132083532129315659e-02 8.895393813427971974e-01
-1.446551179943014222e-02 8.591388950154204007e-01
-1.886805886882192418e-02 8.169328632703103388e-01
-1.509444709505754038e-02 8.530820591048181578e-01
-1.383657650380274405e-02 8.652039487179420396e-01
-1.572338239068493682e-02 8.470337865694711477e-01
-1.698125298193972968e-02 8.349643065117116070e-01
-1.761018827756713132e-02 8.289437825363835666e-01
-1.823912357319452948e-02 8.229331889159010593e-01
-1.823912357319452948e-02 8.229331889159010593e-01
-1.635231768631233498e-02 8.409944215150699787e-01
-1.949699416444932235e-02 8.109431414567740415e-01
-1.698125298193972968e-02 8.349643065117116070e-01
-1.949699416444932235e-02 8.109431414567740415e-01
-1.949699416444932235e-02 8.109431414567740415e-01
-1.823912357319452948e-02 8.229331889159010593e-01
-1.823912357319452948e-02 8.229331889159010593e-01
-1.446551179943014222e-02 8.591388950154204007e-01
-1.761018827756713132e-02 8.289437825363835666e-01
-1.572338239068493682e-02 8.470337865694711477e-01
-1.383657650380274405e-02 8.652039487179420396e-01
-1.949699416444932235e-02 8.109431414567740415e-01
-2.264167064258631318e-02 7.811652145047431883e-01
-1.886805886882192418e-02 8.169328632703103388e-01
-1.886805886882192418e-02 8.169328632703103388e-01
-2.138380005133151684e-02 7.930409299725358352e-01
-2.830208830323288627e-02 7.283838562478978096e-01
-2.955995889448768260e-02 7.168160988425096303e-01
-2.955995889448768260e-02 7.168160988425096303e-01
-2.704421771197809340e-02 7.400131856091287652e-01
-2.515741182509589891e-02 7.575672907092484420e-01
-2.452847652946850074e-02 7.634467824479787001e-01
-2.327060593821370788e-02 7.752460630206998715e-01
-2.138380005133151684e-02 7.930409299725358352e-01
-2.012592946007672051e-02 8.049643575139560081e-01
-2.515741182509589891e-02 7.575672907092484420e-01
-3.207570007699727527e-02 6.938748297397614451e-01
-3.333357066825207160e-02 6.825059746125943239e-01
-3.584931185076165733e-02 6.599831251701716583e-01
-3.710718244201645366e-02 6.488335103680014093e-01
-3.647824714638905896e-02 6.543987765937969714e-01
-4.025185892015344102e-02 6.213025083741285925e-01
-3.962292362452603939e-02 6.267684814469836052e-01
-4.088079421578084266e-02 6.158571476589482785e-01
-4.717014717205481045e-02 5.625891256877312285e-01
-5.157269424144659414e-02 5.266624275418723133e-01
-5.031482365019179781e-02 5.368077064263088172e-01
-5.157269424144659414e-02 5.266624275418723133e-01
-5.471737071958358845e-02 5.017304072827533101e-01
-5.597524131083837090e-02 4.919336819965118845e-01
-5.974885308460276684e-02 4.631636320675444063e-01
-6.289352956273974726e-02 4.399159133493760754e-01
-7.232755899715072323e-02 3.742879595072812204e-01
-7.861691195342469796e-02 3.340648138305191139e-01
-8.616413550095344820e-02 2.895897245313718837e-01
-8.930881197909044944e-02 2.722809043660822659e-01
-8.679307079658087065e-02 2.860705704472927824e-01
-9.434029434410962089e-02 2.460714897051669847e-01
-9.496922963973701559e-02 2.429228384789670070e-01
-9.434029434410962089e-02 2.460714897051669847e-01
-9.245348845722743680e-02 2.556869472928865461e-01
-9.245348845722743680e-02 2.556869472928865461e-01
-9.308242375285483150e-02 2.524534867506728064e-01
-9.245348845722743680e-02 2.556869472928865461e-01
-9.056668257034525271e-02 2.655578048817284209e-01
-9.811390611787400295e-02 2.276005092004192154e-01
-9.748497082224662214e-02 2.306090796356485007e-01
-9.496922963973701559e-02 2.429228384789670070e-01
-9.182455316160004211e-02 2.589487875546603868e-01
-9.434029434410962089e-02 2.460714897051669847e-01
-8.867987668346305474e-02 2.756853360328775371e-01
-9.056668257034525271e-02 2.655578048817284209e-01
-8.867987668346305474e-02 2.756853360328775371e-01
-9.245348845722743680e-02 2.556869472928865461e-01
-8.993774727471783026e-02 2.689050733719113850e-01
-8.867987668346305474e-02 2.756853360328775371e-01
-8.867987668346305474e-02 2.756853360328775371e-01
-8.805094138783564617e-02 2.791184034661372548e-01
-8.805094138783564617e-02 2.791184034661372548e-01
-8.993774727471783026e-02 2.689050733719113850e-01
-9.056668257034525271e-02 2.655578048817284209e-01
-9.245348845722743680e-02 2.556869472928865461e-01
-9.308242375285483150e-02 2.524534867506728064e-01
-9.874284141350141153e-02 2.246197402136657917e-01
-1.018875178916383850e-01 2.101301082593093339e-01
-1.018875178916383850e-01 2.101301082593093339e-01
-9.811390611787400295e-02 2.276005092004192154e-01
-9.748497082224662214e-02 2.306090796356485007e-01
-9.874284141350141153e-02 2.246197402136657917e-01
-9.496922963973701559e-02 2.429228384789670070e-01
-1.000007120047562009e-01 2.187412931755899348e-01
-9.685603552661921356e-02 2.336455266356398663e-01
-9.496922963973701559e-02 2.429228384789670070e-01
-9.811390611787400295e-02 2.276005092004192154e-01
-9.748497082224662214e-02 2.306090796356485007e-01
-9.559816493536442417e-02 2.398023375950734948e-01
-9.622710023099181886e-02 2.367099226839135817e-01
-9.056668257034525271e-02 2.655578048817284209e-01
-8.930881197909044944e-02 2.722809043660822659e-01
-8.679307079658087065e-02 2.860705704472927824e-01
-8.553520020532606738e-02 2.931376233945193199e-01
-8.050371784030688205e-02 3.225572476306823866e-01
-8.239052372718908002e-02 3.113088491298095506e-01
-8.301945902281646084e-02 3.076170029220237079e-01
-8.427732961407126411e-02 3.003197292563696830e-01
-8.239052372718908002e-02 3.113088491298095506e-01
-8.301945902281646084e-02 3.076170029220237079e-01
-8.239052372718908002e-02 3.113088491298095506e-01
-7.987478254467947347e-02 3.263643201191993581e-01
-7.987478254467947347e-02 3.263643201191993581e-01
-8.239052372718908002e-02 3.113088491298095506e-01
-8.364839431844386941e-02 3.039539649912507135e-01
-7.987478254467947347e-02 3.263643201191993581e-01
-7.987478254467947347e-02 3.263643201191993581e-01
-7.924584724905207878e-02 3.302001803424131632e-01
-7.798797665779728938e-02 3.379582026056137112e-01
-7.421436488403290732e-02 3.619209421020045392e-01
-6.981181781464111669e-02 3.911742955660200138e-01
-6.729607663213152402e-02 4.085105435499297721e-01
-6.163565897148496481e-02 4.491344853960210770e-01
-5.723311190209318111e-02 4.822395149452705088e-01
-5.220162953707399578e-02 5.216263908531391102e-01
-4.213866480703563205e-02 6.050292342419572034e-01
-3.773611773764384836e-02 6.432875894924589000e-01
-3.522037655513426263e-02 6.655862899790151443e-01
-3.522037655513426263e-02 6.655862899790151443e-01
-3.207570007699727527e-02 6.938748297397614451e-01
-2.893102359886028443e-02 7.225921304927376276e-01
-2.389954123384110604e-02 7.693398124028305585e-01
-2.264167064258631318e-02 7.811652145047431883e-01
-2.327060593821370788e-02 7.752460630206998715e-01
-1.572338239068493682e-02 8.470337865694711477e-01
-1.761018827756713132e-02 8.289437825363835666e-01
-1.320764120817534935e-02 8.712768732097727620e-01
-1.383657650380274405e-02 8.652039487179420396e-01
-1.194977061692055302e-02 8.834449398075647775e-01
-1.132083532129315659e-02 8.895393813427971974e-01
-1.194977061692055302e-02 8.834449398075647775e-01
-1.006296473003836026e-02 9.017473205051368401e-01
-8.805094138783565658e-03 9.139783078121780369e-01
-1.069190002566575842e-02 8.956402926452933233e-01
-7.547223547528770192e-03 9.262294974582616636e-01
-8.805094138783565658e-03 9.139783078121780369e-01
-1.320764120817534935e-02 8.712768732097727620e-01
-1.383657650380274405e-02 8.652039487179420396e-01
-8.805094138783565658e-03 9.139783078121780369e-01
-5.660417660646578294e-03 9.446379020404666038e-01
-6.289352956273975160e-04 9.938438213902267560e-01
3.773611773764385096e-03 9.630756236008926052e-01
8.176158843156167491e-03 9.201015557773299935e-01
6.918288251901372025e-03 9.323617749503775309e-01
1.006296473003836026e-02 9.017473205051368401e-01
1.823912357319452948e-02 8.229331889159010593e-01
2.641528241635069871e-02 7.458501805716265531e-01
3.962292362452603939e-02 6.267684814469836052e-01
4.402547069391782308e-02 5.889479366447399888e-01
4.968588835456440311e-02 5.419165784329440516e-01
5.786204719772056887e-02 4.774312710810785232e-01
6.100672367585756317e-02 4.537841515911062995e-01
7.358542958840551262e-02 3.660148153788543857e-01
7.610117077091509141e-02 3.498106677953666255e-01
8.050371784030688205e-02 3.225572476306823866e-01
8.553520020532606738e-02 2.931376233945193199e-01
9.308242375285483150e-02 2.524534867506728064e-01
9.811390611787400295e-02 2.276005092004192154e-01
1.037743237785205830e-01 2.017645868169401502e-01
1.100636767347945577e-01 1.756195352789323427e-01
1.132083532129315451e-01 1.635261410249644887e-01
1.163530296910685324e-01 1.520653382172236501e-01
1.138372885085589398e-01 1.611838854903369644e-01
1.182398355779507304e-01 1.454856948834836738e-01
1.188687708735781251e-01 1.433411360920883726e-01
1.207555767604603231e-01 1.370514607418705511e-01
1.207555767604603231e-01 1.370514607418705511e-01
1.201266414648329284e-01 1.391241614103794488e-01
1.188687708735781251e-01 1.433411360920883726e-01
1.182398355779507304e-01 1.454856948834836738e-01
1.188687708735781251e-01 1.433411360920883726e-01
1.176109002823233357e-01 1.476544890033661406e-01
1.119504826216767418e-01 1.682866999409210751e-01
1.056611296654027948e-01 1.936421690945016594e-01
1.012585825960110042e-01 2.129730863278504749e-01
1.018875178916383850e-01 2.101301082593093339e-01
9.748497082224662214e-02 2.306090796356485007e-01
9.371135904848224008e-02 2.492483528677916782e-01
8.805094138783564617e-02 2.791184034661372548e-01
8.616413550095344820e-02 2.895897245313718837e-01
8.050371784030688205e-02 3.225572476306823866e-01
7.610117077091509141e-02 3.498106677953666255e-01
7.044075311026852526e-02 3.869103572369352317e-01
6.666714133650414320e-02 4.129143366447610708e-01
6.226459426711235950e-02 4.445116997780487189e-01
6.415140015399455053e-02 4.308057933172599885e-01
6.603820604087673463e-02 4.173458518833366160e-01
6.540927074524933993e-02 4.218049974598343521e-01
6.352246485836714196e-02 4.353472408835896701e-01
6.415140015399455053e-02 4.308057933172599885e-01
6.415140015399455053e-02 4.308057933172599885e-01
6.163565897148496481e-02 4.491344853960210770e-01
6.037778838023016154e-02 4.584605759118155488e-01
6.415140015399455053e-02 4.308057933172599885e-01
6.037778838023016154e-02 4.584605759118155488e-01
6.289352956273974726e-02 4.399159133493760754e-01
5.849098249334797051e-02 4.726491155334555661e-01
5.660417660646577254e-02 4.870737016740892544e-01
5.345950012832878517e-02 5.116284205251895312e-01
5.534630601521097620e-02 4.968193028289616953e-01
5.534630601521097620e-02 4.968193028289616953e-01
5.408843542395618681e-02 5.066668346724572114e-01
5.031482365019179781e-02 5.368077064263088172e-01
4.842801776330960678e-02 5.522058343560879434e-01
4.842801776330960678e-02 5.522058343560879434e-01
4.905695305893700148e-02 5.470493525185020633e-01
4.528334128517262636e-02 5.783368031003941478e-01
4.654121187642741575e-02 5.678155282925944070e-01
4.465440598954522472e-02 5.836312468581361657e-01
3.773611773764384836e-02 6.432875894924589000e-01
3.584931185076165733e-02 6.599831251701716583e-01
3.207570007699727527e-02 6.938748297397614451e-01
3.396250596387945936e-02 6.768479884486258147e-01
3.647824714638905896e-02 6.543987765937969714e-01
3.773611773764384836e-02 6.432875894924589000e-01
4.088079421578084266e-02 6.158571476589482785e-01
4.276760010266303369e-02 5.996471586076493887e-01
3.899398832889864469e-02 6.322548199862104701e-01
3.647824714638905896e-02 6.543987765937969714e-01
3.522037655513426263e-02 6.655862899790151443e-01
3.962292362452603939e-02 6.267684814469836052e-01
3.647824714638905896e-02 6.543987765937969714e-01
3.459144125950686793e-02 6.712080018201662668e-01
3.144676478136987363e-02 6.995851335190212961e-01
2.830208830323288627e-02 7.283838562478978096e-01
2.389954123384110604e-02 7.693398124028305585e-01
2.138380005133151684e-02 7.930409299725358352e-01
1.823912357319452948e-02 8.229331889159010593e-01
1.635231768631233498e-02 8.409944215150699787e-01
1.320764120817534935e-02 8.712768732097727620e-01
1.194977061692055302e-02 8.834449398075647775e-01
7.547223547528770192e-03 9.262294974582616636e-01
6.918288251901372025e-03 9.323617749503775309e-01
1.886805886882192548e-03 9.815329153991656508e-01
-1.886805886882192548e-03 9.815329153991656508e-01
-5.660417660646578294e-03 9.446379020404666038e-01
-8.176158843156167491e-03 9.201015557773299935e-01
-1.194977061692055302e-02 8.834449398075647775e-01
-1.509444709505754038e-02 8.530820591048181578e-01
-1.698125298193972968e-02 8.349643065117116070e-01
-1.635231768631233498e-02 8.409944215150699787e-01
-1.886805886882192418e-02 8.169328632703103388e-01
-2.578634712072329707e-02 7.517016524455237825e-01
-2.515741182509589891e-02 7.575672907092484420e-01
-2.767315300760548810e-02 7.341909756378273144e-01
-3.081782948574248240e-02 7.053123065475996878e-01
-3.081782948574248240e-02 7.053123065475996878e-01
-2.893102359886028443e-02 7.225921304927376276e-01
-3.018889419011508077e-02 7.110560591384000872e-01
-2.893102359886028443e-02 7.225921304927376276e-01
-3.081782948574248240e-02 7.053123065475996878e-01
-2.955995889448768260e-02 7.168160988425096303e-01
-3.144676478136987363e-02 6.995851335190212961e-01
-3.207570007699727527e-02 6.938748297397614451e-01
-3.459144125950686793e-02 6.712080018201662668e-01
-3.584931185076165733e-02 6.599831251701716583e-01
-3.522037655513426263e-02 6.655862899790151443e-01
-3.836505303327124999e-02 6.377612738128599634e-01
-3.836505303327124999e-02 6.377612738128599634e-01
-4.088079421578084266e-02 6.158571476589482785e-01
-4.213866480703563205e-02 6.050292342419572034e-01
-4.402547069391782308e-02 5.889479366447399888e-01
-4.779908246768221208e-02 5.573858259566866202e-01
-5.031482365019179781e-02 5.368077064263088172e-01
-5.849098249334797051e-02 4.726491155334555661e-01
-6.415140015399455053e-02 4.308057933172599885e-01
-6.415140015399455053e-02 4.308057933172599885e-01
-6.352246485836714196e-02 4.353472408835896701e-01
-6.037778838023016154e-02 4.584605759118155488e-01
-6.226459426711235950e-02 4.445116997780487189e-01
-6.792501192775891872e-02 4.041345605954039799e-01
-7.044075311026852526e-02 3.869103572369352317e-01
-7.044075311026852526e-02 3.869103572369352317e-01
-6.981181781464111669e-02 3.911742955660200138e-01
-6.855394722338632729e-02 3.997864719760969576e-01
-6.478033544962194523e-02 4.262916777524066170e-01
-6.729607663213152402e-02 4.085105435499297721e-01
-5.974885308460276684e-02 4.631636320675444063e-01
-6.163565897148496481e-02 4.491344853960210770e-01
-5.911991778897536520e-02 4.678931899296554509e-01
-5.408843542395618681e-02 5.066668346724572114e-01
-4.779908246768221208e-02 5.573858259566866202e-01
-4.968588835456440311e-02 5.419165784329440516e-01
-4.276760010266303369e-02 5.996471586076493887e-01
-3.836505303327124999e-02 6.377612738128599634e-01
-3.522037655513426263e-02 6.655862899790151443e-01
-3.522037655513426263e-02 6.655862899790151443e-01
-3.333357066825207160e-02 6.825059746125943239e-01
-3.584931185076165733e-02 6.599831251701716583e-01
-3.899398832889864469e-02 6.322548199862104701e-01
-3.647824714638905896e-02 6.543987765937969714e-01
-3.459144125950686793e-02 6.712080018201662668e-01
-2.389954123384110604e-02 7.693398124028305585e-01
-1.069190002566575842e-02 8.956402926452933233e-01
-8.176158843156167491e-03 9.201015557773299935e-01
-5.660417660646578294e-03 9.446379020404666038e-01
-1.257870591254795032e-03 9.876880056033969790e-01
3.773611773764385096e-03 9.630756236008926052e-01
7.547223547528770192e-03 9.262294974582616636e-01
1.069190002566575842e-02 8.956402926452933233e-01
1.194977061692055302e-02 8.834449398075647775e-01
1.194977061692055302e-02 8.834449398075647775e-01
1.509444709505754038e-02 8.530820591048181578e-01
1.886805886882192418e-02 8.169328632703103388e-01
2.452847652946850074e-02 7.634467824479787001e-01
2.641528241635069871e-02 7.458501805716265531e-01
2.327060593821370788e-02 7.752460630206998715e-01
2.452847652946850074e-02 7.634467824479787001e-01
2.515741182509589891e-02 7.575672907092484420e-01
2.515741182509589891e-02 7.575672907092484420e-01
2.201273534695891154e-02 7.870969448654846490e-01
2.264167064258631318e-02 7.811652145047431883e-01
2.264167064258631318e-02 7.811652145047431883e-01
2.264167064258631318e-02 7.811652145047431883e-01
1.949699416444932235e-02 8.109431414567740415e-01
2.075486475570411521e-02 7.989968436069161406e-01
2.327060593821370788e-02 7.752460630206998715e-01
2.389954123384110604e-02 7.693398124028305585e-01
2.641528241635069871e-02 7.458501805716265531e-01
2.578634712072329707e-02 7.517016524455237825e-01
2.138380005133151684e-02 7.930409299725358352e-01
1.823912357319452948e-02 8.229331889159010593e-01
1.761018827756713132e-02 8.289437825363835666e-01
1.949699416444932235e-02 8.109431414567740415e-01
1.823912357319452948e-02 8.229331889159010593e-01
1.886805886882192418e-02 8.169328632703103388e-01
1.823912357319452948e-02 8.229331889159010593e-01
1.383657650380274405e-02 8.652039487179420396e-01
3.773611773764385096e-03 9.630756236008926052e-01
1.886805886882192548e-03 9.815329153991656508e-01
-5.031482365019180128e-03 9.507810323064186386e-01
-7.547223547528770192e-03 9.262294974582616636e-01
-1.006296473003836026e-02 9.017473205051368401e-01
-1.446551179943014222e-02 8.591388950154204007e-01
-1.257870591254794945e-02 8.773573201277994338e-01
-1.698125298193972968e-02 8.349643065117116070e-01
-1.572338239068493682e-02 8.470337865694711477e-01
-1.635231768631233498e-02 8.409944215150699787e-01
-2.201273534695891154e-02 7.870969448654846490e-01
-1.698125298193972968e-02 8.349643065117116070e-01
-1.823912357319452948e-02 8.229331889159010593e-01
-1.698125298193972968e-02 8.349643065117116070e-01
-1.257870591254794945e-02 8.773573201277994338e-01
-2.075486475570411521e-02 7.989968436069161406e-01
-2.578634712072329707e-02 7.517016524455237825e-01
-3.018889419011508077e-02 7.110560591384000872e-01
-3.018889419011508077e-02 7.110560591384000872e-01
-3.018889419011508077e-02 7.110560591384000872e-01
-2.704421771197809340e-02 7.400131856091287652e-01
-2.327060593821370788e-02 7.752460630206998715e-01
-1.635231768631233498e-02 8.409944215150699787e-01
-7.547223547528770192e-03 9.262294974582616636e-01
2.515741182509590064e-03 9.753789134106297665e-01
1.194977061692055302e-02 8.834449398075647775e-01
1.823912357319452948e-02 8.229331889159010593e-01
2.327060593821370788e-02 7.752460630206998715e-01
2.515741182509589891e-02 7.575672907092484420e-01
4.465440598954522472e-02 5.836312468581361657e-01
5.597524131083837090e-02 4.919336819965118845e-01
7.673010606654249999e-02 3.458311564334323185e-01
9.182455316160004211e-02 2.589487875546603868e-01
1.037743237785205830e-01 2.017645868169401502e-01
1.169819649866959410e-01 1.498476575460442328e-01
1.213845120560877316e-01 1.350024259235654278e-01
1.283028003079891011e-01 1.139826144296571253e-01
1.358500238555178374e-01 9.405927925924308097e-02
1.402525709249096419e-01 8.378065164165458822e-02
1.415104415161644313e-01 8.101544311454259018e-02
1.389947003336548526e-01 8.662100788462638590e-02
1.358500238555178374e-01 9.405927925924308097e-02
1.301896061948712990e-01 1.087174670998793807e-01
1.308185414904986799e-01 1.070053890575763528e-01
1.289317356036164819e-01 1.122059219512561157e-01
1.289317356036164819e-01 1.122059219512561157e-01
1.245291885342247190e-01 1.251071092557396736e-01
1.201266414648329284e-01 1.391241614103794488e-01
1.125794179173041643e-01 1.658937035491611089e-01
1.106926120304219524e-01 1.731494932713311397e-01
1.062900649610301756e-01 1.909882506321631812e-01
9.559816493536442417e-02 2.398023375950734948e-01
8.742200609220825147e-02 2.825801386538025484e-01
8.301945902281646084e-02 3.076170029220237079e-01
7.673010606654249999e-02 3.458311564334323185e-01
7.106968840589591996e-02 3.826746121874277096e-01
6.792501192775891872e-02 4.041345605954039799e-01
6.100672367585756317e-02 4.537841515911062995e-01
5.723311190209318111e-02 4.822395149452705088e-01
5.220162953707399578e-02 5.216263908531391102e-01
4.465440598954522472e-02 5.836312468581361657e-01
3.584931185076165733e-02 6.599831251701716583e-01
2.515741182509589891e-02 7.575672907092484420e-01
2.389954123384110604e-02 7.693398124028305585e-01
1.383657650380274405e-02 8.652039487179420396e-01
1.446551179943014222e-02 8.591388950154204007e-01
1.761018827756713132e-02 8.289437825363835666e-01
2.893102359886028443e-02 7.225921304927376276e-01
4.528334128517262636e-02 5.783368031003941478e-01
5.660417660646577254e-02 4.870737016740892544e-01
6.037778838023016154e-02 4.584605759118155488e-01
6.352246485836714196e-02 4.353472408835896701e-01
7.358542958840551262e-02 3.660148153788543857e-01
8.050371784030688205e-02 3.225572476306823866e-01
8.930881197909044944e-02 2.722809043660822659e-01
8.742200609220825147e-02 2.825801386538025484e-01
9.496922963973701559e-02 2.429228384789670070e-01
9.496922963973701559e-02 2.429228384789670070e-01
1.018875178916383850e-01 2.101301082593093339e-01
1.018875178916383850e-01 2.101301082593093339e-01
1.018875178916383850e-01 2.101301082593093339e-01
9.496922963973701559e-02 2.429228384789670070e-01
9.874284141350141153e-02 2.246197402136657917e-01
9.748497082224662214e-02 2.306090796356485007e-01
9.371135904848224008e-02 2.492483528677916782e-01
9.308242375285483150e-02 2.524534867506728064e-01
8.742200609220825147e-02 2.825801386538025484e-01
8.679307079658087065e-02 2.860705704472927824e-01
8.176158843156168532e-02 3.150295063329416334e-01
7.987478254467947347e-02 3.263643201191993581e-01
9.119561786597263353e-02 2.622390576836686193e-01
9.937177670912880623e-02 2.216666949627855432e-01
1.050321943697753863e-01 1.963227957796166989e-01
1.132083532129315451e-01 1.635261410249644887e-01
1.163530296910685324e-01 1.520653382172236501e-01
1.239002532385972966e-01 1.270400190764991444e-01
1.308185414904986799e-01 1.070053890575763528e-01
1.364789591511452738e-01 9.253241267388605251e-02
1.415104415161644313e-01 8.101544311454259018e-02
1.503155356549480126e-01 6.365273092188877824e-02
1.540891474287123808e-01 5.720767912664188881e-02
1.547180827243397894e-01 5.618763821971541061e-02
1.578627592024767767e-01 5.130986211190737695e-02
1.578627592024767767e-01 5.130986211190737695e-02
1.610074356806137641e-01 4.678837502960241784e-02
1.666678533412603302e-01 3.948601179780886206e-02
1.679257239325151196e-01 3.800045703293346983e-02
1.672967886368877388e-01 3.873724443578914489e-02
1.691835945237699368e-01 3.656224228411257549e-02
1.698125298193973176e-01 3.586052717784565108e-02
1.691835945237699368e-01 3.656224228411257549e-02
1.691835945237699368e-01 3.656224228411257549e-02
1.716993357062795433e-01 3.382324283859298314e-02
1.729572062975343327e-01 3.252019868830224869e-02
1.748440121844165029e-01 3.064558133406317456e-02
1.729572062975343327e-01 3.252019868830224869e-02
1.691835945237699368e-01 3.656224228411257549e-02
1.735861415931617413e-01 3.188480344246787113e-02
1.710704004106521348e-01 3.449116867927747021e-02
1.729572062975343327e-01 3.252019868830224869e-02
1.735861415931617413e-01 3.188480344246787113e-02
1.691835945237699368e-01 3.656224228411257549e-02
1.647810474543781600e-01 4.180565787932900845e-02
1.591206297937315939e-01 4.945960597147219806e-02
1.584916944981041576e-01 5.037768697037176696e-02
1.566048886112219873e-01 5.321712030048714182e-02
1.515734062462028020e-01 6.144144071876069674e-02
1.471708591768110252e-01 6.946670680356380190e-02
1.408815062205370505e-01 8.238873604699581410e-02
1.364789591511452738e-01 9.253241267388605251e-02
1.276738650123616925e-01 1.157811595731704363e-01
1.213845120560877316e-01 1.350024259235654278e-01
1.125794179173041643e-01 1.658937035491611089e-01
1.044032590741479916e-01 1.990302344820730762e-01
9.811390611787400295e-02 2.276005092004192154e-01
9.622710023099181886e-02 2.367099226839135817e-01
8.742200609220825147e-02 2.825801386538025484e-01
8.364839431844386941e-02 3.039539649912507135e-01
7.987478254467947347e-02 3.263643201191993581e-01
7.924584724905207878e-02 3.302001803424131632e-01
7.358542958840551262e-02 3.660148153788543857e-01
6.918288251901373587e-02 3.954663580937131107e-01
6.100672367585756317e-02 4.537841515911062995e-01
5.220162953707399578e-02 5.216263908531391102e-01
4.402547069391782308e-02 5.889479366447399888e-01
3.207570007699727527e-02 6.938748297397614451e-01
3.207570007699727527e-02 6.938748297397614451e-01
3.584931185076165733e-02 6.599831251701716583e-01
4.339653539829043533e-02 5.942866494079307449e-01
4.842801776330960678e-02 5.522058343560879434e-01
5.408843542395618681e-02 5.066668346724572114e-01
6.163565897148496481e-02 4.491344853960210770e-01
6.918288251901373587e-02 3.954663580937131107e-01
7.044075311026852526e-02 3.869103572369352317e-01
7.547223547528769672e-02 3.538188270221312992e-01
7.798797665779728938e-02 3.379582026056137112e-01
8.239052372718908002e-02 3.113088491298095506e-01
8.364839431844386941e-02 3.039539649912507135e-01
9.119561786597263353e-02 2.622390576836686193e-01
9.371135904848224008e-02 2.492483528677916782e-01
9.496922963973701559e-02 2.429228384789670070e-01
9.245348845722743680e-02 2.556869472928865461e-01
9.371135904848224008e-02 2.492483528677916782e-01
9.245348845722743680e-02 2.556869472928865461e-01
8.867987668346305474e-02 2.756853360328775371e-01
8.867987668346305474e-02 2.756853360328775371e-01
8.930881197909044944e-02 2.722809043660822659e-01
9.119561786597263353e-02 2.622390576836686193e-01
8.679307079658087065e-02 2.860705704472927824e-01
8.176158843156168532e-02 3.150295063329416334e-01
7.421436488403290732e-02 3.619209421020045392e-01
6.981181781464111669e-02 3.911742955660200138e-01
6.163565897148496481e-02 4.491344853960210770e-01
5.849098249334797051e-02 4.726491155334555661e-01
4.968588835456440311e-02 5.419165784329440516e-01
3.836505303327124999e-02 6.377612738128599634e-01
2.767315300760548810e-02 7.341909756378273144e-01
2.012592946007672051e-02 8.049643575139560081e-01
1.194977061692055302e-02 8.834449398075647775e-01
7.547223547528770192e-03 9.262294974582616636e-01
3.773611773764385096e-03 9.630756236008926052e-01
-6.289352956273975160e-04 9.938438213902267560e-01
-9.434029434410962089e-03 9.078601106512387275e-01
-1.132083532129315659e-02 8.895393813427971974e-01
-2.012592946007672051e-02 8.049643575139560081e-01
-2.578634712072329707e-02 7.517016524455237825e-01
-3.270463537262466996e-02 6.881816820923217781e-01
-3.710718244201645366e-02 6.488335103680014093e-01
-4.025185892015344102e-02 6.213025083741285925e-01
-4.528334128517262636e-02 5.783368031003941478e-01
-4.528334128517262636e-02 5.783368031003941478e-01
-4.968588835456440311e-02 5.419165784329440516e-01
-5.408843542395618681e-02 5.066668346724572114e-01
-5.911991778897536520e-02 4.678931899296554509e-01
-6.415140015399455053e-02 4.308057933172599885e-01
-7.169862370152331466e-02 3.784671257472183026e-01
-7.232755899715072323e-02 3.742879595072812204e-01
-7.421436488403290732e-02 3.619209421020045392e-01
-7.547223547528769672e-02 3.538188270221312992e-01
-7.861691195342469796e-02 3.340648138305191139e-01
-7.924584724905207878e-02 3.302001803424131632e-01
-8.301945902281646084e-02 3.076170029220237079e-01
-8.050371784030688205e-02 3.225572476306823866e-01
-7.610117077091509141e-02 3.498106677953666255e-01
-7.044075311026852526e-02 3.869103572369352317e-01
-6.540927074524933993e-02 4.218049974598343521e-01
-6.415140015399455053e-02 4.308057933172599885e-01
-6.163565897148496481e-02 4.491344853960210770e-01
-5.849098249334797051e-02 4.726491155334555661e-01
-5.911991778897536520e-02 4.678931899296554509e-01
-5.786204719772056887e-02 4.774312710810785232e-01
-5.597524131083837090e-02 4.919336819965118845e-01
-5.534630601521097620e-02 4.968193028289616953e-01
-5.283056483270139742e-02 5.166149965908253261e-01
-5.345950012832878517e-02 5.116284205251895312e-01
-4.779908246768221208e-02 5.573858259566866202e-01
-4.339653539829043533e-02 5.942866494079307449e-01
-3.836505303327124999e-02 6.377612738128599634e-01
-3.396250596387945936e-02 6.768479884486258147e-01
-3.522037655513426263e-02 6.655862899790151443e-01
-2.767315300760548810e-02 7.341909756378273144e-01
-3.018889419011508077e-02 7.110560591384000872e-01
-2.578634712072329707e-02 7.517016524455237825e-01
-2.641528241635069871e-02 7.458501805716265531e-01
-2.327060593821370788e-02 7.752460630206998715e-01
-2.075486475570411521e-02 7.989968436069161406e-01
-2.012592946007672051e-02 8.049643575139560081e-01
-1.635231768631233498e-02 8.409944215150699787e-01
-1.383657650380274405e-02 8.652039487179420396e-01
-1.383657650380274405e-02 8.652039487179420396e-01
-1.194977061692055302e-02 8.834449398075647775e-01
-6.918288251901372025e-03 9.323617749503775309e-01
-9.434029434410962089e-03 9.078601106512387275e-01
-5.031482365019180128e-03 9.507810323064186386e-01
-2.515741182509590064e-03 9.753789134106297665e-01
-6.289352956273975160e-04 9.938438213902267560e-01
1.006296473003836026e-02 9.017473205051368401e-01
1.069190002566575842e-02 8.956402926452933233e-01
1.509444709505754038e-02 8.530820591048181578e-01
1.635231768631233498e-02 8.409944215150699787e-01
1.886805886882192418e-02 8.169328632703103388e-01
2.012592946007672051e-02 8.049643575139560081e-01
2.641528241635069871e-02 7.458501805716265531e-01
3.018889419011508077e-02 7.110560591384000872e-01
2.389954123384110604e-02 7.693398124028305585e-01
2.264167064258631318e-02 7.811652145047431883e-01
1.761018827756713132e-02 8.289437825363835666e-01
1.383657650380274405e-02 8.652039487179420396e-01
1.132083532129315659e-02 8.895393813427971974e-01
1.257870591254795032e-03 9.876880056033969790e-01
-3.144676478136987363e-03 9.692263620810941394e-01
-9.434029434410962089e-03 9.078601106512387275e-01
-1.886805886882192418e-02 8.169328632703103388e-01
-2.830208830323288627e-02 7.283838562478978096e-01
-2.830208830323288627e-02 7.283838562478978096e-01
-3.647824714638905896e-02 6.543987765937969714e-01
-3.773611773764384836e-02 6.432875894924589000e-01
-3.333357066825207160e-02 6.825059746125943239e-01
-3.773611773764384836e-02 6.432875894924589000e-01
-3.018889419011508077e-02 7.110560591384000872e-01
-2.767315300760548810e-02 7.341909756378273144e-01
-2.264167064258631318e-02 7.811652145047431883e-01
-1.823912357319452948e-02 8.229331889159010593e-01
-1.446551179943014222e-02 8.591388950154204007e-01
-6.918288251901372025e-03 9.323617749503775309e-01
2.515741182509590064e-03 9.753789134106297665e-01
1.069190002566575842e-02 8.956402926452933233e-01
1.698125298193972968e-02 8.349643065117116070e-01
1.635231768631233498e-02 8.409944215150699787e-01
2.138380005133151684e-02 7.930409299725358352e-01
2.893102359886028443e-02 7.225921304927376276e-01
3.459144125950686793e-02 6.712080018201662668e-01
3.773611773764384836e-02 6.432875894924589000e-01
3.459144125950686793e-02 6.712080018201662668e-01
3.207570007699727527e-02 6.938748297397614451e-01
3.396250596387945936e-02 6.768479884486258147e-01
3.773611773764384836e-02 6.432875894924589000e-01
4.213866480703563205e-02 6.050292342419572034e-01
4.402547069391782308e-02 5.889479366447399888e-01
4.213866480703563205e-02 6.050292342419572034e-01
4.276760010266303369e-02 5.996471586076493887e-01
4.088079421578084266e-02 6.158571476589482785e-01
3.522037655513426263e-02 6.655862899790151443e-01
3.396250596387945936e-02 6.768479884486258147e-01
3.584931185076165733e-02 6.599831251701716583e-01
3.144676478136987363e-02 6.995851335190212961e-01
2.515741182509589891e-02 7.575672907092484420e-01
2.327060593821370788e-02 7.752460630206998715e-01
1.635231768631233498e-02 8.409944215150699787e-01
1.194977061692055302e-02 8.834449398075647775e-01
3.773611773764385096e-03 9.630756236008926052e-01
-1.886805886882192548e-03 9.815329153991656508e-01
-6.289352956273974726e-03 9.384980295948005535e-01
-8.805094138783565658e-03 9.139783078121780369e-01
-2.075486475570411521e-02 7.989968436069161406e-01
-2.830208830323288627e-02 7.283838562478978096e-01
-3.836505303327124999e-02 6.377612738128599634e-01
-5.031482365019179781e-02 5.368077064263088172e-01
-5.723311190209318111e-02 4.822395149452705088e-01
-7.106968840589591996e-02 3.826746121874277096e-01
-7.987478254467947347e-02 3.263643201191993581e-01
-8.805094138783564617e-02 2.791184034661372548e-01
-1.012585825960110042e-01 2.129730863278504749e-01
-1.132083532129315451e-01 1.635261410249644887e-01
-1.157240943954411377e-01 1.543076672945888073e-01
-1.251581238298520860e-01 1.231969760411248810e-01
-1.364789591511452738e-01 9.253241267388605251e-02
-1.427683121074192485e-01 7.832406774542081951e-02
-1.459129885855562359e-01 7.191001925704591791e-02
-1.396236356292822334e-01 8.519135419050639924e-02
-1.301896061948712990e-01 1.087174670998793807e-01
-1.220134473517151263e-01 1.329769115058786200e-01
-1.150951590998137430e-01 1.565747795883019322e-01
-1.025164531872657936e-01 2.073144277137035085e-01
-9.245348845722743680e-02 2.556869472928865461e-01
-8.553520020532606738e-02 2.931376233945193199e-01
-7.232755899715072323e-02 3.742879595072812204e-01
-6.226459426711235950e-02 4.445116997780487189e-01
-5.597524131083837090e-02 4.919336819965118845e-01
-4.779908246768221208e-02 5.573858259566866202e-01
-4.213866480703563205e-02 6.050292342419572034e-01
-3.647824714638905896e-02 6.543987765937969714e-01
-3.144676478136987363e-02 6.995851335190212961e-01
-2.515741182509589891e-02 7.575672907092484420e-01
-1.698125298193972968e-02 8.349643065117116070e-01
-1.320764120817534935e-02 8.712768732097727620e-01
-5.660417660646578294e-03 9.446379020404666038e-01
0.000000000000000000e+00 1.000000000000000000e+00
-1.886805886882192548e-03 9.815329153991656508e-01
1.886805886882192548e-03 9.815329153991656508e-01
1.886805886882192548e-03 9.815329153991656508e-01
6.918288251901372025e-03 9.323617749503775309e-01
9.434029434410962089e-03 9.078601106512387275e-01
1.446551179943014222e-02 8.591388950154204007e-01
1.069190002566575842e-02 8.956402926452933233e-01
8.805094138783565658e-03 9.139783078121780369e-01
9.434029434410962089e-03 9.078601106512387275e-01
1.132083532129315659e-02 8.895393813427971974e-01
1.194977061692055302e-02 8.834449398075647775e-01
1.132083532129315659e-02 8.895393813427971974e-01
1.132083532129315659e-02 8.895393813427971974e-01
3.144676478136987363e-03 9.692263620810941394e-01
-6.289352956273975160e-04 9.938438213902267560e-01
0.000000000000000000e+00 1.000000000000000000e+00
-6.918288251901372025e-03 9.323617749503775309e-01
-1.194977061692055302e-02 8.834449398075647775e-01
-1.572338239068493682e-02 8.470337865694711477e-01
-2.012592946007672051e-02 8.049643575139560081e-01
-2.264167064258631318e-02 7.811652145047431883e-01
-2.389954123384110604e-02 7.693398124028305585e-01
-3.207570007699727527e-02 6.938748297397614451e-01
-3.710718244201645366e-02 6.488335103680014093e-01
-4.465440598954522472e-02 5.836312468581361657e-01
-4.528334128517262636e-02 5.783368031003941478e-01
-5.031482365019179781e-02 5.368077064263088172e-01
-5.094375894581919251e-02 5.317229271457308837e-01
-5.597524131083837090e-02 4.919336819965118845e-01
-6.100672367585756317e-02 4.537841515911062995e-01
-5.786204719772056887e-02 4.774312710810785232e-01
-6.163565897148496481e-02 4.491344853960210770e-01
-6.540927074524933993e-02 4.218049974598343521e-01
-7.044075311026852526e-02 3.869103572369352317e-01
-7.106968840589591996e-02 3.826746121874277096e-01
-7.232755899715072323e-02 3.742879595072812204e-01
-7.232755899715072323e-02 3.742879595072812204e-01
-7.295649429277811793e-02 3.701371713331246260e-01
-7.484330017966030202e-02 3.578555982791269408e-01
-7.421436488403290732e-02 3.619209421020045392e-01
-7.044075311026852526e-02 3.869103572369352317e-01
-6.918288251901373587e-02 3.954663580937131107e-01
-6.666714133650414320e-02 4.129143366447610708e-01
-6.603820604087673463e-02 4.173458518833366160e-01
-6.352246485836714196e-02 4.353472408835896701e-01
-6.037778838023016154e-02 4.584605759118155488e-01
-5.786204719772056887e-02 4.774312710810785232e-01
-5.345950012832878517e-02 5.116284205251895312e-01
-4.779908246768221208e-02 5.573858259566866202e-01
-4.402547069391782308e-02 5.889479366447399888e-01
-3.710718244201645366e-02 6.488335103680014093e-01
-3.081782948574248240e-02 7.053123065475996878e-01
-2.767315300760548810e-02 7.341909756378273144e-01
-2.389954123384110604e-02 7.693398124028305585e-01
-2.327060593821370788e-02 7.752460630206998715e-01
-1.886805886882192418e-02 8.169328632703103388e-01
-1.572338239068493682e-02 8.470337865694711477e-01
-1.069190002566575842e-02 8.956402926452933233e-01
-7.547223547528770192e-03 9.262294974582616636e-01
-2.515741182509590064e-03 9.753789134106297665e-01
4.402547069391782829e-03 9.569270598442802811e-01
8.176158843156167491e-03 9.201015557773299935e-01
1.194977061692055302e-02 8.834449398075647775e-01
1.761018827756713132e-02 8.289437825363835666e-01
1.823912357319452948e-02 8.229331889159010593e-01
2.012592946007672051e-02 8.049643575139560081e-01
2.264167064258631318e-02 7.811652145047431883e-01
2.767315300760548810e-02 7.341909756378273144e-01
3.207570007699727527e-02 6.938748297397614451e-01
3.144676478136987363e-02 6.995851335190212961e-01
3.459144125950686793e-02 6.712080018201662668e-01
3.396250596387945936e-02 6.768479884486258147e-01
3.962292362452603939e-02 6.267684814469836052e-01
3.836505303327124999e-02 6.377612738128599634e-01
4.025185892015344102e-02 6.213025083741285925e-01
3.899398832889864469e-02 6.322548199862104701e-01
4.528334128517262636e-02 5.783368031003941478e-01
4.025185892015344102e-02 6.213025083741285925e-01
3.962292362452603939e-02 6.267684814469836052e-01
3.962292362452603939e-02 6.267684814469836052e-01
4.339653539829043533e-02 5.942866494079307449e-01
4.591227658080002105e-02 5.730648249110068537e-01
4.528334128517262636e-02 5.783368031003941478e-01
4.150972951140823042e-02 6.104326428738473531e-01
3.584931185076165733e-02 6.599831251701716583e-01
3.207570007699727527e-02 6.938748297397614451e-01
2.955995889448768260e-02 7.168160988425096303e-01
2.138380005133151684e-02 7.930409299725358352e-01
1.635231768631233498e-02 8.409944215150699787e-01
1.698125298193972968e-02 8.349643065117116070e-01
1.132083532129315659e-02 8.895393813427971974e-01
1.069190002566575842e-02 8.956402926452933233e-01
1.320764120817534935e-02 8.712768732097727620e-01
1.006296473003836026e-02 9.017473205051368401e-01
9.434029434410962089e-03 9.078601106512387275e-01
3.773611773764385096e-03 9.630756236008926052e-01
-6.289352956273975160e-04 9.938438213902267560e-01
-1.257870591254795032e-03 9.876880056033969790e-01
-7.547223547528770192e-03 9.262294974582616636e-01
-1.635231768631233498e-02 8.409944215150699787e-01
-2.515741182509589891e-02 7.575672907092484420e-01
-2.830208830323288627e-02 7.283838562478978096e-01
-2.578634712072329707e-02 7.517016524455237825e-01
-3.396250596387945936e-02 6.768479884486258147e-01
-3.962292362452603939e-02 6.267684814469836052e-01
-4.591227658080002105e-02 5.730648249110068537e-01
-4.528334128517262636e-02 5.783368031003941478e-01
-4.842801776330960678e-02 5.522058343560879434e-01
-4.905695305893700148e-02 5.470493525185020633e-01
-5.031482365019179781e-02 5.368077064263088172e-01
-5.786204719772056887e-02 4.774312710810785232e-01
-6.289352956273974726e-02 4.399159133493760754e-01
-6.415140015399455053e-02 4.308057933172599885e-01
-6.855394722338632729e-02 3.997864719760969576e-01
