-1.719601061534034928e-02 8.329074296730538673e-01
-2.312566944821633011e-02 7.766089837084957370e-01
-2.964829416437991111e-02 7.160061171722618134e-01
-2.697994768958572598e-02 7.406089869392304958e-01
-2.697994768958572598e-02 7.406089869392304958e-01
-2.579401592301052565e-02 7.516302176940485857e-01
-1.808545944027174779e-02 8.244007875952082953e-01
-1.512063002383375564e-02 8.528300929131141794e-01
-1.363821531561476043e-02 8.671184675178263968e-01
-1.008042001588917158e-02 9.015777484609692749e-01
-1.541711296547755572e-02 8.499779917054914868e-01
-1.986435709013454134e-02 8.074495665615314399e-01
-1.452766414054615894e-02 8.585399777232740615e-01
-1.630656179040895423e-02 8.414334856400400575e-01
-1.689952767369655093e-02 8.357473386901990153e-01
-1.571359590712135407e-02 8.471278327644229389e-01
-1.719601061534034928e-02 8.329074296730538673e-01
-2.016084003177834316e-02 8.046328177724200170e-01
-2.105028885670973821e-02 7.961977612492739942e-01
-2.016084003177834316e-02 8.046328177724200170e-01
-1.778897649862794597e-02 8.272341186337420771e-01
-1.571359590712135407e-02 8.471278327644229389e-01
-1.571359590712135407e-02 8.471278327644229389e-01
-1.185931766575196514e-02 8.843210255678012333e-01
-1.334173237397096035e-02 8.699814620729005021e-01
-1.156283472410816505e-02 8.871935995775296346e-01
-6.819107657807380214e-03 9.333291829600072198e-01
-8.301522366026376290e-03 9.188806437371819236e-01
-9.487454132601571416e-03 9.073406465970995649e-01
-9.190971190957773068e-03 9.102239267136499334e-01
-7.115590599451179429e-03 9.304375823302792892e-01
-1.689952767369655093e-02 8.357473386901990153e-01
-2.016084003177834316e-02 8.046328177724200170e-01
-2.105028885670973821e-02 7.961977612492739942e-01
-2.490456709807913060e-02 7.599293179387031083e-01
-2.520105003972292548e-02 7.571598568220951897e-01
-3.498498711396829525e-02 6.676881514184496158e-01
-4.358299242163847509e-02 5.927016269434939311e-01
-4.476892418821366154e-02 5.826655575414094734e-01
-4.476892418821366154e-02 5.826655575414094734e-01
-5.099506596273345460e-02 5.313091918063778119e-01
-5.900010538711602387e-02 4.687971665604988569e-01
-6.344734951177301296e-02 4.358914596311522782e-01
-7.056294011122418719e-02 3.860852451760948822e-01
-7.708556482738777860e-02 3.435947177508160699e-01
-7.767853071067537529e-02 3.398843585695746627e-01
-8.064336012711337265e-02 3.217158712527454223e-01
-8.331170660190755084e-02 3.059113150685330851e-01
-8.716598484327695018e-02 2.839975271296167336e-01
-8.835191660985215745e-02 2.774719436947004070e-01
-8.983433131807114225e-02 2.694581987406205470e-01
-9.339212661779672242e-02 2.508716651370811457e-01
-9.013081425971493366e-02 2.678745115430254953e-01
-8.894488249313974026e-02 2.742473685551022888e-01
-9.072378014300254423e-02 2.647261663980006730e-01
-9.665343897587852506e-02 2.346295940543654812e-01
-1.022866148671107006e-01 2.083402316650732056e-01
-1.049549613419049066e-01 1.966538221146454657e-01
-1.147388984161502451e-01 1.578700323126399907e-01
-1.147388984161502451e-01 1.578700323126399907e-01
-1.135529666495750795e-01 1.622396193963453470e-01
-1.114775860580684702e-01 1.701028214865349941e-01
-1.099951713498494715e-01 1.758901426415079849e-01
-1.153318642994378695e-01 1.557186154380684195e-01
-1.129600007662874689e-01 1.644580077525825412e-01
-1.126635178246436775e-01 1.655756477218980061e-01
-1.114775860580684702e-01 1.701028214865349941e-01
-1.129600007662874689e-01 1.644580077525825412e-01
-1.117740689997122755e-01 1.689625097633102035e-01
-1.105881372331370821e-01 1.735580107587945953e-01
-1.058444101668363085e-01 1.928660274584493850e-01
-1.005077172172479105e-01 2.164030994779916339e-01
-9.250267779286532044e-02 2.554330344410288833e-01
-9.576399015094712308e-02 2.389842671542324326e-01
-9.339212661779672242e-02 2.508716651370811457e-01
-8.864839955149593498e-02 2.758564741645784801e-01
-8.598005307670174291e-02 2.906251790737882090e-01
-8.153280895204477463e-02 3.163900668191798604e-01
-8.360818954355135613e-02 3.041872633676573900e-01
-8.331170660190755084e-02 3.059113150685330851e-01
-8.153280895204477463e-02 3.163900668191798604e-01
-7.263832070273078256e-02 3.722334733269203610e-01
-6.996997422793659049e-02 3.900994064801895922e-01
-6.819107657807380041e-02 4.022917372086682875e-01
-6.996997422793659049e-02 3.900994064801895922e-01
-5.959307127040363444e-02 4.643326384597320500e-01
-5.692472479560943543e-02 4.846066389624522630e-01
-5.484934420410284006e-02 5.006977743033890205e-01
-5.544231008739043676e-02 4.960718833131317895e-01
-5.455286126245904171e-02 5.030191806303059288e-01
-4.980913419615826121e-02 5.409135574273699065e-01
-4.239706065506327476e-02 6.028154322422107914e-01
-4.032168006355668632e-02 6.206969709910064026e-01
-3.498498711396829525e-02 6.676881514184496158e-01
-2.935181122273611623e-02 7.187259347034499202e-01
-1.897490826520314283e-02 8.159145165192873694e-01
-1.749249355698414762e-02 8.300696778096683381e-01
-2.134677179835354002e-02 7.933912541585084188e-01
-2.401511827314772862e-02 7.682558718230400041e-01
-2.579401592301052565e-02 7.516302176940485857e-01
-2.253270356492873341e-02 7.821920330317586600e-01
-1.897490826520314283e-02 8.159145165192873694e-01
-1.897490826520314283e-02 8.159145165192873694e-01
-2.134677179835354002e-02 7.933912541585084188e-01
-2.134677179835354002e-02 7.933912541585084188e-01
-2.134677179835354002e-02 7.933912541585084188e-01
-2.312566944821633011e-02 7.766089837084957370e-01
-2.253270356492873341e-02 7.821920330317586600e-01
-2.164325473999733837e-02 7.905873935986582612e-01
-2.282918650657253176e-02 7.793991000097524324e-01
-2.282918650657253176e-02 7.793991000097524324e-01
-2.609049886465432400e-02 7.488701052228343702e-01
-2.846236239780471772e-02 7.269064540756902115e-01
-2.905532828109231788e-02 7.214492841993171979e-01
-3.113070887259890979e-02 7.024610924282417290e-01
-2.549753298136672730e-02 7.543934791309931942e-01
-2.460808415643532879e-02 7.627018295362357758e-01
-2.342215238986013193e-02 7.738217178513379091e-01
-1.897490826520314283e-02 8.159145165192873694e-01
-1.245228354903956530e-02 8.785804286038754185e-01
-1.185931766575196514e-02 8.843210255678012333e-01
-1.541711296547755572e-02 8.499779917054914868e-01
-1.185931766575196514e-02 8.843210255678012333e-01
-1.245228354903956530e-02 8.785804286038754185e-01
-1.215580060739576349e-02 8.814499563060378406e-01
-6.226141774519782651e-03 9.391149602969872667e-01
-1.482414708218995642e-03 9.854903971587298805e-01
5.929658832875982569e-03 9.420090616967976560e-01
1.749249355698414762e-02 8.300696778096683381e-01
2.193973768164113672e-02 7.877862138133687742e-01
2.994477710602371293e-02 7.132898626942123510e-01
3.587443593889969723e-02 6.597596845177695624e-01
4.476892418821366154e-02 5.826655575414094734e-01
5.069858302108965625e-02 5.337022337307312236e-01
5.840713950382842717e-02 4.732851096142309810e-01
6.374383245341681825e-02 4.337456682186658918e-01
7.026645716958039578e-02 3.880891952998221095e-01
7.945742836053816538e-02 3.289065401280076850e-01
8.538708719341416009e-02 2.939773304316840030e-01
9.279916073450913960e-02 2.539062796430360813e-01
1.005077172172479105e-01 2.164030994779916339e-01
1.034725466336858940e-01 2.030861741795710329e-01
1.105881372331370821e-01 1.735580107587945953e-01
1.177037278325882425e-01 1.473328564207764813e-01
1.236333866654642372e-01 1.278671008578481649e-01
1.182966937158758669e-01 1.452908242710748976e-01
1.212615231323138504e-01 1.354012621417588214e-01
1.218544890156014471e-01 1.334866309508769555e-01
1.194826254824510464e-01 1.412712360678542722e-01
1.227439378405328491e-01 1.306536638712747778e-01
1.292665625566964127e-01 1.112689219191441703e-01
1.378645678643665995e-01 8.923809293696270684e-02
1.476485049386119797e-01 6.855678219382574379e-02
1.568394761295697493e-01 5.285704321265086852e-02
1.698847255618968766e-01 3.578070939246891929e-02
1.864877702939496396e-01 2.099383012836529561e-02
2.039802638509338184e-01 1.143706038642478516e-02
2.155430985750419748e-01 7.455462441339327437e-03
2.282918650657253523e-01 4.536361507822605187e-03
2.407441486147648968e-01 2.720822193211840101e-03
2.514175345139416651e-01 1.719287879328676829e-03
2.617944374714746281e-01 1.079796364239345120e-03
2.689100280709257884e-01 7.763676608235252699e-04
2.795834139701026122e-01 4.653328538960953753e-04
2.878849363361289382e-01 3.080479192336606394e-04
2.958899757605115699e-01 2.044562320881056466e-04
3.074528104846196985e-01 1.106996050751394390e-04
3.163472987339336906e-01 6.784738174154155137e-05
3.237593722750286562e-01 4.458310240799007737e-05
3.305784799328360113e-01 3.000270449050837805e-05
3.371011046489996166e-01 2.035963382635119548e-05
3.465885587816012192e-01 1.140201984489611072e-05
3.554830470309152113e-01 6.507334234577506035e-06
3.628951205720101769e-01 4.024755092011463882e-06
3.703071941131051426e-01 2.459286425069242504e-06
3.806840970706380500e-01 1.208562508008731542e-06
3.880961706117330712e-01 7.166169115008242033e-07
3.972871418026908130e-01 3.681396640594493897e-07
4.070710788769362765e-01 1.771486768496139191e-07
4.112218400599494394e-01 1.289639764231696483e-07
4.218952259591262077e-01 5.588226446879987589e-08
4.284178506752897575e-01 3.304056664361865845e-08
4.284178506752897575e-01 3.304056664361865845e-08
4.290108165585773681e-01 3.148179731414689961e-08
4.316791630333716157e-01 2.529960211316664950e-08
4.331615777415905311e-01 2.238777013634557781e-08
4.328650947999467258e-01 2.294308332227458171e-08
4.352369583330971126e-01 1.884681684190567239e-08
4.358299242163847786e-01 1.793833256604735767e-08
4.337545436248781971e-01 2.131563774246746166e-08
4.290108165585773681e-01 3.148179731414689961e-08
4.251565383172079549e-01 4.302924578198191181e-08
4.201163283092633205e-01 6.437013919990553404e-08
4.171514988928253787e-01 8.132991264591513775e-08
4.135937035930998262e-01 1.073604867207604048e-07
4.055886641687172500e-01 1.982103137365543042e-07
3.955082441528280368e-01 4.194551837671978901e-07
3.842418923703636580e-01 9.419157871534085956e-07
3.774227847125563029e-01 1.514917860114437203e-06
3.640810523385853426e-01 3.722777301297911537e-06
3.519252517311895478e-01 8.160544443818946618e-06
3.397694511237937531e-01 1.732933214614658474e-05
3.299855140495484007e-01 3.106566225294183839e-05
3.202015769753030483e-01 5.461328909103544635e-05
3.053774298931131170e-01 1.238204067387272159e-04
2.893673510443479646e-01 2.857887183821794085e-04
2.754326527870893937e-01 5.692184465790319165e-04
2.632768521796935990e-01 1.008822095502017249e-03
2.528999492221606360e-01 1.610604661723253521e-03
2.422265633229839232e-01 2.555741895238401902e-03
2.321461433070947100e-01 3.883224014314878500e-03
2.220657232912055246e-01 5.801256941935437061e-03
2.149501326917543920e-01 7.624844666321477574e-03
2.069450932673717880e-01 1.026940127652659594e-02
1.962717073681950197e-01 1.503493749546389556e-02
1.882666679438124158e-01 1.977907712914557872e-02
1.817440432276488660e-01 2.455243692887887352e-02
1.749249355698415109e-01 3.056727931696735789e-02
1.713671402701158752e-01 3.417465531066563034e-02
1.630656179040895493e-01 4.401268641243739899e-02
1.621761690791581056e-01 4.519484355562229660e-02
1.503168514134061440e-01 6.365038430863736996e-02
1.497238855301185612e-01 6.471511146186322005e-02
1.485379537635433400e-01 6.688821847884635075e-02
1.473520219969681744e-01 6.912043905713827208e-02
1.497238855301185612e-01 6.471511146186322005e-02
1.535781637714879466e-01 5.804760344190897786e-02
1.612867202542267453e-01 4.640338480106860619e-02
1.663269302621713241e-01 3.989695018882857824e-02
1.701812085035407096e-01 3.545449648875535070e-02
1.752214185114852885e-01 3.028185215551276038e-02
1.820405261692926713e-01 2.431576597323259828e-02
1.927139120684694396e-01 1.700466239338050203e-02
1.995330197262767946e-01 1.340723163464072921e-02
2.048697126758652065e-01 1.107508510776765258e-02
2.105028885670973959e-01 9.007859477972484513e-03
2.193973768164113602e-01 6.433631713274125946e-03
2.297742797739443232e-01 4.274318215267011722e-03
2.354074556651764849e-01 3.398018572373637247e-03
2.389652509649020928e-01 2.931614372032484601e-03
2.445984268561342545e-01 2.310398402726421621e-03
2.517140174555855259e-01 1.697031391951047243e-03
2.603120227632556016e-01 1.155316190216649922e-03
2.686135451292820386e-01 7.872548321360679866e-04
2.763221016120207540e-01 5.453059702706463232e-04
2.813623116199653884e-01 4.264215817413696645e-04
2.875884533944851329e-01 3.126882797260852704e-04
2.964829416437991250e-01 1.982465023555776945e-04
3.000407369435247329e-01 1.645235330161591472e-04
3.012266687100998985e-01 1.545264381195795872e-04
3.009301857684561488e-01 1.569712245977921859e-04
3.015231516517437038e-01 1.521171702875151618e-04
3.059703957764006721e-01 1.199306660304455020e-04
3.038950151848940906e-01 1.340658881441109064e-04
3.044879810681817012e-01 1.298763083916681742e-04
2.967794245854429303e-01 1.952078516315458590e-04
2.849201069196909963e-01 3.574643729188050397e-04
2.718748574873637858e-01 6.748577674507334496e-04
2.695029939542133990e-01 7.550073038469956631e-04
2.623874033547622386e-01 1.050875269516290955e-03
2.540858809887358571e-01 1.528207079494173139e-03
2.437089780312028942e-01 2.399782458697230416e-03
2.315531774238071272e-01 3.977856389318064866e-03
2.226586891744931351e-01 5.668501390252098267e-03
2.146536497501105589e-01 7.710809574970618752e-03
2.045732297342214012e-01 1.119460789489267437e-02
1.953822585432636316e-01 1.550773018701297190e-02
1.915279803018942462e-01 1.770928106477769395e-02
1.855983214690182792e-01 2.162497734715208147e-02
1.850053555857306409e-01 2.205476861728597471e-02
1.820405261692926713e-01 2.431576597323259828e-02
1.793721796944984792e-01 2.651793758737138601e-02
1.749249355698415109e-01 3.056727931696735789e-02
1.725530720366910964e-01 3.293412474042414773e-02
1.710706573284720977e-01 3.449089357278881107e-02
1.701812085035407096e-01 3.545449648875535070e-02
1.698847255618968766e-01 3.578070939246891929e-02
1.701812085035407096e-01 3.545449648875535070e-02
1.695882426202530990e-01 3.610945298436168960e-02
1.666234132038151017e-01 3.953937614832990499e-02
1.684023108536779056e-01 3.745003288273548309e-02
1.684023108536779056e-01 3.745003288273548309e-02
1.704776914451845149e-01 3.513079941763114222e-02
1.704776914451845149e-01 3.513079941763114222e-02
1.698847255618968766e-01 3.578070939246891929e-02
1.639550667290209096e-01 4.285648497519074090e-02
1.601007884876515242e-01 4.805656089918988738e-02
1.577289249545011374e-01 5.151005780619308944e-02
1.553570614213507506e-01 5.516670975686254613e-02
1.541711296547755572e-01 5.707385787026122287e-02
1.482414708218995625e-01 6.744068901274792582e-02
1.461660902303929810e-01 7.141286804581721548e-02
1.512063002383375598e-01 6.208019373546608266e-02
1.473520219969681744e-01 6.912043905713827208e-02
1.458696072887491757e-01 7.199551143277801990e-02
1.420153290473797902e-01 7.992637520990411582e-02
1.387540166892980154e-01 8.717316216680862095e-02
1.393469825725855704e-01 8.581787909262807157e-02
1.372716019810789889e-01 9.063625106108481877e-02
1.387540166892980154e-01 8.717316216680862095e-02
1.354927043312162127e-01 9.493561264478336814e-02
1.357891872728600180e-01 9.420802694357188756e-02
1.307489772649154114e-01 1.071937090298860223e-01
1.242263525487518477e-01 1.260349640212920785e-01
1.218544890156014471e-01 1.334866309508769555e-01
1.141459325328626762e-01 1.600436637293107256e-01
1.117740689997122755e-01 1.689625097633102035e-01
1.073268248750552795e-01 1.866714534741903408e-01
9.576399015094712308e-02 2.389842671542324326e-01
9.487454132601572110e-02 2.433950768851260715e-01
8.568357013505793762e-02 2.922980591971183206e-01
7.975391130218197067e-02 3.270992764848893453e-01
7.263832070273078256e-02 3.722334733269203610e-01
6.700514481149860702e-02 4.105441911274851918e-01
6.077900303697882090e-02 4.554742759807657304e-01
5.455286126245904171e-02 5.030191806303059288e-01
4.803023654629545725e-02 5.554792916008994830e-01
3.943223123862528434e-02 6.284297924686068626e-01
3.706036770547489062e-02 6.492470972426016562e-01
3.794981653040628566e-02 6.414076534179217193e-01
3.617091888054349558e-02 6.571251923062654265e-01
3.528147005561209359e-02 6.650411922526084929e-01
3.083422593095511144e-02 7.051627864718528205e-01
2.638698180629811887e-02 7.461131743107052294e-01
2.697994768958572598e-02 7.406089869392304958e-01
2.549753298136672730e-02 7.543934791309931942e-01
3.053774298931130962e-02 7.078681665885183660e-01
3.409553828903690020e-02 6.756535088032568082e-01
3.409553828903690020e-02 6.756535088032568082e-01
3.202015769753030483e-02 6.943784302114590634e-01
3.350257240574930351e-02 6.809838595647544901e-01
4.387947536328227344e-02 5.901852624462056163e-01
4.921616831287065758e-02 5.457477395487861926e-01
5.544231008739043676e-02 4.960718833131317895e-01
6.374383245341681825e-02 4.337456682186658918e-01
7.145238893615558917e-02 3.801110307813641009e-01
8.627653601834554820e-02 2.889586880531052615e-01
9.487454132601572110e-02 2.433950768851260715e-01
1.028795807503982973e-01 2.057011360082986462e-01
1.102916542914932768e-01 1.747212010526229820e-01
1.260052501986146101e-01 1.206599088162962907e-01
1.360856702145037955e-01 9.348487417408203604e-02
1.470555390553243691e-01 6.968785893254618447e-02
1.598043055460077466e-01 4.847742420566811261e-02
1.737390038032662898e-01 3.173197278802204757e-02
1.861912873523058620e-01 2.120242354711423041e-02
2.030908150260024025e-01 1.180939103886916204e-02
2.217692403495617470e-01 5.868669732173883991e-03
2.348144897818889298e-01 3.481950161987850366e-03
2.499351198057226664e-01 1.834608436775874091e-03
2.609049886465432677e-01 1.124546508246996061e-03
2.706889257207886201e-01 7.138985847313168882e-04
2.801763798533901673e-01 4.520122041237402172e-04
2.947040439939363488e-01 2.174219464372267440e-04
3.059703957764006721e-01 1.199306660304455020e-04
3.148648840257146642e-01 7.369480433458044228e-05
3.225734405084534906e-01 4.771651290107486472e-05
3.314679287577673716e-01 2.847223692612433705e-05
3.451061440733821928e-01 1.249871913960589997e-05
3.557795299725589611e-01 6.384934963993831741e-06
3.682318135215985611e-01 2.826481540878113885e-06
3.815735458955695214e-01 1.135858803888881411e-06
3.892821023783082923e-01 6.583416271198200400e-07
4.020308688689916421e-01 2.589753887675358934e-07
4.055886641687172500e-01 1.982103137365543042e-07
4.097394253517304130e-01 1.445179759632687766e-07
4.192268794843319601e-01 6.906483203526729152e-08
4.296037824418649231e-01 2.999378202432309414e-08
4.346439924498095575e-01 1.979943867075899663e-08
4.426490318741921337e-01 1.009399334385903392e-08
4.450208954073425205e-01 8.239635953663485579e-09
4.506540712985747099e-01 5.056126489896597327e-09
4.571766960147382597e-01 2.840413011488358158e-09
4.657747013224084465e-01 1.303524284004878173e-09
4.761516042799414095e-01 4.945378050619879573e-10
4.805988484045983777e-01 3.231862761135145575e-10
4.868249901791182332e-01 1.763261249536959342e-10
4.930511319536379222e-01 9.502539301466617417e-11
4.989807907865139169e-01 5.212859726499277287e-11
5.031315519695270799e-01 3.400487778190194447e-11
5.060963813859651328e-01 2.497354187669715056e-11
5.096541766856906852e-01 1.717494494803448028e-11
5.126190061021287381e-01 1.253041314752917468e-11
5.084682449191155751e-01 1.946700180539670684e-11
5.004632054947329989e-01 4.478161170701252304e-11
4.960159613700759751e-01 7.048276239346460454e-11
4.924581660703504227e-01 1.008421618796734016e-10
4.850460925292554015e-01 2.099125788935968348e-10
4.797093995796670174e-01 3.520581329247651818e-10
4.678500819139150280e-01 1.076606026350193309e-09
4.622169060226828941e-01 1.803958520740790145e-09
4.548048324815879284e-01 3.507992954491244665e-09
4.441314465824110491e-01 8.892936782856071671e-09
4.343475095081657522e-01 2.029293820861535271e-08
4.236741236089889284e-01 4.847391783972520806e-08
4.195233624259758209e-01 6.746459709705586358e-08
4.106288741766618289e-01 1.349828123502576178e-07
4.023273518106353919e-01 2.532983336532646973e-07
3.892821023783082923e-01 6.583416271198200400e-07
3.851313411952951293e-01 8.846022576300144256e-07
3.789051994207752738e-01 1.367479357665535396e-06
3.709001599963926976e-01 2.363002710251579327e-06
3.646740182218729531e-01 3.579976487741241888e-06
3.578549105640655981e-01 5.587246951923910727e-06
3.483674564314639399e-01 1.020596482572245725e-05
3.462920758399574139e-01 1.161380973652698265e-05
3.445131781900946377e-01 1.296470016036887977e-05
3.424377975985880007e-01 1.472815579535294902e-05
3.385835193572186430e-01 1.861946047682766086e-05
3.323573775826988430e-01 2.701546502875682958e-05
3.258347528665352377e-01 3.955963665802421798e-05
3.199050940336592430e-01 5.553831673151133480e-05
3.148648840257146642e-01 7.369480433458044228e-05
3.101211569594138906e-01 9.573433993290058285e-05
3.059703957764006721e-01 1.199306660304455020e-04
3.110106057843452509e-01 9.118171833893128650e-05
3.056739128347569223e-01 1.218610520626112117e-04
3.000407369435247329e-01 1.645235330161591472e-04
2.982618392936619567e-01 1.806539300400205759e-04
2.929251463440735725e-01 2.383098182033187621e-04
2.896638339859917144e-01 2.815198963567333980e-04
2.846236239780471355e-01 3.627900221557480353e-04
2.801763798533901673e-01 4.520122041237402172e-04
2.769150674953084201e-01 5.298827646735885209e-04
2.730607892539390069e-01 6.377905478482659429e-04
2.689100280709257884e-01 7.763676608235252699e-04
2.638698180629812096e-01 9.816494931955781472e-04
2.620909204131184334e-01 1.065245930673765955e-03
2.567542274635301047e-01 1.356684450246814803e-03
2.528999492221606360e-01 1.610604661723253521e-03
2.490456709807912783e-01 1.907134491346403884e-03
2.443019439144904770e-01 2.339851944121125460e-03
2.428195292062714783e-01 2.492289024260426963e-03
2.407441486147648968e-01 2.720822193211840101e-03
2.377793191983268994e-01 3.080225403577102530e-03
2.318496603654509047e-01 3.930284128998563602e-03
2.315531774238071272e-01 3.977856389318064866e-03
2.321461433070947100e-01 3.883224014314878500e-03
2.285883480073691298e-01 4.482828513304689885e-03
2.268094503575063259e-01 4.812721866605362830e-03
2.217692403495617470e-01 5.868669732173883991e-03
2.193973768164113602e-01 6.433631713274125946e-03
2.205833085829865536e-01 6.145364814622799286e-03
2.173219962249047787e-01 6.967186331209321466e-03
2.146536497501105589e-01 7.710809574970618752e-03
2.102064056254535906e-01 9.107490075827694154e-03
2.093169568005221748e-01 9.412249798615513266e-03
2.051661956175089840e-01 1.095668611233259308e-02
2.019048832594272092e-01 1.232236446879479697e-02
2.024978491427148197e-01 1.206348531721915598e-02
2.105028885670973959e-01 9.007859477972484513e-03
2.167290303416171682e-01 7.126689316240140265e-03
2.185079279914799444e-01 6.657672771048573843e-03
2.205833085829865536e-01 6.145364814622799286e-03
2.223622062328493576e-01 5.734536194629843639e-03
2.220657232912055246e-01 5.801256941935437061e-03
2.214727574079179695e-01 5.936780707878020966e-03
2.205833085829865536e-01 6.145364814622799286e-03
2.199903426996989431e-01 6.288026355507562136e-03
2.199903426996989431e-01 6.288026355507562136e-03
2.223622062328493576e-01 5.734536194629843639e-03
2.324426262487385431e-01 3.836671249416379742e-03
2.374828362566831219e-01 3.118425306688759214e-03
2.401511827314772862e-01 2.789511697719098803e-03
2.445984268561342545e-01 2.310398402726421621e-03
2.445984268561342545e-01 2.310398402726421621e-03
2.481562221558598624e-01 1.982257993434574043e-03
2.508245686306540545e-01 1.764599990115785525e-03
2.531964321638044968e-01 1.589634193156901206e-03
2.570507104051738545e-01 1.338753936607196566e-03
2.606085057048994624e-01 1.139836337591340707e-03
2.638698180629812096e-01 9.816494931955781472e-04
2.626838862964060439e-01 1.036682388758359413e-03
2.629803692380498492e-01 1.022665315439376735e-03
2.665381645377754571e-01 8.674806319200796404e-04
2.674276133627068175e-01 8.322211173247424367e-04
2.644627839462688201e-01 9.551493219886567380e-04
2.641663010046250704e-01 9.683162959350859970e-04
2.626838862964060439e-01 1.036682388758359413e-03
2.600155398216118519e-01 1.170988175494742630e-03
2.552718127553110783e-01 1.449670815227935197e-03
2.493421539224350558e-01 1.882674520494790260e-03
2.428195292062714783e-01 2.492289024260426963e-03
2.357039386068203179e-01 3.356740420573041655e-03
2.315531774238071272e-01 3.977856389318064866e-03
2.282918650657253523e-01 4.536361507822605187e-03
2.238446209410683285e-01 5.411101080753036828e-03
2.202868256413427206e-01 6.216330814055713409e-03
2.090204738588783973e-01 9.515819096824059201e-03
2.030908150260024025e-01 1.180939103886916204e-02
1.941963267766884105e-01 1.615823787552640722e-02
1.838194238191554752e-01 2.293645864938768930e-02
1.784827308695670911e-01 2.728893085929591164e-02
1.704776914451845149e-01 3.513079941763114222e-02
1.645480326123085202e-01 4.209989364586715077e-02
1.577289249545011374e-01 5.151005780619308944e-02
1.479449878802557850e-01 6.799687121706082804e-02
1.375680849227227942e-01 8.993500680968086192e-02
1.310454602065592167e-01 1.063928922966449753e-01
1.251158013736832497e-01 1.233248014461288400e-01
1.206685572490262398e-01 1.373368257292598982e-01
1.135529666495750795e-01 1.622396193963453470e-01
1.108846201747808735e-01 1.724005591890398759e-01
1.073268248750552795e-01 1.866714534741903408e-01
9.932178545067270325e-02 2.219004069689727299e-01
9.457805838437192969e-02 2.448778534628600623e-01
9.309564367615293101e-02 2.523858250901062639e-01
9.190971190957773762e-02 2.585054666374553278e-01
9.368860955944052771e-02 2.493637939966689143e-01
8.805543366820833828e-02 2.790937805667092486e-01
8.924136543478354555e-02 2.726446232915749057e-01
8.775895072656454687e-02 2.807219880476723439e-01
8.212577483533235745e-02 3.128715399845397038e-01
7.856797953560677727e-02 3.343666959025654029e-01
7.649259894410016802e-02 3.473305851482736406e-01
7.678908188574397331e-02 3.454594644319870511e-01
7.234183776108699115e-02 3.741934088273713988e-01
7.234183776108699115e-02 3.741934088273713988e-01
7.145238893615558917e-02 3.801110307813641009e-01
6.908052540300518851e-02 3.961675330162681696e-01
6.908052540300518851e-02 3.961675330162681696e-01
6.670866186985480173e-02 4.126227550094826446e-01
6.670866186985480173e-02 4.126227550094826446e-01
7.085942305286800635e-02 3.840875631652067579e-01
7.263832070273078256e-02 3.722334733269203610e-01
7.560315011916877992e-02 3.529821582142212977e-01
7.975391130218197067e-02 3.270992764848893453e-01
8.538708719341416009e-02 2.939773304316840030e-01
8.894488249313974026e-02 2.742473685551022888e-01
9.190971190957773762e-02 2.585054666374553278e-01
9.487454132601572110e-02 2.433950768851260715e-01
9.783937074245370458e-02 2.289103510540752284e-01
1.052514442835486980e-01 1.953852772556970430e-01
1.180002107742320477e-01 1.463091416155722080e-01
1.245228354903956391e-01 1.251265199663869621e-01
1.289700796150526074e-01 1.120983064239347154e-01
1.334173237397096035e-01 1.001542637938631075e-01
1.390504996309417929e-01 8.649339833351722684e-02
1.432012608139549836e-01 7.741456056810025466e-02
1.485379537635433400e-01 6.688821847884635075e-02
1.553570614213507506e-01 5.516670975686254613e-02
1.601007884876515242e-01 4.805656089918988738e-02
1.678093449703902951e-01 3.813589642066621960e-02
1.681058279120341004e-01 3.779165428275786665e-02
1.728495549783349017e-01 3.263002490410545076e-02
1.749249355698415109e-01 3.056727931696735789e-02
1.808545944027174501e-01 2.527434123321661494e-02
1.858948044106620845e-01 2.141280189054060520e-02
1.858948044106620845e-01 2.141280189054060520e-02
1.918244632435380514e-01 1.753079239419731705e-02
1.953822585432636316e-01 1.550773018701297190e-02
2.004224685512082105e-01 1.299098691320031349e-02
2.033872979676461801e-01 1.168411518111653509e-02
2.063521273840842052e-01 1.049415236734180766e-02
2.090204738588783973e-01 9.515819096824059201e-03
2.113923373920287840e-01 8.714724638888147329e-03
2.152466156333981695e-01 7.539731343929273986e-03
2.179149621081923893e-01 6.810865557852786682e-03
2.193973768164113602e-01 6.433631713274125946e-03
2.199903426996989431e-01 6.288026355507562136e-03
2.241411038827121616e-01 5.348405967350079900e-03
2.223622062328493576e-01 5.734536194629843639e-03
2.244375868243559391e-01 5.286361080263723457e-03
2.238446209410683285e-01 5.411101080753036828e-03
2.274024162407939642e-01 4.700417305473164262e-03
2.303672456572319338e-01 4.173364089749721263e-03
2.330355921320261536e-01 3.745068767606279155e-03
2.398546997898335087e-01 2.824441081769894692e-03
2.410406315564087021e-01 2.687054414512959465e-03
2.431160121479152836e-01 2.461100706416683749e-03
2.437089780312028942e-01 2.399782458697230416e-03
2.481562221558598624e-01 1.982257993434574043e-03
2.523069833388730809e-01 1.653303655822778310e-03
2.517140174555855259e-01 1.697031391951047243e-03
2.540858809887358571e-01 1.528207079494173139e-03
2.609049886465432677e-01 1.124546508246996061e-03
2.632768521796935990e-01 1.008822095502017249e-03
2.650557498295564307e-01 9.293066153335035207e-04
2.671311304210630122e-01 8.438253188065073223e-04
2.697994768958572043e-01 7.445309554156918485e-04
2.715783745457200360e-01 6.844293287562320518e-04
2.757291357287331990e-01 5.611422714411209252e-04
2.754326527870893937e-01 5.692184465790319165e-04
2.748396869038017831e-01 5.856931885769290063e-04
2.763221016120207540e-01 5.453059702706463232e-04
2.766185845536646148e-01 5.375433467537684123e-04
2.769150674953084201e-01 5.298827646735885209e-04
2.772115504369521699e-01 5.223230076899087072e-04
2.742467210205141726e-01 6.026063990205195306e-04
2.712818916040761752e-01 6.941256723820466053e-04
2.697994768958572043e-01 7.445309554156918485e-04
2.674276133627068175e-01 8.322211173247424367e-04
2.686135451292820386e-01 7.872548321360679866e-04
2.668346474794192069e-01 8.555779222609804190e-04
2.674276133627068175e-01 8.322211173247424367e-04
2.692065110125695937e-01 7.656190145034001519e-04
2.662416815961315963e-01 8.795351689633793945e-04
2.674276133627068175e-01 8.322211173247424367e-04
2.638698180629812096e-01 9.816494931955781472e-04
2.635733351213374598e-01 9.951507936481695203e-04
2.603120227632556016e-01 1.155316190216649922e-03
2.552718127553110783e-01 1.449670815227935197e-03
2.549753298136672730e-01 1.468951834562175250e-03
2.517140174555855259e-01 1.697031391951047243e-03
2.526034662805168862e-01 1.631826922026822363e-03
2.543823639303796069e-01 1.508217438064395370e-03
2.549753298136672730e-01 1.468951834562175250e-03
2.552718127553110783e-01 1.449670815227935197e-03
2.528999492221606360e-01 1.610604661723253521e-03
2.558647786385986334e-01 1.411799870022155271e-03
2.561612615802424386e-01 1.393205023642452370e-03
2.576436762884614651e-01 1.303540653516902219e-03
2.597190568799680466e-01 1.186854422876631922e-03
2.609049886465432677e-01 1.124546508246996061e-03
2.609049886465432677e-01 1.124546508246996061e-03
2.653522327712001805e-01 9.166272132550113512e-04
2.653522327712001805e-01 9.166272132550113512e-04
2.671311304210630122e-01 8.438253188065073223e-04
2.748396869038017831e-01 5.856931885769290063e-04
2.763221016120207540e-01 5.453059702706463232e-04
2.789904480868150016e-01 4.790152714430178640e-04
2.840306580947595805e-01 3.736623365239983121e-04
2.825482433865406096e-01 4.021759841660685775e-04
2.861060386862661620e-01 3.368774048141069525e-04
2.866990045695537725e-01 3.270009550000794844e-04
2.852165898613347461e-01 3.522111804790595464e-04
2.834376922114720254e-01 3.848355160640451597e-04
2.843271410364033858e-01 3.681890370428712064e-04
2.875884533944851329e-01 3.126882797260852704e-04
2.884779022194166043e-01 2.989581033169075395e-04
2.840306580947595805e-01 3.736623365239983121e-04
2.804728627950339725e-01 4.454848152424109651e-04
2.783974822035273911e-01 4.930683481490838243e-04
2.757291357287331990e-01 5.611422714411209252e-04
2.727643063122952016e-01 6.468773420267712919e-04
2.700959598375010651e-01 7.341884115318601150e-04
2.671311304210630122e-01 8.438253188065073223e-04
2.647592668879126254e-01 9.421467096679170304e-04
2.573471933468176598e-01 1.321040117227731099e-03
2.582366421717490756e-01 1.269175546612045548e-03
2.528999492221606360e-01 1.610604661723253521e-03
2.517140174555855259e-01 1.697031391951047243e-03
2.490456709807912783e-01 1.907134491346403884e-03
2.457843586227095034e-01 2.195916147045810438e-03
2.365933874317517338e-01 3.235604191610123165e-03
2.342215238986013470e-01 3.567745006637478532e-03
2.297742797739443232e-01 4.274318215267011722e-03
2.294777968323004902e-01 4.325612878569840523e-03
2.274024162407939642e-01 4.700417305473164262e-03
2.241411038827121616e-01 5.348405967350079900e-03
2.214727574079179695e-01 5.936780707878020966e-03
2.179149621081923893e-01 6.810865557852786682e-03
2.099099226838098131e-01 9.208093336817884875e-03
2.048697126758652065e-01 1.107508510776765258e-02
2.036837809092899854e-01 1.156000798932923720e-02
1.983470879597016290e-01 1.398035011375980095e-02
1.941963267766884105e-01 1.615823787552640722e-02
1.909350144186066356e-01 1.807099341200752232e-02
1.879701850021686660e-01 1.997721400156167101e-02
1.835229408775116700e-01 2.316155959316946664e-02
1.784827308695670911e-01 2.728893085929591164e-02
1.722565890950473189e-01 3.324062318246848169e-02
1.686987937953217109e-01 3.711101710463566433e-02
1.645480326123085202e-01 4.209989364586715077e-02
1.580254078961449427e-01 5.106743286649655794e-02
1.520957490632689757e-01 6.054187625515336513e-02
1.464625731720367863e-01 7.083405627545150129e-02
1.384575337476542101e-01 8.785718776847366296e-02
1.334173237397096035e-01 1.001542637938631075e-01
1.322313919731344101e-01 1.032364892775124582e-01
1.280806307901212193e-01 1.146154408126618257e-01
1.218544890156014471e-01 1.334866309508769555e-01
1.191861425408072689e-01 1.422681104499844695e-01
1.182966937158758669e-01 1.452908242710748976e-01
1.150353813577940781e-01 1.567915539631364319e-01
1.138494495912188709e-01 1.611388442240062058e-01
1.138494495912188709e-01 1.611388442240062058e-01
1.079197907583429039e-01 1.842348065684406011e-01
1.049549613419049066e-01 1.966538221146454657e-01
1.067338589917676828e-01 1.891315875895746845e-01
1.037690295753296993e-01 2.017877183511448125e-01
1.037690295753296993e-01 2.017877183511448125e-01
1.022866148671107006e-01 2.083402316650732056e-01
1.031760636920421026e-01 2.043906433569822878e-01
1.025830978087544920e-01 2.070176621451680632e-01
1.013971660421793125e-01 2.123442977666193665e-01
1.002112342756041052e-01 2.177682400319038702e-01
9.606047309259091449e-02 2.375264813794352448e-01
9.072378014300254423e-02 2.647261663980006730e-01
8.538708719341416009e-02 2.939773304316840030e-01
8.420115542683895282e-02 3.007583610275597064e-01
8.538708719341416009e-02 2.939773304316840030e-01
8.479412131012654952e-02 2.973550534664020639e-01
7.945742836053816538e-02 3.289065401280076850e-01
7.323128658601839314e-02 3.683325449275859365e-01
6.730162775314239842e-02 4.084717983909711414e-01
6.463328127834820636e-02 4.273446895722357031e-01
6.404031539506060966e-02 4.316059353132889465e-01
6.848755951971760569e-02 4.002441182705143152e-01
6.878404246136139710e-02 3.982027141488467814e-01
6.908052540300518851e-02 3.961675330162681696e-01
6.848755951971760569e-02 4.002441182705143152e-01
6.819107657807380041e-02 4.022917372086682875e-01
6.908052540300518851e-02 3.961675330162681696e-01
7.204535481944318587e-02 3.761596509004678790e-01
7.293480364437458785e-02 3.702798501657540431e-01
7.678908188574397331e-02 3.454594644319870511e-01
8.064336012711337265e-02 3.217158712527454223e-01
7.797501365231916670e-02 3.380387516657661351e-01
7.797501365231916670e-02 3.380387516657661351e-01
7.738204776903157001e-02 3.417363481679077664e-01
7.649259894410016802e-02 3.473305851482736406e-01
7.530666717752497463e-02 3.548787408868433468e-01
7.619611600245639049e-02 3.492080766592342567e-01
7.649259894410016802e-02 3.473305851482736406e-01
7.234183776108699115e-02 3.741934088273713988e-01
6.908052540300518851e-02 3.961675330162681696e-01
6.759811069478620371e-02 4.064055859092239320e-01
6.700514481149860702e-02 4.105441911274851918e-01
6.433679833670441495e-02 4.294722720994228471e-01
6.344734951177301296e-02 4.358914596311522782e-01
6.315086657012922156e-02 4.380432981770336909e-01
5.840713950382842717e-02 4.732851096142309810e-01
6.048252009533502255e-02 4.576799956464069341e-01
5.751769067889703907e-02 4.800606726505796118e-01
5.692472479560943543e-02 4.846066389624522630e-01
5.633175891232183874e-02 4.891756009938119654e-01
5.692472479560943543e-02 4.846066389624522630e-01
5.633175891232183874e-02 4.891756009938119654e-01
5.722120773725323378e-02 4.823307735484855252e-01
5.366341243752763973e-02 5.100170378774893098e-01
5.366341243752763973e-02 5.100170378774893098e-01
5.544231008739043676e-02 4.960718833131317895e-01
5.395989537917145196e-02 5.076788297393297622e-01
5.218099772930864799e-02 5.217912047571033884e-01
5.010561713780205262e-02 5.385044362657284145e-01
4.714078772136406220e-02 5.628325879478939253e-01
4.743727066300786055e-02 5.603763285236014191e-01
4.862320242958305394e-02 5.506030392940450824e-01
5.010561713780205262e-02 5.385044362657284145e-01
4.980913419615826121e-02 5.409135574273699065e-01
5.366341243752763973e-02 5.100170378774893098e-01
5.366341243752763973e-02 5.100170378774893098e-01
5.336692949588384138e-02 5.123608116645708144e-01
5.010561713780205262e-02 5.385044362657284145e-01
5.188451478766484964e-02 5.241625362563739898e-01
5.484934420410284006e-02 5.006977743033890205e-01
5.633175891232183874e-02 4.891756009938119654e-01
5.544231008739043676e-02 4.960718833131317895e-01
5.840713950382842717e-02 4.732851096142309810e-01
5.870362244547223246e-02 4.710382183974096693e-01
5.929658832875982222e-02 4.665619685091459967e-01
6.285438362848541627e-02 4.402011722932126503e-01
6.285438362848541627e-02 4.402011722932126503e-01
6.463328127834820636e-02 4.273446895722357031e-01
6.730162775314239842e-02 4.084717983909711414e-01
6.581921304492339975e-02 4.188953796157086629e-01
6.581921304492339975e-02 4.188953796157086629e-01
6.670866186985480173e-02 4.126227550094826446e-01
6.730162775314239842e-02 4.084717983909711414e-01
6.967349128629278521e-02 3.921158714755809127e-01
7.352776952766218455e-02 3.663915630135512469e-01
7.649259894410016802e-02 3.473305851482736406e-01
8.153280895204477463e-02 3.163900668191798604e-01
8.360818954355135613e-02 3.041872633676573900e-01
8.538708719341416009e-02 2.939773304316840030e-01
8.686950190163314489e-02 2.856448644875086429e-01
8.598005307670174291e-02 2.906251790737882090e-01
8.746246778492075546e-02 2.823565692497751467e-01
9.072378014300254423e-02 2.647261663980006730e-01
9.042729720135872507e-02 2.662971688725088715e-01
9.368860955944052771e-02 2.493637939966689143e-01
9.724640485916610788e-02 2.317575706007100333e-01
1.025830978087544920e-01 2.070176621451680632e-01
1.025830978087544920e-01 2.070176621451680632e-01
1.019901319254669092e-01 2.096688543504385827e-01
1.052514442835486980e-01 1.953852772556970430e-01
1.094022054665618748e-01 1.782453295306301311e-01
1.141459325328626762e-01 1.600436637293107256e-01
1.165177960660130768e-01 1.514819803124435593e-01
1.174072448909444649e-01 1.483619832413657080e-01
1.191861425408072689e-01 1.422681104499844695e-01
1.200755913657386431e-01 1.392934434435438018e-01
1.242263525487518477e-01 1.260349640212920785e-01
1.268946990235460259e-01 1.180398538126406216e-01
1.319349090314906048e-01 1.040185939091089334e-01
1.369751190394352114e-01 9.134184281666862804e-02
1.432012608139549836e-01 7.741456056810025466e-02
1.458696072887491757e-01 7.199551143277801990e-02
1.479449878802557850e-01 6.799687121706082804e-02
1.434977437555987889e-01 7.679665902440360736e-02
1.384575337476542101e-01 8.785718776847366296e-02
1.354927043312162127e-01 9.493561264478336814e-02
1.337138066813534087e-01 9.939517144462328702e-02
1.351962213895724074e-01 9.566764831792788637e-02
1.331208407980657982e-01 1.009179248801595208e-01
1.260052501986146101e-01 1.206599088162962907e-01
1.168142790076568543e-01 1.504365308050688299e-01
1.171107619493006735e-01 1.493965365637330567e-01
1.150353813577940781e-01 1.567915539631364319e-01
1.096986884082056801e-01 1.770648480050676654e-01
1.016936489838230900e-01 2.110035398677407303e-01
9.428157544272812440e-02 2.463668942986090571e-01
8.835191660985215745e-02 2.774719436947004070e-01
8.331170660190755084e-02 3.059113150685330851e-01
8.005039424382576208e-02 3.252984096087256916e-01
7.975391130218197067e-02 3.270992764848893453e-01
7.767853071067537529e-02 3.398843585695746627e-01
7.204535481944318587e-02 3.761596509004678790e-01
6.878404246136139710e-02 3.982027141488467814e-01
6.581921304492339975e-02 4.188953796157086629e-01
5.900010538711602387e-02 4.687971665604988569e-01
5.544231008739043676e-02 4.960718833131317895e-01
5.366341243752763973e-02 5.100170378774893098e-01
4.862320242958305394e-02 5.506030392940450824e-01
4.032168006355668632e-02 6.206969709910064026e-01
3.824629947205008401e-02 6.388032218287085229e-01
3.528147005561209359e-02 6.650411922526084929e-01
3.883926535533768765e-02 6.336075945836285861e-01
4.061816300520047773e-02 6.181285027002140220e-01
4.002519712191288104e-02 6.232700258990213626e-01
4.061816300520047773e-02 6.181285027002140220e-01
3.676388476383109227e-02 6.518688709480365828e-01
3.379905534739310186e-02 6.783166922166690149e-01
2.935181122273611623e-02 7.187259347034499202e-01
3.142719181424270813e-02 6.997631148740800500e-01
2.609049886465432400e-02 7.488701052228343702e-01
2.697994768958572598e-02 7.406089869392304958e-01
2.016084003177834316e-02 8.046328177724200170e-01
2.016084003177834316e-02 8.046328177724200170e-01
2.342215238986013193e-02 7.738217178513379091e-01
1.778897649862794597e-02 8.272341186337420771e-01
1.601007884876515242e-02 8.442796520983791853e-01
1.571359590712135407e-02 8.471278327644229389e-01
1.334173237397096035e-02 8.699814620729005021e-01
7.708556482738777860e-03 9.246571451663863073e-01
5.040210007944585791e-03 9.506957643301321426e-01
5.929658832875982569e-03 9.420090616967976560e-01
7.412073541094977777e-03 9.275468905428219113e-01
7.708556482738777860e-03 9.246571451663863073e-01
5.929658832875982569e-03 9.420090616967976560e-01
8.894488249313974287e-04 9.912939342373472407e-01
-8.894488249313974287e-04 9.912939342373472407e-01
2.964829416437991284e-03 9.709855443841508560e-01
2.964829416437991067e-04 9.970979274004432291e-01
-5.633175891232183354e-03 9.449039213268972670e-01
-5.929658832875982569e-03 9.420090616967976560e-01
-7.708556482738777860e-03 9.246571451663863073e-01
-1.156283472410816505e-02 8.871935995775296346e-01
-1.304524943232716200e-02 8.728461448268055589e-01
-1.126635178246436671e-02 8.900676414656445434e-01
