8.301522366026376290e-03 9.188806437371819236e-01
1.067338589917677001e-02 8.958199811174174521e-01
5.929658832875982569e-03 9.420090616967976560e-01
3.261312358081790500e-03 9.680855615709162976e-01
4.447244124656986493e-03 9.564901871408936218e-01
6.226141774519782651e-03 9.391149602969872667e-01
7.708556482738777860e-03 9.246571451663863073e-01
5.040210007944585791e-03 9.506957643301321426e-01
2.964829416437991284e-03 9.709855443841508560e-01
1.482414708218995642e-03 9.854903971587298805e-01
2.964829416437991067e-04 9.970979274004432291e-01
-2.964829416437991284e-03 9.709855443841508560e-01
-3.854278241369388930e-03 9.622868871938534685e-01
-6.226141774519782651e-03 9.391149602969872667e-01
-8.005039424382576208e-03 9.217683837331315244e-01
-1.037690295753296993e-02 8.986982048648328725e-01
-2.134677179835354002e-02 7.933912541585084188e-01
-2.342215238986013193e-02 7.738217178513379091e-01
-2.460808415643532879e-02 7.627018295362357758e-01
-2.460808415643532879e-02 7.627018295362357758e-01
-2.964829416437991111e-02 7.160061171722618134e-01
-3.261312358081790846e-02 6.890089730484230124e-01
-3.320608946410550516e-02 6.836549817031285503e-01
-3.468850417232450384e-02 6.703392096267499767e-01
-3.735685064711868897e-02 6.466296182230275580e-01
-3.557795299725589194e-02 6.623983605342298464e-01
-3.350257240574930351e-02 6.809838595647544901e-01
-3.320608946410550516e-02 6.836549817031285503e-01
-3.409553828903690020e-02 6.756535088032568082e-01
-3.439202123068069855e-02 6.729943383228373932e-01
-3.587443593889969723e-02 6.597596845177695624e-01
-3.706036770547489062e-02 6.492470972426016562e-01
-4.002519712191288104e-02 6.232700258990213626e-01
-3.587443593889969723e-02 6.597596845177695624e-01
-3.706036770547489062e-02 6.492470972426016562e-01
-4.180409477177567806e-02 6.079010046257529165e-01
-4.476892418821366154e-02 5.826655575414094734e-01
-4.476892418821366154e-02 5.826655575414094734e-01
-4.684430477972026385e-02 5.652939792471884939e-01
-4.299002653835087145e-02 5.977489081697676676e-01
-4.269354359670708005e-02 6.002797769451055920e-01
-4.239706065506327476e-02 6.028154322422107914e-01
-4.862320242958305394e-02 5.506030392940450824e-01
-4.980913419615826121e-02 5.409135574273699065e-01
-4.773375360465165890e-02 5.579252225941291332e-01
-5.455286126245904171e-02 5.030191806303059288e-01
-5.218099772930864799e-02 5.217912047571033884e-01
-5.099506596273345460e-02 5.313091918063778119e-01
-5.544231008739043676e-02 4.960718833131317895e-01
-5.811065656218463576e-02 4.755378256161361117e-01
-5.662824185396563709e-02 4.868882533534031332e-01
-5.662824185396563709e-02 4.868882533534031332e-01
-5.514582714574663841e-02 4.983820029128035456e-01
-5.988955421204742585e-02 4.621091904392963245e-01
-6.315086657012922156e-02 4.380432981770336909e-01
-6.433679833670441495e-02 4.294722720994228471e-01
-6.730162775314239842e-02 4.084717983909711414e-01
-6.641217892821101032e-02 4.147074807397599372e-01
-6.611569598656720503e-02 4.167983588330201883e-01
-6.700514481149860702e-02 4.105441911274851918e-01
-6.463328127834820636e-02 4.273446895722357031e-01
-6.789459363643000900e-02 4.043455626037896211e-01
-6.433679833670441495e-02 4.294722720994228471e-01
-6.611569598656720503e-02 4.167983588330201883e-01
-6.285438362848541627e-02 4.402011722932126503e-01
-5.959307127040363444e-02 4.643326384597320500e-01
-5.840713950382842717e-02 4.732851096142309810e-01
-6.285438362848541627e-02 4.402011722932126503e-01
-6.522624716163581693e-02 4.231078096129455846e-01
-6.196493480355402123e-02 4.467108895906160004e-01
-6.048252009533502255e-02 4.576799956464069341e-01
-5.929658832875982222e-02 4.665619685091459967e-01
-5.870362244547223246e-02 4.710382183974096693e-01
-6.315086657012922156e-02 4.380432981770336909e-01
-7.026645716958039578e-02 3.880891952998221095e-01
-6.996997422793659049e-02 3.900994064801895922e-01
-6.937700834464900768e-02 3.941385828586921880e-01
-6.730162775314239842e-02 4.084717983909711414e-01
-6.819107657807380041e-02 4.022917372086682875e-01
-6.522624716163581693e-02 4.231078096129455846e-01
-6.878404246136139710e-02 3.982027141488467814e-01
-7.115590599451178389e-02 3.820961561382232308e-01
-7.738204776903157001e-02 3.417363481679077664e-01
-7.382425246930598983e-02 3.644569096425660515e-01
-7.263832070273078256e-02 3.722334733269203610e-01
-7.619611600245639049e-02 3.492080766592342567e-01
-7.323128658601839314e-02 3.683325449275859365e-01
-6.848755951971760569e-02 4.002441182705143152e-01
-6.848755951971760569e-02 4.002441182705143152e-01
-6.463328127834820636e-02 4.273446895722357031e-01
-6.226141774519781957e-02 4.445349800368063597e-01
-6.166845186191022288e-02 4.488927865674418038e-01
-5.811065656218463576e-02 4.755378256161361117e-01
-5.366341243752763973e-02 5.100170378774893098e-01
-5.010561713780205262e-02 5.385044362657284145e-01
-4.447244124656987013e-02 5.851672042832731790e-01
-3.706036770547489062e-02 6.492470972426016562e-01
-2.579401592301052565e-02 7.516302176940485857e-01
-2.342215238986013193e-02 7.738217178513379091e-01
-1.185931766575196514e-02 8.843210255678012333e-01
-2.964829416437991284e-03 9.709855443841508560e-01
8.005039424382576208e-03 9.217683837331315244e-01
1.808545944027174779e-02 8.244007875952082953e-01
2.223622062328493507e-02 7.849877489446721590e-01
2.816587945616091937e-02 7.296402116268713156e-01
3.765333358876248732e-02 6.440164612225398599e-01
4.387947536328227344e-02 5.901852624462056163e-01
5.633175891232183874e-02 4.891756009938119654e-01
6.107548597862261924e-02 4.532744925576422945e-01
6.908052540300518851e-02 3.961675330162681696e-01
7.886446247725056868e-02 3.325402515855780949e-01
8.983433131807114225e-02 2.694581987406205470e-01
9.991475133396031383e-02 2.191394989321321374e-01
1.058444101668363085e-01 1.928660274584493850e-01
1.150353813577940781e-01 1.567915539631364319e-01
1.230404207821766405e-01 1.297196742767764144e-01
1.277841478484774140e-01 1.154642006152676176e-01
1.310454602065592167e-01 1.063928922966449753e-01
1.351962213895724074e-01 9.566764831792788637e-02
1.390504996309417929e-01 8.649339833351722684e-02
1.396434655142294035e-01 8.514658726027514446e-02
1.399399484558731810e-01 8.447950564542275331e-02
1.396434655142294035e-01 8.514658726027514446e-02
1.411258802224483744e-01 8.185293732960102764e-02
1.372716019810789889e-01 9.063625106108481877e-02
1.378645678643665995e-01 8.923809293696270684e-02
1.348997384479286021e-01 9.640415098633114965e-02
1.357891872728600180e-01 9.420802694357188756e-02
1.319349090314906048e-01 1.040185939091089334e-01
1.260052501986146101e-01 1.206599088162962907e-01
1.236333866654642372e-01 1.278671008578481649e-01
1.271911819651898035e-01 1.171763908315901354e-01
1.218544890156014471e-01 1.334866309508769555e-01
1.162213131243692715e-01 1.525328993618891293e-01
1.147388984161502451e-01 1.578700323126399907e-01
1.162213131243692715e-01 1.525328993618891293e-01
1.132564837079312742e-01 1.633460027612821663e-01
1.129600007662874689e-01 1.644580077525825412e-01
1.102916542914932768e-01 1.747212010526229820e-01
1.088092395832742781e-01 1.806236701500917030e-01
1.135529666495750795e-01 1.622396193963453470e-01
1.091057225249180834e-01 1.794315995123113017e-01
1.046584784002610874e-01 1.979283280303456294e-01
1.013971660421793125e-01 2.123442977666193665e-01
9.635695603423471978e-02 2.360749260676175687e-01
9.161322896793393233e-02 2.600511546084796621e-01
8.686950190163314489e-02 2.856448644875086429e-01
8.123632601040095547e-02 3.181589335362122739e-01
7.352776952766218455e-02 3.663915630135512469e-01
7.589963306081257133e-02 3.510919355466789460e-01
7.560315011916877992e-02 3.529821582142212977e-01
7.352776952766218455e-02 3.663915630135512469e-01
6.700514481149860702e-02 4.105441911274851918e-01
6.433679833670441495e-02 4.294722720994228471e-01
6.315086657012922156e-02 4.380432981770336909e-01
6.315086657012922156e-02 4.380432981770336909e-01
6.255790068684162486e-02 4.423650702271484381e-01
6.196493480355402123e-02 4.467108895906160004e-01
6.315086657012922156e-02 4.380432981770336909e-01
5.900010538711602387e-02 4.687971665604988569e-01
5.840713950382842717e-02 4.732851096142309810e-01
5.988955421204742585e-02 4.621091904392963245e-01
5.662824185396563709e-02 4.868882533534031332e-01
5.929658832875982222e-02 4.665619685091459967e-01
5.633175891232183874e-02 4.891756009938119654e-01
5.455286126245904171e-02 5.030191806303059288e-01
5.336692949588384138e-02 5.123608116645708144e-01
5.069858302108965625e-02 5.337022337307312236e-01
5.010561713780205262e-02 5.385044362657284145e-01
4.803023654629545725e-02 5.554792916008994830e-01
4.180409477177567806e-02 6.079010046257529165e-01
4.299002653835087145e-02 5.977489081697676676e-01
4.536189007150127211e-02 5.776771447487902833e-01
4.891968537122685229e-02 5.481727599670809248e-01
4.980913419615826121e-02 5.409135574273699065e-01
4.980913419615826121e-02 5.409135574273699065e-01
5.040210007944585097e-02 5.361006550949052318e-01
4.714078772136406220e-02 5.628325879478939253e-01
4.832671948793926253e-02 5.530385568064644097e-01
4.625133889643266022e-02 5.702320701024229388e-01
4.684430477972026385e-02 5.652939792471884939e-01
5.040210007944585097e-02 5.361006550949052318e-01
5.040210007944585097e-02 5.361006550949052318e-01
5.484934420410284006e-02 5.006977743033890205e-01
5.514582714574663841e-02 4.983820029128035456e-01
5.484934420410284006e-02 5.006977743033890205e-01
5.929658832875982222e-02 4.665619685091459967e-01
6.730162775314239842e-02 4.084717983909711414e-01
6.996997422793659049e-02 3.900994064801895922e-01
6.996997422793659049e-02 3.900994064801895922e-01
6.819107657807380041e-02 4.022917372086682875e-01
7.412073541094978124e-02 3.625285898516916738e-01
8.064336012711337265e-02 3.217158712527454223e-01
8.509060425177035480e-02 2.956629946257112174e-01
8.598005307670174291e-02 2.906251790737882090e-01
8.716598484327695018e-02 2.839975271296167336e-01
8.123632601040095547e-02 3.181589335362122739e-01
8.093984306875716406e-02 3.199342018916918606e-01
7.649259894410016802e-02 3.473305851482736406e-01
7.204535481944318587e-02 3.761596509004678790e-01
6.611569598656720503e-02 4.167983588330201883e-01
6.285438362848541627e-02 4.402011722932126503e-01
5.929658832875982222e-02 4.665619685091459967e-01
5.366341243752763973e-02 5.100170378774893098e-01
4.625133889643266022e-02 5.702320701024229388e-01
4.002519712191288104e-02 6.232700258990213626e-01
4.476892418821366154e-02 5.826655575414094734e-01
4.417595830492607872e-02 5.876737803767448920e-01
4.091464594684428302e-02 6.155646465962631986e-01
3.706036770547489062e-02 6.492470972426016562e-01
3.883926535533768765e-02 6.336075945836285861e-01
4.714078772136406220e-02 5.628325879478939253e-01
4.447244124656987013e-02 5.851672042832731790e-01
5.544231008739043676e-02 4.960718833131317895e-01
6.315086657012922156e-02 4.380432981770336909e-01
7.115590599451178389e-02 3.820961561382232308e-01
7.589963306081257133e-02 3.510919355466789460e-01
8.716598484327695018e-02 2.839975271296167336e-01
9.872881956738512044e-02 2.246858927483212642e-01
1.076233078166990847e-01 1.854501999154545000e-01
1.191861425408072689e-01 1.422681104499844695e-01
1.268946990235460259e-01 1.180398538126406216e-01
1.363821531561476008e-01 9.276613727998542225e-02
1.440907096388863717e-01 7.557279793156508607e-02
1.574324420128573321e-01 5.195585688905465099e-02
1.651409984955961030e-01 4.135452375275265602e-02
1.734425208616224845e-01 3.202896330542327058e-02
1.781862479279232858e-01 2.755014812891397324e-02
1.823370091109364766e-01 2.408105534906180081e-02
1.844123897024430581e-01 2.249189591798418306e-02
1.891561167687438594e-01 1.919482601172656233e-02
1.900455655936752197e-01 1.862556874689890937e-02
1.936033608934008554e-01 1.649230442308829980e-02
1.903420485353190250e-01 1.843909425586155379e-02
1.858948044106620845e-01 2.141280189054060520e-02
1.855983214690182792e-01 2.162497734715208147e-02
1.814475602860050885e-01 2.479108113511654596e-02
1.749249355698415109e-01 3.056727931696735789e-02
1.698847255618968766e-01 3.578070939246891929e-02
1.624726520208019109e-01 4.479788082333127641e-02
1.535781637714879466e-01 5.804760344190897786e-02
1.509098172966937546e-01 6.260002654566533542e-02
1.437942266972425664e-01 7.618274388474718939e-02
1.375680849227227942e-01 8.993500680968086192e-02
1.387540166892980154e-01 8.717316216680862095e-02
1.331208407980657982e-01 1.009179248801595208e-01
1.268946990235460259e-01 1.180398538126406216e-01
1.194826254824510464e-01 1.412712360678542722e-01
1.099951713498494715e-01 1.758901426415079849e-01
9.843233662574131515e-02 2.260878733589901379e-01
9.783937074245370458e-02 2.289103510540752284e-01
9.250267779286532044e-02 2.554330344410288833e-01
9.309564367615293101e-02 2.523858250901062639e-01
8.746246778492075546e-02 2.823565692497751467e-01
7.916094541889436009e-02 3.307201990489159193e-01
7.085942305286800635e-02 3.840875631652067579e-01
6.374383245341681825e-02 4.337456682186658918e-01
5.781417362054082354e-02 4.777963516192144100e-01
5.069858302108965625e-02 5.337022337307312236e-01
4.565837301314506352e-02 5.751904245813735939e-01
4.210057771341947641e-02 6.053558496593003380e-01
3.409553828903690020e-02 6.756535088032568082e-01
3.320608946410550516e-02 6.836549817031285503e-01
2.312566944821633011e-02 7.766089837084957370e-01
1.601007884876515242e-02 8.442796520983791853e-01
1.304524943232716200e-02 8.728461448268055589e-01
1.245228354903956530e-02 8.785804286038754185e-01
8.598005307670174638e-03 9.159939626331864426e-01
7.115590599451179429e-03 9.304375823302792892e-01
-2.668346474794192503e-03 9.738859070480740954e-01
-9.783937074245369764e-03 9.044585747676215925e-01
-1.423118119890235886e-02 8.613976889420622562e-01
-2.193973768164113672e-02 7.877862138133687742e-01
-2.075380591506593986e-02 7.990068805269330277e-01
-2.193973768164113672e-02 7.877862138133687742e-01
-2.075380591506593986e-02 7.990068805269330277e-01
-2.045732297342214151e-02 8.018185775483293032e-01
-2.342215238986013193e-02 7.738217178513379091e-01
-2.134677179835354002e-02 7.933912541585084188e-01
-2.401511827314772862e-02 7.682558718230400041e-01
-1.749249355698414762e-02 8.300696778096683381e-01
-2.164325473999733837e-02 7.905873935986582612e-01
-1.838194238191554614e-02 8.215697200589215932e-01
-1.601007884876515242e-02 8.442796520983791853e-01
-1.452766414054615894e-02 8.585399777232740615e-01
-1.452766414054615894e-02 8.585399777232740615e-01
-1.482414708218995555e-02 8.556841003043771376e-01
-1.452766414054615894e-02 8.585399777232740615e-01
-1.156283472410816505e-02 8.871935995775296346e-01
-3.557795299725589715e-03 9.651859965367522998e-01
5.336692949588385006e-03 9.477995014573001864e-01
1.185931766575196514e-02 8.843210255678012333e-01
1.571359590712135407e-02 8.471278327644229389e-01
1.749249355698414762e-02 8.300696778096683381e-01
2.431160121479152697e-02 7.654773585553373838e-01
2.668346474794192069e-02 7.433594574316628734e-01
2.905532828109231788e-02 7.214492841993171979e-01
3.468850417232450384e-02 6.703392096267499767e-01
3.320608946410550516e-02 6.836549817031285503e-01
3.231664063917410318e-02 6.916917832445974579e-01
3.913574829698147906e-02 6.310164521734746845e-01
4.150761183013187972e-02 6.104508724027611910e-01
4.269354359670708005e-02 6.002797769451055920e-01
4.565837301314506352e-02 5.751904245813735939e-01
4.684430477972026385e-02 5.652939792471884939e-01
4.595485595478886881e-02 5.727087255311262837e-01
5.010561713780205262e-02 5.385044362657284145e-01
5.188451478766484964e-02 5.241625362563739898e-01
5.158803184602105130e-02 5.265393238943145704e-01
5.484934420410284006e-02 5.006977743033890205e-01
5.425637832081523643e-02 5.053462048518314598e-01
5.722120773725323378e-02 4.823307735484855252e-01
6.018603715369122420e-02 4.598916382854670859e-01
6.374383245341681825e-02 4.337456682186658918e-01
6.670866186985480173e-02 4.126227550094826446e-01
7.589963306081257133e-02 3.510919355466789460e-01
7.619611600245639049e-02 3.492080766592342567e-01
8.212577483533235745e-02 3.128715399845397038e-01
8.983433131807114225e-02 2.694581987406205470e-01
9.279916073450913960e-02 2.539062796430360813e-01
1.002112342756041052e-01 2.177682400319038702e-01
1.150353813577940781e-01 1.567915539631364319e-01
1.168142790076568543e-01 1.504365308050688299e-01
1.242263525487518477e-01 1.260349640212920785e-01
1.295630454983402458e-01 1.104443401142776171e-01
1.334173237397096035e-01 1.001542637938631075e-01
1.351962213895724074e-01 9.566764831792788637e-02
1.384575337476542101e-01 8.785718776847366296e-02
1.372716019810789889e-01 9.063625106108481877e-02
1.417188461057360127e-01 8.056446710318321269e-02
1.446836755221739823e-01 7.436474473110443739e-02
1.517992661216251427e-01 6.105113551165468333e-02
1.550605784797069453e-01 5.563849565454222906e-02
1.603972714292953294e-01 4.763874143315074278e-02
1.651409984955961030e-01 4.135452375275265602e-02
1.755179014531290937e-01 2.999869526645567580e-02
1.790756967528546462e-01 2.677283904234578973e-02
1.912314973602504409e-01 1.788934432626771223e-02
1.956787414849074092e-01 1.534871318902557465e-02
2.001259856095644052e-01 1.312846000150022160e-02
2.110958544503849510e-01 8.811484613425964174e-03
2.176184791665485563e-01 6.888631574024877205e-03
2.271059332991501589e-01 4.756272593696596850e-03
2.398546997898335087e-01 2.824441081769894692e-03
2.466738074476408915e-01 2.113459524470178916e-03
2.564577445218862439e-01 1.374834018500742296e-03
2.662416815961315963e-01 8.795351689633793945e-04
2.751361698454455884e-01 5.774016583492597209e-04
2.837341751531157197e-01 3.792108497280620525e-04
2.902567998692793805e-01 2.731591404364126937e-04
2.964829416437991250e-01 1.982465023555776945e-04
3.044879810681817012e-01 1.298763083916681742e-04
3.127895034342081382e-01 8.267729027353147011e-05
3.252417869832476827e-01 4.093779961633216388e-05
3.326538605243426483e-01 2.654567344654165325e-05
3.412518658320127796e-01 1.583510495021851224e-05
3.525182176144771584e-01 7.859871150636991302e-06
3.599302911555721796e-01 4.884627987205395096e-06
3.703071941131051426e-01 2.459286425069242504e-06
3.812770629539257161e-01 1.159617515482631527e-06
3.963976929777594527e-01 3.929981054774372610e-07
4.124077718265245496e-01 1.176883069523537780e-07
4.204128112509071813e-01 6.287441794839833459e-08
4.290108165585773681e-01 3.148179731414689961e-08
4.384982706911788597e-01 1.434564681838236671e-08
4.491716565903557945e-01 5.754466002783384437e-09
4.565837301314507046e-01 2.994790868121182182e-09
4.666641501473398623e-01 1.201127062445495893e-09
4.725938089802158570e-01 6.919941177836473616e-10
4.826742289961049592e-01 2.644400745621186478e-10
4.874179560624057883e-01 1.663333428583463087e-10
4.909757513621313962e-01 1.169317584559698684e-10
4.977948590199387513e-01 5.883417085837711736e-11
4.986843078448701116e-01 5.373204296098377250e-11
5.031315519695270799e-01 3.400487778190194447e-11
5.093576937440469354e-01 1.772213062800074236e-11
5.123225231604848773e-01 1.293355310406365737e-11
5.158803184602104297e-01 8.826927204532087267e-12
5.126190061021287381e-01 1.253041314752917468e-11
5.143979037519915698e-01 1.035551077128933018e-11
5.143979037519915698e-01 1.035551077128933018e-11
5.170662502267856508e-01 7.763872016860991172e-12
5.179556990517171222e-01 7.049177332568003187e-12
5.176592161100732614e-01 7.280009125517353910e-12
5.200310796432237037e-01 5.620880306082212139e-12
5.167697672851417900e-01 8.017359421686710437e-12
5.167697672851417900e-01 8.017359421686710437e-12
5.170662502267856508e-01 7.763872016860991172e-12
5.143979037519915698e-01 1.035551077128933018e-11
5.123225231604848773e-01 1.293355310406365737e-11
5.132119719854162376e-01 1.176036107943338031e-11
5.129154890437724879e-01 1.213946825948706972e-11
5.081717619774717143e-01 2.008478991969631021e-11
5.072823131525403539e-01 2.205432143775448213e-11
5.111365913939096561e-01 1.467558123933086115e-11
5.138049378687038482e-01 1.103628073878091213e-11
5.152873525769229301e-01 9.410105974965488106e-12
5.197345967015798429e-01 5.806211492975260951e-12
5.218099772930865354e-01 4.623665255896166339e-12
5.250712896511682271e-01 3.222559851366277267e-12
5.250712896511682271e-01 3.222559851366277267e-12
5.327798461339070535e-01 1.351746353300199303e-12
5.395989537917144085e-01 6.152736356799141107e-13
5.467145443911656244e-01 2.655129907190211696e-13
5.573879302903422817e-01 7.247728874621912991e-14
5.615386914733555557e-01 4.319518381591899617e-14
5.692472479560942711e-01 1.620371770494834713e-14
5.748804238473265160e-01 7.786855865347620666e-15
5.805135997385587610e-01 3.689518095807167601e-15
5.900010538711603081e-01 1.014651660759161404e-15
5.965236785873239134e-01 4.074845768208401936e-16
6.024533374201997971e-01 1.746063359359560615e-16
6.069005815448568208e-01 9.140627539463079414e-17
6.149056209692393971e-01 2.778463163540597920e-17
6.178704503856773389e-01 1.772176751983891848e-17
6.235036262769095838e-01 7.442173938675587135e-18
6.279508704015666076e-01 3.705012113861157273e-18
6.309156998180045495e-01 2.312748906554243472e-18
6.341770121760863521e-01 1.369118352271902725e-18
6.318051486429359098e-01 2.005855523549997504e-18
6.323981145262236314e-01 1.823766364615621398e-18
6.344734951177301019e-01 1.304991360716977628e-18
6.353629439426615733e-01 1.129723190686013320e-18
6.353629439426615733e-01 1.129723190686013320e-18
6.353629439426615733e-01 1.129723190686013320e-18
6.374383245341681548e-01 8.054290203933628417e-19
6.377348074758120156e-01 7.672621669557568072e-19
6.383277733590995151e-01 6.961581558257623768e-19
6.362523927675930446e-01 9.775352562715126904e-19
6.359559098259490728e-01 1.025892122963889779e-18
6.312121827596484103e-01 2.205672720582843703e-18
6.273579045182789971e-01 4.068730659366585552e-18
6.267649386349913865e-01 4.467259958144830314e-18
6.229106603936219733e-01 8.160612268540887631e-18
6.160915527358145072e-01 2.322376663884209834e-17
6.116443086111575944e-01 4.531804812811769781e-17
6.092724450780071521e-01 6.445555980790541961e-17
6.012674056536245759e-01 2.071475964891976518e-16
5.959307127040363028e-01 4.430988317983217882e-16
5.870362244547222552e-01 1.525754250327566619e-15
5.814030485634901213e-01 3.274752713993447523e-15
5.754733897306141266e-01 7.202898696867650078e-15
5.680613161895191610e-01 1.887325296893067283e-14
5.594633108818489742e-01 5.600268802447476618e-14
5.553125496988358112e-01 9.363133451596858674e-14
5.499758567492474270e-01 1.794346826920578539e-13
5.443426808580151821e-01 3.521292754428620901e-13
5.401919196750021301e-01 5.740896994220275993e-13
5.310009484840443328e-01 1.655061458599536707e-12
5.274431531843186693e-01 2.472409012305178972e-12
5.212170114097989249e-01 4.935302515189866972e-12
5.155838355185666799e-01 9.113993944835728754e-12
5.114330743355535169e-01 1.421987484807219504e-11
5.078752790358278535e-01 2.072156078439284997e-11
5.028350690278833302e-01 3.506522210163587194e-11
4.995737566698014720e-01 4.905954317817515399e-11
4.966089272533635302e-01 6.637155100319576991e-11
4.900863025371999804e-01 1.277494899811989096e-10
4.909757513621313962e-01 1.169317584559698684e-10
4.877144390040495936e-01 1.615446005183420661e-10
4.814882972295297936e-01 2.966092758018322302e-10
4.758551213382976042e-01 5.086535141085590756e-10
4.731867748635034676e-01 6.544873115567595913e-10
4.699254625054216095e-01 8.880501461554710964e-10
4.666641501473398623e-01 1.201127062445495893e-09
4.651817354391208359e-01 1.376415124999240841e-09
4.616239401393952280e-01 1.903652532846244567e-09
4.571766960147382597e-01 2.840413011488358158e-09
4.518400030651498755e-01 4.556953463912388700e-09
4.527294518900812914e-01 4.214089023323665934e-09
4.485786907070681284e-01 6.059053824015704762e-09
4.447244124656987152e-01 8.452093926471335034e-09
4.435384806991234941e-01 9.355864100941648405e-09
4.373123389246038051e-01 1.584754744076818414e-08
4.337545436248781971e-01 2.131563774246746166e-08
4.260459871421393152e-01 4.004954340932996335e-08
4.215987430174823469e-01 5.721813583778252352e-08
4.150761183013187972e-01 9.566794157772895081e-08
4.106288741766618289e-01 1.349828123502576178e-07
4.032168006355668077e-01 2.369723973395610264e-07
3.990660394525535892e-01 3.228552948374296542e-07
3.904680341448834580e-01 6.046043640899368489e-07
3.851313411952951293e-01 8.846022576300144256e-07
3.786087164791314685e-01 1.395828194099599679e-06
3.667493988133795901e-01 3.120032693405318919e-06
3.548900811476276007e-01 6.758830755934571531e-06
3.471815246648887743e-01 1.098934143569818346e-05
3.344327581742054245e-01 2.388453629817138265e-05
3.234628893333848509e-01 4.534781772182425874e-05
3.107141228427015012e-01 9.267627127831004207e-05
3.024126004766751197e-01 1.450977573563348288e-04
2.929251463440735725e-01 2.383098182033187621e-04
2.810658286783215831e-01 4.326905573112381259e-04
2.686135451292820386e-01 7.872548321360679866e-04
2.567542274635301047e-01 1.356684450246814803e-03
2.490456709807912783e-01 1.907134491346403884e-03
2.401511827314772862e-01 2.789511697719098803e-03
2.333320750736699312e-01 3.700009640476946849e-03
2.297742797739443232e-01 4.274318215267011722e-03
2.241411038827121616e-01 5.348405967350079900e-03
2.238446209410683285e-01 5.411101080753036828e-03
2.217692403495617470e-01 5.868669732173883991e-03
2.229551721161369404e-01 5.603146471153197007e-03
2.220657232912055246e-01 5.801256941935437061e-03
2.214727574079179695e-01 5.936780707878020966e-03
2.223622062328493576e-01 5.734536194629843639e-03
2.235481379994245510e-01 5.474452268940337325e-03
2.250305527076435774e-01 5.164198797557321453e-03
2.294777968323004902e-01 4.325612878569840523e-03
2.330355921320261536e-01 3.745068767606279155e-03
2.321461433070947100e-01 3.883224014314878500e-03
2.386687680232582598e-01 2.968146981071563897e-03
2.383722850816145378e-01 3.005090326244673395e-03
2.428195292062714783e-01 2.492289024260426963e-03
2.478597392142160849e-01 2.007890475572415238e-03
2.490456709807912783e-01 1.907134491346403884e-03
2.523069833388730809e-01 1.653303655822778310e-03
2.534929151054482466e-01 1.568912858582559430e-03
2.561612615802424386e-01 1.393205023642452370e-03
2.591260909966804915e-01 1.219178323051781738e-03
2.662416815961315963e-01 8.795351689633793945e-04
2.656487157128440413e-01 9.041066954716148749e-04
2.689100280709257884e-01 7.763676608235252699e-04
2.724678233706513963e-01 6.560832029249127808e-04
2.822517604448967488e-01 4.081148660799997123e-04
2.932216292857173223e-01 2.347038105499379111e-04
2.932216292857173223e-01 2.347038105499379111e-04
2.950005269355801540e-01 2.141107327919383437e-04
2.908497657525669911e-01 2.650292704034089330e-04
2.843271410364033858e-01 3.681890370428712064e-04
2.783974822035273911e-01 4.930683481490838243e-04
2.727643063122952016e-01 6.468773420267712919e-04
2.641663010046250704e-01 9.683162959350859970e-04
2.620909204131184334e-01 1.065245930673765955e-03
2.526034662805168862e-01 1.631826922026822363e-03
2.380758021399707047e-01 3.042448444050093251e-03
2.262164844742187153e-01 4.927424179411066425e-03
2.107993715087411735e-01 8.909193616551239897e-03
1.965681903098388250e-01 1.488015798153693656e-02
1.832264579358678647e-01 2.338855704894945292e-02
1.642515496706647149e-01 4.247677881435441699e-02
1.538746467131317519e-01 5.755903576041646041e-02
1.470555390553243691e-01 6.968785893254618447e-02
1.319349090314906048e-01 1.040185939091089334e-01
1.197791084240948517e-01 1.402796853807732336e-01
1.031760636920421026e-01 2.043906433569822878e-01
8.775895072656454687e-02 2.807219880476723439e-01
7.589963306081257133e-02 3.510919355466789460e-01
7.056294011122418719e-02 3.860852451760948822e-01
5.722120773725323378e-02 4.823307735484855252e-01
5.188451478766484964e-02 5.241625362563739898e-01
4.299002653835087145e-02 5.977489081697676676e-01
3.943223123862528434e-02 6.284297924686068626e-01
4.032168006355668632e-02 6.206969709910064026e-01
4.002519712191288104e-02 6.232700258990213626e-01
3.735685064711868897e-02 6.466296182230275580e-01
3.439202123068069855e-02 6.729943383228373932e-01
3.290960652246169987e-02 6.863300293422641696e-01
3.053774298931130962e-02 7.078681665885183660e-01
3.083422593095511144e-02 7.051627864718528205e-01
2.875884533944851953e-02 7.241761344400822198e-01
3.053774298931130962e-02 7.078681665885183660e-01
2.964829416437991111e-02 7.160061171722618134e-01
2.935181122273611623e-02 7.187259347034499202e-01
2.935181122273611623e-02 7.187259347034499202e-01
3.468850417232450384e-02 6.703392096267499767e-01
3.794981653040628566e-02 6.414076534179217193e-01
4.210057771341947641e-02 6.053558496593003380e-01
4.358299242163847509e-02 5.927016269434939311e-01
4.625133889643266022e-02 5.702320701024229388e-01
5.010561713780205262e-02 5.385044362657284145e-01
5.544231008739043676e-02 4.960718833131317895e-01
5.870362244547223246e-02 4.710382183974096693e-01
5.959307127040363444e-02 4.643326384597320500e-01
5.929658832875982222e-02 4.665619685091459967e-01
6.285438362848541627e-02 4.402011722932126503e-01
6.048252009533502255e-02 4.576799956464069341e-01
6.048252009533502255e-02 4.576799956464069341e-01
6.344734951177301296e-02 4.358914596311522782e-01
6.196493480355402123e-02 4.467108895906160004e-01
6.433679833670441495e-02 4.294722720994228471e-01
6.819107657807380041e-02 4.022917372086682875e-01
6.848755951971760569e-02 4.002441182705143152e-01
6.848755951971760569e-02 4.002441182705143152e-01
6.581921304492339975e-02 4.188953796157086629e-01
6.611569598656720503e-02 4.167983588330201883e-01
6.908052540300518851e-02 3.961675330162681696e-01
7.085942305286800635e-02 3.840875631652067579e-01
6.492976421999201164e-02 4.252231985377508128e-01
6.374383245341681825e-02 4.337456682186658918e-01
6.463328127834820636e-02 4.273446895722357031e-01
6.166845186191022288e-02 4.488927865674418038e-01
6.344734951177301296e-02 4.358914596311522782e-01
6.404031539506060966e-02 4.316059353132889465e-01
6.077900303697882090e-02 4.554742759807657304e-01
6.433679833670441495e-02 4.294722720994228471e-01
6.404031539506060966e-02 4.316059353132889465e-01
6.492976421999201164e-02 4.252231985377508128e-01
6.848755951971760569e-02 4.002441182705143152e-01
7.056294011122418719e-02 3.860852451760948822e-01
6.878404246136139710e-02 3.982027141488467814e-01
6.996997422793659049e-02 3.900994064801895922e-01
7.085942305286800635e-02 3.840875631652067579e-01
7.145238893615558917e-02 3.801110307813641009e-01
8.093984306875716406e-02 3.199342018916918606e-01
8.182929189368856604e-02 3.146276022038722586e-01
8.212577483533235745e-02 3.128715399845397038e-01
8.182929189368856604e-02 3.146276022038722586e-01
8.064336012711337265e-02 3.217158712527454223e-01
7.945742836053816538e-02 3.289065401280076850e-01
8.182929189368856604e-02 3.146276022038722586e-01
7.856797953560677727e-02 3.343666959025654029e-01
8.123632601040095547e-02 3.181589335362122739e-01
7.975391130218197067e-02 3.270992764848893453e-01
7.797501365231916670e-02 3.380387516657661351e-01
7.560315011916877992e-02 3.529821582142212977e-01
7.678908188574397331e-02 3.454594644319870511e-01
7.115590599451178389e-02 3.820961561382232308e-01
6.730162775314239842e-02 4.084717983909711414e-01
5.988955421204742585e-02 4.621091904392963245e-01
5.988955421204742585e-02 4.621091904392963245e-01
5.455286126245904171e-02 5.030191806303059288e-01
5.040210007944585097e-02 5.361006550949052318e-01
4.150761183013187972e-02 6.104508724027611910e-01
3.528147005561209359e-02 6.650411922526084929e-01
3.528147005561209359e-02 6.650411922526084929e-01
3.320608946410550516e-02 6.836549817031285503e-01
3.498498711396829525e-02 6.676881514184496158e-01
3.409553828903690020e-02 6.756535088032568082e-01
3.439202123068069855e-02 6.729943383228373932e-01
3.646740182218729392e-02 6.544949118504775898e-01
3.498498711396829525e-02 6.676881514184496158e-01
3.439202123068069855e-02 6.729943383228373932e-01
3.972871418026908269e-02 6.258476416905683903e-01
4.476892418821366154e-02 5.826655575414094734e-01
4.832671948793926253e-02 5.530385568064644097e-01
5.010561713780205262e-02 5.385044362657284145e-01
5.573879302903423510e-02 4.937674321715974646e-01
6.226141774519781957e-02 4.445349800368063597e-01
6.789459363643000900e-02 4.043455626037896211e-01
7.945742836053816538e-02 3.289065401280076850e-01
8.835191660985215745e-02 2.774719436947004070e-01
1.019901319254669092e-01 2.096688543504385827e-01
1.132564837079312742e-01 1.633460027612821663e-01
1.257087672569708325e-01 1.215432029779579537e-01
1.458696072887491757e-01 7.199551143277801990e-02
1.601007884876515242e-01 4.805656089918988738e-02
1.698847255618968766e-01 3.578070939246891929e-02
1.820405261692926713e-01 2.431576597323259828e-02
1.971611561931264356e-01 1.457476397062207850e-02
2.188044109331237497e-01 6.582232623658188821e-03
2.342215238986013470e-01 3.567745006637478532e-03
2.490456709807912783e-01 1.907134491346403884e-03
2.647592668879126254e-01 9.421467096679170304e-04
2.778045163202397805e-01 5.075011673345756038e-04
2.947040439939363488e-01 2.174219464372267440e-04
3.098246740177701408e-01 9.729850611075702529e-05
3.234628893333848509e-01 4.534781772182425874e-05
3.373975875906434219e-01 1.999978122141349681e-05
3.522217346728333531e-01 8.008872584014570831e-06
3.599302911555721796e-01 4.884627987205395096e-06
3.720860917629679188e-01 2.181078059155836585e-06
3.809805800122819108e-01 1.183849115237570264e-06
3.875032047284454606e-01 7.475684247127228144e-07
3.910610000281710685e-01 5.793313119765511451e-07
3.952117612111842870e-01 4.286461403839666961e-07
3.999554882774850606e-01 3.022599856812171487e-07
4.026238347522791972e-01 2.477403968403028212e-07
4.026238347522791972e-01 2.477403968403028212e-07
4.064781129936486104e-01 1.853026335670691233e-07
4.073675618185799707e-01 1.732015913425548047e-07
4.082570106435113866e-01 1.618590164192981425e-07
4.067745959352923601e-01 1.811817631032408503e-07
4.038097665188544183e-01 2.266528749288885214e-07
4.038097665188544183e-01 2.266528749288885214e-07
4.029203176939230580e-01 2.422991968583171079e-07
4.020308688689916421e-01 2.589753887675358934e-07
4.011414200440602262e-01 2.767457724028760298e-07
3.981765906276222289e-01 3.447877527135868277e-07
3.931363806196776500e-01 4.985815612177135200e-07
3.907645170865272632e-01 5.918391185593207510e-07
3.857243070785826289e-01 8.482569598303750189e-07
3.830559606037884923e-01 1.023857601889982061e-06
3.797946482457066897e-01 1.285684870265091024e-06
3.753474041210497214e-01 1.746938863969347684e-06
3.700107111714612818e-01 2.508815235954837280e-06
3.670458817550233399e-01 3.059099393655103207e-06
3.605232570388597346e-01 4.699808894786509644e-06
3.542971152643399901e-01 7.019513022296157763e-06
3.471815246648887743e-01 1.098934143569818346e-05
3.385835193572186430e-01 1.861946047682766086e-05
3.347292411158492298e-01 2.346622079303411958e-05
3.243523381583162113e-01 4.308985553713717414e-05
3.166437816755774404e-01 6.673131861625974080e-05
3.068598446013321435e-01 1.143093926802894007e-04
2.950005269355801540e-01 2.141107327919383437e-04
2.813623116199653884e-01 4.264215817413696645e-04
2.763221016120207540e-01 5.453059702706463232e-04
2.620909204131184334e-01 1.065245930673765955e-03
2.526034662805168862e-01 1.631826922026822363e-03
2.443019439144904770e-01 2.339851944121125460e-03
2.315531774238071272e-01 3.977856389318064866e-03
2.241411038827121616e-01 5.348405967350079900e-03
2.128747521002477550e-01 8.244889528152207769e-03
2.075380591506593986e-01 1.004890263100250217e-02
1.992365367846330448e-01 1.354854962857872727e-02
1.944928097183322158e-01 1.599342380925915241e-02
1.909350144186066356e-01 1.807099341200752232e-02
1.882666679438124158e-01 1.977907712914557872e-02
1.864877702939496396e-01 2.099383012836529561e-02
1.850053555857306409e-01 2.205476861728597471e-02
1.814475602860050885e-01 2.479108113511654596e-02
1.823370091109364766e-01 2.408105534906180081e-02
1.778897649862794805e-01 2.781349766129305456e-02
1.749249355698415109e-01 3.056727931696735789e-02
1.713671402701158752e-01 3.417465531066563034e-02
1.681058279120341004e-01 3.779165428275786665e-02
1.669198961454589070e-01 3.918449905562213648e-02
1.642515496706647149e-01 4.247677881435441699e-02
1.612867202542267453e-01 4.640338480106860619e-02
1.609902373125829400e-01 4.681216947830028202e-02
1.556535443629945559e-01 5.469823018623285599e-02
1.535781637714879466e-01 5.804760344190897786e-02
1.509098172966937546e-01 6.260002654566533542e-02
1.473520219969681744e-01 6.912043905713827208e-02
1.440907096388863717e-01 7.557279793156508607e-02
1.414223631640921797e-01 8.120664873599278688e-02
1.360856702145037955e-01 9.348487417408203604e-02
1.319349090314906048e-01 1.040185939091089334e-01
1.263017331402584431e-01 1.197815966419093492e-01
1.209650401906700451e-01 1.363664197559419922e-01
1.215580060739576418e-01 1.344413376410750205e-01
1.135529666495750795e-01 1.622396193963453470e-01
1.117740689997122755e-01 1.689625097633102035e-01
1.070303419334115019e-01 1.878985788604782270e-01
1.067338589917676828e-01 1.891315875895746845e-01
1.073268248750552795e-01 1.866714534741903408e-01
1.034725466336858940e-01 2.030861741795710329e-01
1.008042001588917019e-01 2.150440683181752133e-01
9.487454132601572110e-02 2.433950768851260715e-01
9.457805838437192969e-02 2.448778534628600623e-01
9.339212661779672242e-02 2.508716651370811457e-01
9.339212661779672242e-02 2.508716651370811457e-01
8.746246778492075546e-02 2.823565692497751467e-01
8.301522366026375943e-02 3.076417681216608302e-01
8.627653601834554820e-02 2.889586880531052615e-01
8.301522366026375943e-02 3.076417681216608302e-01
8.093984306875716406e-02 3.199342018916918606e-01
8.420115542683895282e-02 3.007583610275597064e-01
8.420115542683895282e-02 3.007583610275597064e-01
8.123632601040095547e-02 3.181589335362122739e-01
8.064336012711337265e-02 3.217158712527454223e-01
8.123632601040095547e-02 3.181589335362122739e-01
8.153280895204477463e-02 3.163900668191798604e-01
8.005039424382576208e-02 3.252984096087256916e-01
8.182929189368856604e-02 3.146276022038722586e-01
8.034687718546955348e-02 3.235039408163397079e-01
8.331170660190755084e-02 3.059113150685330851e-01
8.271874071861996802e-02 3.093786230691373818e-01
8.242225777697616274e-02 3.111218802869832323e-01
8.123632601040095547e-02 3.181589335362122739e-01
8.301522366026375943e-02 3.076417681216608302e-01
8.449763836848275811e-02 2.990535084792834697e-01
8.568357013505793762e-02 2.922980591971183206e-01
8.568357013505793762e-02 2.922980591971183206e-01
8.242225777697616274e-02 3.111218802869832323e-01
8.123632601040095547e-02 3.181589335362122739e-01
7.678908188574397331e-02 3.454594644319870511e-01
7.589963306081257133e-02 3.510919355466789460e-01
7.323128658601839314e-02 3.683325449275859365e-01
7.204535481944318587e-02 3.761596509004678790e-01
7.085942305286800635e-02 3.840875631652067579e-01
6.937700834464900768e-02 3.941385828586921880e-01
7.026645716958039578e-02 3.880891952998221095e-01
6.700514481149860702e-02 4.105441911274851918e-01
6.344734951177301296e-02 4.358914596311522782e-01
5.811065656218463576e-02 4.755378256161361117e-01
5.455286126245904171e-02 5.030191806303059288e-01
5.277396361259623775e-02 5.170649848479640376e-01
4.862320242958305394e-02 5.506030392940450824e-01
4.536189007150127211e-02 5.776771447487902833e-01
3.854278241369388930e-02 6.362031933163905251e-01
3.142719181424270813e-02 6.997631148740800500e-01
2.490456709807913060e-02 7.599293179387031083e-01
1.660304473205275258e-02 8.385893692449536418e-01
1.185931766575196514e-02 8.843210255678012333e-01
5.040210007944585791e-03 9.506957643301321426e-01
-1.185931766575196427e-03 9.883920896866599248e-01
-7.708556482738777860e-03 9.246571451663863073e-01
-1.601007884876515242e-02 8.442796520983791853e-01
-2.105028885670973821e-02 7.961977612492739942e-01
-2.905532828109231788e-02 7.214492841993171979e-01
-3.290960652246169987e-02 6.863300293422641696e-01
-3.854278241369388930e-02 6.362031933163905251e-01
-3.824629947205008401e-02 6.388032218287085229e-01
-4.506540712985746683e-02 5.801688633536490336e-01
-4.328650947999467674e-02 5.952228501484999601e-01
-4.891968537122685229e-02 5.481727599670809248e-01
-5.603527597067804039e-02 4.914686659678587644e-01
-6.137196892026642453e-02 4.510806584565586475e-01
-6.285438362848541627e-02 4.402011722932126503e-01
-6.878404246136139710e-02 3.982027141488467814e-01
-7.649259894410016802e-02 3.473305851482736406e-01
-8.123632601040095547e-02 3.181589335362122739e-01
-8.864839955149593498e-02 2.758564741645784801e-01
-9.398509250108433299e-02 2.478622057402376788e-01
-9.309564367615293101e-02 2.523858250901062639e-01
-9.220619485122152903e-02 2.569660949863233901e-01
-9.487454132601572110e-02 2.433950768851260715e-01
-8.746246778492075546e-02 2.823565692497751467e-01
-8.212577483533235745e-02 3.128715399845397038e-01
-7.708556482738777860e-02 3.435947177508160699e-01
-7.145238893615558917e-02 3.801110307813641009e-01
-6.611569598656720503e-02 4.167983588330201883e-01
-5.781417362054082354e-02 4.777963516192144100e-01
-4.625133889643266022e-02 5.702320701024229388e-01
-3.646740182218729392e-02 6.544949118504775898e-01
-2.697994768958572598e-02 7.406089869392304958e-01
-1.601007884876515242e-02 8.442796520983791853e-01
-2.075380591506594073e-03 9.796876201423365682e-01
1.423118119890235886e-02 8.613976889420622562e-01
2.579401592301052565e-02 7.516302176940485857e-01
3.676388476383109227e-02 6.518688709480365828e-01
4.921616831287065758e-02 5.457477395487861926e-01
6.315086657012922156e-02 4.380432981770336909e-01
6.344734951177301296e-02 4.358914596311522782e-01
6.759811069478620371e-02 4.064055859092239320e-01
6.996997422793659049e-02 3.900994064801895922e-01
7.204535481944318587e-02 3.761596509004678790e-01
7.145238893615558917e-02 3.801110307813641009e-01
6.878404246136139710e-02 3.982027141488467814e-01
7.056294011122418719e-02 3.860852451760948822e-01
7.263832070273078256e-02 3.722334733269203610e-01
7.263832070273078256e-02 3.722334733269203610e-01
7.441721835259358653e-02 3.606066084965107166e-01
7.145238893615558917e-02 3.801110307813641009e-01
7.471370129423737794e-02 3.586909702515078679e-01
7.501018423588118322e-02 3.567816796104619215e-01
7.293480364437458785e-02 3.702798501657540431e-01
7.767853071067537529e-02 3.398843585695746627e-01
7.827149659396295811e-02 3.361995299905439216e-01
7.649259894410016802e-02 3.473305851482736406e-01
7.323128658601839314e-02 3.683325449275859365e-01
7.263832070273078256e-02 3.722334733269203610e-01
7.708556482738777860e-02 3.435947177508160699e-01
7.619611600245639049e-02 3.492080766592342567e-01
7.560315011916877992e-02 3.529821582142212977e-01
7.530666717752497463e-02 3.548787408868433468e-01
6.789459363643000900e-02 4.043455626037896211e-01
6.819107657807380041e-02 4.022917372086682875e-01
6.967349128629278521e-02 3.921158714755809127e-01
