2.846236239780471772e-02 7.269064540756902115e-01
2.075380591506593986e-02 7.990068805269330277e-01
1.927139120684694465e-02 8.130904508085307070e-01
1.423118119890235886e-02 8.613976889420622562e-01
1.512063002383375564e-02 8.528300929131141794e-01
1.245228354903956530e-02 8.785804286038754185e-01
1.126635178246436671e-02 8.900676414656445434e-01
1.126635178246436671e-02 8.900676414656445434e-01
1.096986884082056836e-02 8.929431143060262421e-01
1.185931766575196514e-02 8.843210255678012333e-01
1.096986884082056836e-02 8.929431143060262421e-01
1.008042001588917158e-02 9.015777484609692749e-01
1.215580060739576349e-02 8.814499563060378406e-01
1.304524943232716200e-02 8.728461448268055589e-01
1.363821531561476043e-02 8.671184675178263968e-01
1.452766414054615894e-02 8.585399777232740615e-01
1.689952767369655093e-02 8.357473386901990153e-01
1.927139120684694465e-02 8.130904508085307070e-01
1.956787414849073953e-02 8.102687891826182431e-01
1.689952767369655093e-02 8.357473386901990153e-01
1.838194238191554614e-02 8.215697200589215932e-01
1.778897649862794597e-02 8.272341186337420771e-01
1.630656179040895423e-02 8.414334856400400575e-01
1.601007884876515242e-02 8.442796520983791853e-01
1.363821531561476043e-02 8.671184675178263968e-01
1.630656179040895423e-02 8.414334856400400575e-01
1.660304473205275258e-02 8.385893692449536418e-01
1.512063002383375564e-02 8.528300929131141794e-01
1.363821531561476043e-02 8.671184675178263968e-01
1.274876649068336365e-02 8.757124792136103952e-01
1.541711296547755572e-02 8.499779917054914868e-01
1.452766414054615894e-02 8.585399777232740615e-01
1.126635178246436671e-02 8.900676414656445434e-01
7.412073541094977777e-03 9.275468905428219113e-01
5.929658832875982569e-03 9.420090616967976560e-01
5.929658832875982569e-03 9.420090616967976560e-01
2.964829416437991284e-03 9.709855443841508560e-01
-2.371863533150392854e-03 9.767866116195857984e-01
-2.964829416437991284e-03 9.709855443841508560e-01
-2.964829416437991284e-03 9.709855443841508560e-01
-7.708556482738777860e-03 9.246571451663863073e-01
-1.274876649068336365e-02 8.757124792136103952e-01
-1.156283472410816505e-02 8.871935995775296346e-01
-1.808545944027174779e-02 8.244007875952082953e-01
-2.164325473999733837e-02 7.905873935986582612e-01
-2.134677179835354002e-02 7.933912541585084188e-01
-2.282918650657253176e-02 7.793991000097524324e-01
-3.113070887259890979e-02 7.024610924282417290e-01
-2.935181122273611623e-02 7.187259347034499202e-01
-3.617091888054349558e-02 6.571251923062654265e-01
-4.032168006355668632e-02 6.206969709910064026e-01
-4.565837301314506352e-02 5.751904245813735939e-01
-4.980913419615826121e-02 5.409135574273699065e-01
-4.506540712985746683e-02 5.801688633536490336e-01
-4.803023654629545725e-02 5.554792916008994830e-01
-5.010561713780205262e-02 5.385044362657284145e-01
-5.040210007944585097e-02 5.361006550949052318e-01
-5.069858302108965625e-02 5.337022337307312236e-01
-5.425637832081523643e-02 5.053462048518314598e-01
-5.840713950382842717e-02 4.732851096142309810e-01
-6.137196892026642453e-02 4.510806584565586475e-01
-6.137196892026642453e-02 4.510806584565586475e-01
-6.018603715369122420e-02 4.598916382854670859e-01
-6.107548597862261924e-02 4.532744925576422945e-01
-5.929658832875982222e-02 4.665619685091459967e-01
-5.662824185396563709e-02 4.868882533534031332e-01
-4.951265125451445592e-02 5.433279985817213165e-01
-4.625133889643266022e-02 5.702320701024229388e-01
-4.595485595478886881e-02 5.727087255311262837e-01
-4.387947536328227344e-02 5.901852624462056163e-01
-3.498498711396829525e-02 6.676881514184496158e-01
-2.994477710602371293e-02 7.132898626942123510e-01
-2.223622062328493507e-02 7.849877489446721590e-01
-2.668346474794192069e-02 7.433594574316628734e-01
-2.905532828109231788e-02 7.214492841993171979e-01
-3.024126004766751127e-02 7.105772022253978859e-01
-2.816587945616091937e-02 7.296402116268713156e-01
-2.490456709807913060e-02 7.599293179387031083e-01
-2.638698180629811887e-02 7.461131743107052294e-01
-1.986435709013454134e-02 8.074495665615314399e-01
-1.956787414849073953e-02 8.102687891826182431e-01
-1.838194238191554614e-02 8.215697200589215932e-01
-2.045732297342214151e-02 8.018185775483293032e-01
-1.719601061534034928e-02 8.329074296730538673e-01
-1.601007884876515242e-02 8.442796520983791853e-01
-1.749249355698414762e-02 8.300696778096683381e-01
-1.304524943232716200e-02 8.728461448268055589e-01
-8.005039424382576208e-03 9.217683837331315244e-01
-2.371863533150392854e-03 9.767866116195857984e-01
8.894488249313974287e-04 9.912939342373472407e-01
6.522624716163580999e-03 9.362216548281087070e-01
1.185931766575196514e-02 8.843210255678012333e-01
1.601007884876515242e-02 8.442796520983791853e-01
2.282918650657253176e-02 7.793991000097524324e-01
2.371863533150393027e-02 7.710373360539325427e-01
2.490456709807913060e-02 7.599293179387031083e-01
2.935181122273611623e-02 7.187259347034499202e-01
3.528147005561209359e-02 6.650411922526084929e-01
3.972871418026908269e-02 6.258476416905683903e-01
3.913574829698147906e-02 6.310164521734746845e-01
4.269354359670708005e-02 6.002797769451055920e-01
4.625133889643266022e-02 5.702320701024229388e-01
4.061816300520047773e-02 6.181285027002140220e-01
4.269354359670708005e-02 6.002797769451055920e-01
4.565837301314506352e-02 5.751904245813735939e-01
5.069858302108965625e-02 5.337022337307312236e-01
4.891968537122685229e-02 5.481727599670809248e-01
4.447244124656987013e-02 5.851672042832731790e-01
4.091464594684428302e-02 6.155646465962631986e-01
4.150761183013187972e-02 6.104508724027611910e-01
3.676388476383109227e-02 6.518688709480365828e-01
3.379905534739310186e-02 6.783166922166690149e-01
3.113070887259890979e-02 7.024610924282417290e-01
3.261312358081790846e-02 6.890089730484230124e-01
2.490456709807913060e-02 7.599293179387031083e-01
2.134677179835354002e-02 7.933912541585084188e-01
1.838194238191554614e-02 8.215697200589215932e-01
1.601007884876515242e-02 8.442796520983791853e-01
1.749249355698414762e-02 8.300696778096683381e-01
1.156283472410816505e-02 8.871935995775296346e-01
9.190971190957773068e-03 9.102239267136499334e-01
6.522624716163580999e-03 9.362216548281087070e-01
5.633175891232183354e-03 9.449039213268972670e-01
8.301522366026376290e-03 9.188806437371819236e-01
9.190971190957773068e-03 9.102239267136499334e-01
9.487454132601571416e-03 9.073406465970995649e-01
8.598005307670174638e-03 9.159939626331864426e-01
8.301522366026376290e-03 9.188806437371819236e-01
1.067338589917677001e-02 8.958199811174174521e-01
7.708556482738777860e-03 9.246571451663863073e-01
2.964829416437991284e-03 9.709855443841508560e-01
0.000000000000000000e+00 1.000000000000000000e+00
1.482414708218995642e-03 9.854903971587298805e-01
8.894488249313974287e-04 9.912939342373472407e-01
-2.964829416437991284e-03 9.709855443841508560e-01
-9.487454132601571416e-03 9.073406465970995649e-01
-1.452766414054615894e-02 8.585399777232740615e-01
-1.660304473205275258e-02 8.385893692449536418e-01
-1.749249355698414762e-02 8.300696778096683381e-01
-1.986435709013454134e-02 8.074495665615314399e-01
-1.927139120684694465e-02 8.130904508085307070e-01
-1.778897649862794597e-02 8.272341186337420771e-01
-1.838194238191554614e-02 8.215697200589215932e-01
-2.164325473999733837e-02 7.905873935986582612e-01
-2.253270356492873341e-02 7.821920330317586600e-01
-2.342215238986013193e-02 7.738217178513379091e-01
-2.579401592301052565e-02 7.516302176940485857e-01
-2.964829416437991111e-02 7.160061171722618134e-01
-2.905532828109231788e-02 7.214492841993171979e-01
-2.727643063122952086e-02 7.378617950653341140e-01
-2.105028885670973821e-02 7.961977612492739942e-01
-1.660304473205275258e-02 8.385893692449536418e-01
-9.487454132601571416e-03 9.073406465970995649e-01
5.929658832875982135e-04 9.941958928102592186e-01
6.226141774519782651e-03 9.391149602969872667e-01
1.689952767369655093e-02 8.357473386901990153e-01
2.490456709807913060e-02 7.599293179387031083e-01
3.617091888054349558e-02 6.571251923062654265e-01
4.032168006355668632e-02 6.206969709910064026e-01
5.247748067095245328e-02 5.194253481110322479e-01
5.900010538711602387e-02 4.687971665604988569e-01
6.226141774519781957e-02 4.445349800368063597e-01
6.967349128629278521e-02 3.921158714755809127e-01
7.589963306081257133e-02 3.510919355466789460e-01
9.220619485122152903e-02 2.569660949863233901e-01
1.037690295753296993e-01 2.017877183511448125e-01
1.144424154745064676e-01 1.589540643170408718e-01
1.248193184320394444e-01 1.242231377330656611e-01
1.322313919731344101e-01 1.032364892775124582e-01
1.346032555062847968e-01 9.714513765565888082e-02
1.432012608139549836e-01 7.741456056810025466e-02
1.512063002383375598e-01 6.208019373546608266e-02
1.574324420128573321e-01 5.195585688905465099e-02
1.603972714292953294e-01 4.763874143315074278e-02
1.654374814372399360e-01 4.098600785830632670e-02
1.734425208616224845e-01 3.202896330542327058e-02
1.698847255618968766e-01 3.578070939246891929e-02
1.701812085035407096e-01 3.545449648875535070e-02
1.686987937953217109e-01 3.711101710463566433e-02
1.669198961454589070e-01 3.918449905562213648e-02
1.624726520208019109e-01 4.479788082333127641e-02
1.621761690791581056e-01 4.519484355562229660e-02
1.606937543709391070e-01 4.722394966320664356e-02
1.595078226043639413e-01 4.890134752980502403e-02
1.532816808298441413e-01 5.853957767912682658e-02
1.520957490632689757e-01 6.054187625515336513e-02
1.443871925805301770e-01 7.496680395050853152e-02
1.402364313975169863e-01 8.381661705058560119e-02
1.372716019810789889e-01 9.063625106108481877e-02
1.307489772649154114e-01 1.071937090298860223e-01
1.280806307901212193e-01 1.146154408126618257e-01
1.271911819651898035e-01 1.171763908315901354e-01
1.239298696071080425e-01 1.269484857253959653e-01
1.221509719572452385e-01 1.325371267116732255e-01
1.135529666495750795e-01 1.622396193963453470e-01
1.058444101668363085e-01 1.928660274584493850e-01
1.025830978087544920e-01 2.070176621451680632e-01
9.813585368409750986e-02 2.274960234345000387e-01
9.072378014300254423e-02 2.647261663980006730e-01
8.449763836848275811e-02 2.990535084792834697e-01
8.064336012711337265e-02 3.217158712527454223e-01
7.678908188574397331e-02 3.454594644319870511e-01
7.026645716958039578e-02 3.880891952998221095e-01
6.789459363643000900e-02 4.043455626037896211e-01
6.789459363643000900e-02 4.043455626037896211e-01
6.255790068684162486e-02 4.423650702271484381e-01
6.226141774519781957e-02 4.445349800368063597e-01
6.374383245341681825e-02 4.337456682186658918e-01
6.522624716163581693e-02 4.231078096129455846e-01
6.789459363643000900e-02 4.043455626037896211e-01
6.730162775314239842e-02 4.084717983909711414e-01
6.967349128629278521e-02 3.921158714755809127e-01
6.848755951971760569e-02 4.002441182705143152e-01
6.789459363643000900e-02 4.043455626037896211e-01
6.344734951177301296e-02 4.358914596311522782e-01
6.996997422793659049e-02 3.900994064801895922e-01
6.759811069478620371e-02 4.064055859092239320e-01
6.700514481149860702e-02 4.105441911274851918e-01
6.700514481149860702e-02 4.105441911274851918e-01
6.522624716163581693e-02 4.231078096129455846e-01
6.641217892821101032e-02 4.147074807397599372e-01
6.581921304492339975e-02 4.188953796157086629e-01
6.522624716163581693e-02 4.231078096129455846e-01
6.433679833670441495e-02 4.294722720994228471e-01
5.722120773725323378e-02 4.823307735484855252e-01
5.573879302903423510e-02 4.937674321715974646e-01
5.277396361259623775e-02 5.170649848479640376e-01
5.099506596273345460e-02 5.313091918063778119e-01
4.951265125451445592e-02 5.433279985817213165e-01
5.010561713780205262e-02 5.385044362657284145e-01
4.921616831287065758e-02 5.457477395487861926e-01
5.366341243752763973e-02 5.100170378774893098e-01
5.603527597067804039e-02 4.914686659678587644e-01
5.099506596273345460e-02 5.313091918063778119e-01
5.129154890437724601e-02 5.289215487719876041e-01
5.099506596273345460e-02 5.313091918063778119e-01
5.366341243752763973e-02 5.100170378774893098e-01
6.196493480355402123e-02 4.467108895906160004e-01
6.315086657012922156e-02 4.380432981770336909e-01
5.988955421204742585e-02 4.621091904392963245e-01
5.336692949588384138e-02 5.123608116645708144e-01
5.277396361259623775e-02 5.170649848479640376e-01
5.603527597067804039e-02 4.914686659678587644e-01
5.484934420410284006e-02 5.006977743033890205e-01
5.692472479560943543e-02 4.846066389624522630e-01
6.196493480355402123e-02 4.467108895906160004e-01
6.166845186191022288e-02 4.488927865674418038e-01
6.611569598656720503e-02 4.167983588330201883e-01
6.018603715369122420e-02 4.598916382854670859e-01
5.603527597067804039e-02 4.914686659678587644e-01
5.514582714574663841e-02 4.983820029128035456e-01
5.870362244547223246e-02 4.710382183974096693e-01
5.455286126245904171e-02 5.030191806303059288e-01
5.247748067095245328e-02 5.194253481110322479e-01
4.714078772136406220e-02 5.628325879478939253e-01
4.150761183013187972e-02 6.104508724027611910e-01
3.913574829698147906e-02 6.310164521734746845e-01
3.706036770547489062e-02 6.492470972426016562e-01
3.409553828903690020e-02 6.756535088032568082e-01
2.846236239780471772e-02 7.269064540756902115e-01
2.460808415643532879e-02 7.627018295362357758e-01
2.282918650657253176e-02 7.793991000097524324e-01
1.601007884876515242e-02 8.442796520983791853e-01
1.689952767369655093e-02 8.357473386901990153e-01
1.363821531561476043e-02 8.671184675178263968e-01
1.185931766575196514e-02 8.843210255678012333e-01
1.037690295753296993e-02 8.986982048648328725e-01
5.633175891232183354e-03 9.449039213268972670e-01
1.778897649862794857e-03 9.825888946481970976e-01
-8.894488249313974287e-04 9.912939342373472407e-01
-2.075380591506594073e-03 9.796876201423365682e-01
5.929658832875982135e-04 9.941958928102592186e-01
1.482414708218995642e-03 9.854903971587298805e-01
8.894488249313974287e-04 9.912939342373472407e-01
0.000000000000000000e+00 1.000000000000000000e+00
-5.929658832875982135e-04 9.941958928102592186e-01
1.482414708218995642e-03 9.854903971587298805e-01
-4.150761183013188145e-03 9.593882714367604203e-01
-1.037690295753296993e-02 8.986982048648328725e-01
-1.156283472410816505e-02 8.871935995775296346e-01
-9.487454132601571416e-03 9.073406465970995649e-01
-5.040210007944585791e-03 9.506957643301321426e-01
-6.226141774519782651e-03 9.391149602969872667e-01
-9.487454132601571416e-03 9.073406465970995649e-01
-9.190971190957773068e-03 9.102239267136499334e-01
-8.005039424382576208e-03 9.217683837331315244e-01
-6.819107657807380214e-03 9.333291829600072198e-01
-5.040210007944585791e-03 9.506957643301321426e-01
-2.075380591506594073e-03 9.796876201423365682e-01
4.150761183013188145e-03 9.593882714367604203e-01
6.226141774519782651e-03 9.391149602969872667e-01
1.126635178246436671e-02 8.900676414656445434e-01
1.838194238191554614e-02 8.215697200589215932e-01
2.312566944821633011e-02 7.766089837084957370e-01
3.379905534739310186e-02 6.783166922166690149e-01
4.536189007150127211e-02 5.776771447487902833e-01
4.891968537122685229e-02 5.481727599670809248e-01
6.107548597862261924e-02 4.532744925576422945e-01
6.315086657012922156e-02 4.380432981770336909e-01
6.759811069478620371e-02 4.064055859092239320e-01
7.382425246930598983e-02 3.644569096425660515e-01
8.479412131012654952e-02 2.973550534664020639e-01
9.517102426765951251e-02 2.419185580794080970e-01
1.005077172172479105e-01 2.164030994779916339e-01
1.046584784002610874e-01 1.979283280303456294e-01
1.079197907583429039e-01 1.842348065684406011e-01
1.096986884082056801e-01 1.770648480050676654e-01
1.147388984161502451e-01 1.578700323126399907e-01
1.153318642994378695e-01 1.557186154380684195e-01
1.182966937158758669e-01 1.452908242710748976e-01
1.191861425408072689e-01 1.422681104499844695e-01
1.185931766575196444e-01 1.442778897652365333e-01
1.132564837079312742e-01 1.633460027612821663e-01
1.070303419334115019e-01 1.878985788604782270e-01
1.091057225249180834e-01 1.794315995123113017e-01
1.094022054665618748e-01 1.782453295306301311e-01
1.043619954586172960e-01 1.992088056805922103e-01
9.813585368409750986e-02 2.274960234345000387e-01
8.420115542683895282e-02 3.007583610275597064e-01
7.530666717752497463e-02 3.548787408868433468e-01
6.967349128629278521e-02 3.921158714755809127e-01
6.018603715369122420e-02 4.598916382854670859e-01
5.395989537917145196e-02 5.076788297393297622e-01
4.061816300520047773e-02 6.181285027002140220e-01
3.113070887259890979e-02 7.024610924282417290e-01
2.253270356492873341e-02 7.821920330317586600e-01
1.689952767369655093e-02 8.357473386901990153e-01
1.482414708218995555e-02 8.556841003043771376e-01
1.245228354903956530e-02 8.785804286038754185e-01
1.512063002383375564e-02 8.528300929131141794e-01
1.512063002383375564e-02 8.528300929131141794e-01
2.193973768164113672e-02 7.877862138133687742e-01
2.253270356492873341e-02 7.821920330317586600e-01
2.520105003972292548e-02 7.571598568220951897e-01
3.142719181424270813e-02 6.997631148740800500e-01
3.320608946410550516e-02 6.836549817031285503e-01
3.706036770547489062e-02 6.492470972426016562e-01
3.735685064711868897e-02 6.466296182230275580e-01
4.002519712191288104e-02 6.232700258990213626e-01
4.091464594684428302e-02 6.155646465962631986e-01
3.972871418026908269e-02 6.258476416905683903e-01
4.091464594684428302e-02 6.155646465962631986e-01
3.972871418026908269e-02 6.258476416905683903e-01
3.676388476383109227e-02 6.518688709480365828e-01
3.320608946410550516e-02 6.836549817031285503e-01
2.757291357287331920e-02 7.351179139191905687e-01
2.312566944821633011e-02 7.766089837084957370e-01
2.757291357287331920e-02 7.351179139191905687e-01
2.460808415643532879e-02 7.627018295362357758e-01
2.460808415643532879e-02 7.627018295362357758e-01
1.956787414849073953e-02 8.102687891826182431e-01
1.452766414054615894e-02 8.585399777232740615e-01
1.008042001588917158e-02 9.015777484609692749e-01
5.336692949588385006e-03 9.477995014573001864e-01
7.115590599451179429e-03 9.304375823302792892e-01
7.115590599451179429e-03 9.304375823302792892e-01
9.487454132601571416e-03 9.073406465970995649e-01
2.668346474794192503e-03 9.738859070480740954e-01
1.482414708218995642e-03 9.854903971587298805e-01
-4.150761183013188145e-03 9.593882714367604203e-01
-1.008042001588917158e-02 9.015777484609692749e-01
-1.245228354903956530e-02 8.785804286038754185e-01
-1.067338589917677001e-02 8.958199811174174521e-01
-1.096986884082056836e-02 8.929431143060262421e-01
-1.096986884082056836e-02 8.929431143060262421e-01
-1.393469825725855878e-02 8.642571976626228780e-01
-1.423118119890235886e-02 8.613976889420622562e-01
-1.156283472410816505e-02 8.871935995775296346e-01
-1.452766414054615894e-02 8.585399777232740615e-01
-1.719601061534034928e-02 8.329074296730538673e-01
-1.601007884876515242e-02 8.442796520983791853e-01
-1.541711296547755572e-02 8.499779917054914868e-01
-1.215580060739576349e-02 8.814499563060378406e-01
-1.067338589917677001e-02 8.958199811174174521e-01
-1.096986884082056836e-02 8.929431143060262421e-01
-8.301522366026376290e-03 9.188806437371819236e-01
-1.185931766575196427e-03 9.883920896866599248e-01
6.522624716163580999e-03 9.362216548281087070e-01
1.215580060739576349e-02 8.814499563060378406e-01
1.956787414849073953e-02 8.102687891826182431e-01
2.549753298136672730e-02 7.543934791309931942e-01
3.528147005561209359e-02 6.650411922526084929e-01
4.980913419615826121e-02 5.409135574273699065e-01
5.781417362054082354e-02 4.777963516192144100e-01
6.878404246136139710e-02 3.982027141488467814e-01
8.153280895204477463e-02 3.163900668191798604e-01
9.843233662574131515e-02 2.260878733589901379e-01
1.153318642994378695e-01 1.557186154380684195e-01
1.304524943232716339e-01 1.079992455479340946e-01
1.488344367051871731e-01 6.633944252596912783e-02
1.633621008457333268e-01 4.362442303643918745e-02
1.784827308695670911e-01 2.728893085929591164e-02
1.915279803018942462e-01 1.770928106477769395e-02
1.989400538429892396e-01 1.369116879402998942e-02
2.027943320843586250e-01 1.193584469097488596e-02
2.066486103257280105e-01 1.038124101285033303e-02
2.137642009251791708e-01 7.973886180281136715e-03
2.291813138906567682e-01 4.377459388248882907e-03
2.371863533150392889e-01 3.157052288204801639e-03
2.463773245059970585e-01 2.140627348198600143e-03
2.490456709807912783e-01 1.907134491346403884e-03
2.528999492221606360e-01 1.610604661723253521e-03
2.600155398216118519e-01 1.170988175494742630e-03
2.614979545298308228e-01 1.094528581414920976e-03
2.659451986544878466e-01 8.917432716534083896e-04
2.692065110125695937e-01 7.656190145034001519e-04
2.700959598375010651e-01 7.341884115318601150e-04
2.647592668879126254e-01 9.421467096679170304e-04
2.635733351213374598e-01 9.951507936481695203e-04
2.549753298136672730e-01 1.468951834562175250e-03
2.534929151054482466e-01 1.568912858582559430e-03
2.481562221558598624e-01 1.982257993434574043e-03
2.401511827314772862e-01 2.789511697719098803e-03
2.309602115405195166e-01 4.074556713584001795e-03
2.196938597580551655e-01 6.360457840251718814e-03
2.131712350418915880e-01 8.153661996131249950e-03
2.001259856095644052e-01 1.312846000150022160e-02
1.876737020605248607e-01 2.017706377689836711e-02
1.761108673364166766e-01 2.943913627031042451e-02
1.639550667290209096e-01 4.285648497519074090e-02
1.541711296547755572e-01 5.707385787026122287e-02
1.399399484558731810e-01 8.447950564542275331e-02
1.271911819651898035e-01 1.171763908315901354e-01
1.150353813577940781e-01 1.567915539631364319e-01
1.085127566416304729e-01 1.818215535488938439e-01
9.813585368409750986e-02 2.274960234345000387e-01
9.309564367615293101e-02 2.523858250901062639e-01
8.479412131012654952e-02 2.973550534664020639e-01
7.530666717752497463e-02 3.548787408868433468e-01
7.026645716958039578e-02 3.880891952998221095e-01
6.878404246136139710e-02 3.982027141488467814e-01
6.641217892821101032e-02 4.147074807397599372e-01
6.048252009533502255e-02 4.576799956464069341e-01
5.692472479560943543e-02 4.846066389624522630e-01
4.951265125451445592e-02 5.433279985817213165e-01
4.269354359670708005e-02 6.002797769451055920e-01
3.735685064711868897e-02 6.466296182230275580e-01
3.083422593095511144e-02 7.051627864718528205e-01
2.105028885670973821e-02 7.961977612492739942e-01
1.689952767369655093e-02 8.357473386901990153e-01
1.185931766575196514e-02 8.843210255678012333e-01
8.301522366026376290e-03 9.188806437371819236e-01
4.743727066300785708e-03 9.535926721610885615e-01
-1.778897649862794857e-03 9.825888946481970976e-01
-1.126635178246436671e-02 8.900676414656445434e-01
-1.512063002383375564e-02 8.528300929131141794e-01
-1.719601061534034928e-02 8.329074296730538673e-01
-1.986435709013454134e-02 8.074495665615314399e-01
-2.105028885670973821e-02 7.961977612492739942e-01
-2.935181122273611623e-02 7.187259347034499202e-01
-3.290960652246169987e-02 6.863300293422641696e-01
-3.172367475588650648e-02 6.970688840883159099e-01
-3.379905534739310186e-02 6.783166922166690149e-01
-3.320608946410550516e-02 6.836549817031285503e-01
-3.024126004766751127e-02 7.105772022253978859e-01
-2.935181122273611623e-02 7.187259347034499202e-01
-3.142719181424270813e-02 6.997631148740800500e-01
-2.846236239780471772e-02 7.269064540756902115e-01
-2.935181122273611623e-02 7.187259347034499202e-01
-2.786939651451711755e-02 7.323773754862044072e-01
-2.490456709807913060e-02 7.599293179387031083e-01
-2.579401592301052565e-02 7.516302176940485857e-01
-2.757291357287331920e-02 7.351179139191905687e-01
-2.371863533150393027e-02 7.710373360539325427e-01
-2.164325473999733837e-02 7.905873935986582612e-01
-2.223622062328493507e-02 7.849877489446721590e-01
-1.601007884876515242e-02 8.442796520983791853e-01
-1.601007884876515242e-02 8.442796520983791853e-01
-1.601007884876515242e-02 8.442796520983791853e-01
-1.334173237397096035e-02 8.699814620729005021e-01
-9.190971190957773068e-03 9.102239267136499334e-01
-6.819107657807380214e-03 9.333291829600072198e-01
-1.274876649068336365e-02 8.757124792136103952e-01
-1.245228354903956530e-02 8.785804286038754185e-01
-1.452766414054615894e-02 8.585399777232740615e-01
-1.334173237397096035e-02 8.699814620729005021e-01
-1.482414708218995555e-02 8.556841003043771376e-01
-1.571359590712135407e-02 8.471278327644229389e-01
-1.452766414054615894e-02 8.585399777232740615e-01
-1.363821531561476043e-02 8.671184675178263968e-01
-1.393469825725855878e-02 8.642571976626228780e-01
-1.037690295753296993e-02 8.986982048648328725e-01
-9.783937074245369764e-03 9.044585747676215925e-01
-6.522624716163580999e-03 9.362216548281087070e-01
-2.668346474794192503e-03 9.738859070480740954e-01
-2.964829416437991284e-03 9.709855443841508560e-01
0.000000000000000000e+00 1.000000000000000000e+00
2.964829416437991284e-03 9.709855443841508560e-01
4.447244124656986493e-03 9.564901871408936218e-01
4.743727066300785708e-03 9.535926721610885615e-01
2.964829416437991284e-03 9.709855443841508560e-01
5.336692949588385006e-03 9.477995014573001864e-01
6.226141774519782651e-03 9.391149602969872667e-01
6.819107657807380214e-03 9.333291829600072198e-01
1.008042001588917158e-02 9.015777484609692749e-01
8.301522366026376290e-03 9.188806437371819236e-01
8.894488249313972986e-03 9.131083778348803026e-01
9.190971190957773068e-03 9.102239267136499334e-01
1.245228354903956530e-02 8.785804286038754185e-01
1.363821531561476043e-02 8.671184675178263968e-01
1.630656179040895423e-02 8.414334856400400575e-01
1.838194238191554614e-02 8.215697200589215932e-01
2.490456709807913060e-02 7.599293179387031083e-01
2.342215238986013193e-02 7.738217178513379091e-01
2.579401592301052565e-02 7.516302176940485857e-01
2.193973768164113672e-02 7.877862138133687742e-01
2.342215238986013193e-02 7.738217178513379091e-01
2.786939651451711755e-02 7.323773754862044072e-01
2.846236239780471772e-02 7.269064540756902115e-01
3.320608946410550516e-02 6.836549817031285503e-01
3.587443593889969723e-02 6.597596845177695624e-01
3.706036770547489062e-02 6.492470972426016562e-01
4.180409477177567806e-02 6.079010046257529165e-01
4.239706065506327476e-02 6.028154322422107914e-01
4.150761183013187972e-02 6.104508724027611910e-01
4.447244124656987013e-02 5.851672042832731790e-01
4.328650947999467674e-02 5.952228501484999601e-01
3.706036770547489062e-02 6.492470972426016562e-01
3.617091888054349558e-02 6.571251923062654265e-01
3.202015769753030483e-02 6.943784302114590634e-01
2.342215238986013193e-02 7.738217178513379091e-01
1.867842532355934448e-02 8.187409513033527819e-01
1.778897649862794597e-02 8.272341186337420771e-01
1.334173237397096035e-02 8.699814620729005021e-01
1.778897649862794857e-03 9.825888946481970976e-01
8.894488249313974287e-04 9.912939342373472407e-01
-5.929658832875982135e-04 9.941958928102592186e-01
-2.964829416437991067e-04 9.970979274004432291e-01
-5.633175891232183354e-03 9.449039213268972670e-01
-1.037690295753296993e-02 8.986982048648328725e-01
-1.304524943232716200e-02 8.728461448268055589e-01
-1.689952767369655093e-02 8.357473386901990153e-01
-1.571359590712135407e-02 8.471278327644229389e-01
-1.512063002383375564e-02 8.528300929131141794e-01
-1.185931766575196514e-02 8.843210255678012333e-01
-2.253270356492873341e-02 7.821920330317586600e-01
-2.342215238986013193e-02 7.738217178513379091e-01
-2.757291357287331920e-02 7.351179139191905687e-01
-3.083422593095511144e-02 7.051627864718528205e-01
-2.668346474794192069e-02 7.433594574316628734e-01
-2.549753298136672730e-02 7.543934791309931942e-01
-2.964829416437991111e-02 7.160061171722618134e-01
-2.905532828109231788e-02 7.214492841993171979e-01
-2.964829416437991111e-02 7.160061171722618134e-01
-2.846236239780471772e-02 7.269064540756902115e-01
-3.350257240574930351e-02 6.809838595647544901e-01
-3.557795299725589194e-02 6.623983605342298464e-01
-3.290960652246169987e-02 6.863300293422641696e-01
-2.905532828109231788e-02 7.214492841993171979e-01
-3.024126004766751127e-02 7.105772022253978859e-01
-3.024126004766751127e-02 7.105772022253978859e-01
-2.964829416437991111e-02 7.160061171722618134e-01
-2.579401592301052565e-02 7.516302176940485857e-01
-2.431160121479152697e-02 7.654773585553373838e-01
-2.549753298136672730e-02 7.543934791309931942e-01
-2.371863533150393027e-02 7.710373360539325427e-01
-2.431160121479152697e-02 7.654773585553373838e-01
-2.460808415643532879e-02 7.627018295362357758e-01
-2.786939651451711755e-02 7.323773754862044072e-01
-3.053774298931130962e-02 7.078681665885183660e-01
-2.935181122273611623e-02 7.187259347034499202e-01
-3.142719181424270813e-02 6.997631148740800500e-01
-3.202015769753030483e-02 6.943784302114590634e-01
-3.617091888054349558e-02 6.571251923062654265e-01
-4.002519712191288104e-02 6.232700258990213626e-01
-4.180409477177567806e-02 6.079010046257529165e-01
-4.121112888848808137e-02 6.130054280839929426e-01
-4.180409477177567806e-02 6.079010046257529165e-01
-4.447244124656987013e-02 5.851672042832731790e-01
-4.803023654629545725e-02 5.554792916008994830e-01
-5.425637832081523643e-02 5.053462048518314598e-01
-5.662824185396563709e-02 4.868882533534031332e-01
-5.870362244547223246e-02 4.710382183974096693e-01
-6.226141774519781957e-02 4.445349800368063597e-01
-6.255790068684162486e-02 4.423650702271484381e-01
-6.255790068684162486e-02 4.423650702271484381e-01
-6.611569598656720503e-02 4.167983588330201883e-01
-6.878404246136139710e-02 3.982027141488467814e-01
-6.789459363643000900e-02 4.043455626037896211e-01
-6.908052540300518851e-02 3.961675330162681696e-01
-6.759811069478620371e-02 4.064055859092239320e-01
-6.670866186985480173e-02 4.126227550094826446e-01
-6.641217892821101032e-02 4.147074807397599372e-01
-6.700514481149860702e-02 4.105441911274851918e-01
-6.967349128629278521e-02 3.921158714755809127e-01
-6.937700834464900768e-02 3.941385828586921880e-01
-6.730162775314239842e-02 4.084717983909711414e-01
-6.433679833670441495e-02 4.294722720994228471e-01
-5.751769067889703907e-02 4.800606726505796118e-01
-5.781417362054082354e-02 4.777963516192144100e-01
-5.307044655424004997e-02 5.147101333126655742e-01
-4.832671948793926253e-02 5.530385568064644097e-01
-4.595485595478886881e-02 5.727087255311262837e-01
-4.714078772136406220e-02 5.628325879478939253e-01
-4.447244124656987013e-02 5.851672042832731790e-01
-4.121112888848808137e-02 6.130054280839929426e-01
-3.617091888054349558e-02 6.571251923062654265e-01
-3.557795299725589194e-02 6.623983605342298464e-01
-3.172367475588650648e-02 6.970688840883159099e-01
-3.172367475588650648e-02 6.970688840883159099e-01
-2.905532828109231788e-02 7.214492841993171979e-01
-2.638698180629811887e-02 7.461131743107052294e-01
-2.520105003972292548e-02 7.571598568220951897e-01
-2.638698180629811887e-02 7.461131743107052294e-01
-2.282918650657253176e-02 7.793991000097524324e-01
-2.460808415643532879e-02 7.627018295362357758e-01
-2.579401592301052565e-02 7.516302176940485857e-01
-2.371863533150393027e-02 7.710373360539325427e-01
-2.638698180629811887e-02 7.461131743107052294e-01
-2.846236239780471772e-02 7.269064540756902115e-01
-2.609049886465432400e-02 7.488701052228343702e-01
-2.520105003972292548e-02 7.571598568220951897e-01
-2.757291357287331920e-02 7.351179139191905687e-01
-3.202015769753030483e-02 6.943784302114590634e-01
-2.816587945616091937e-02 7.296402116268713156e-01
-2.935181122273611623e-02 7.187259347034499202e-01
-3.024126004766751127e-02 7.105772022253978859e-01
-3.409553828903690020e-02 6.756535088032568082e-01
-3.261312358081790846e-02 6.890089730484230124e-01
-3.587443593889969723e-02 6.597596845177695624e-01
-3.854278241369388930e-02 6.362031933163905251e-01
-4.091464594684428302e-02 6.155646465962631986e-01
-4.061816300520047773e-02 6.181285027002140220e-01
-4.091464594684428302e-02 6.155646465962631986e-01
-3.854278241369388930e-02 6.362031933163905251e-01
-4.121112888848808137e-02 6.130054280839929426e-01
-4.387947536328227344e-02 5.901852624462056163e-01
-4.506540712985746683e-02 5.801688633536490336e-01
-4.536189007150127211e-02 5.776771447487902833e-01
-4.387947536328227344e-02 5.901852624462056163e-01
-4.417595830492607872e-02 5.876737803767448920e-01
-4.269354359670708005e-02 6.002797769451055920e-01
-4.061816300520047773e-02 6.181285027002140220e-01
-4.180409477177567806e-02 6.079010046257529165e-01
-3.794981653040628566e-02 6.414076534179217193e-01
-4.091464594684428302e-02 6.155646465962631986e-01
-4.210057771341947641e-02 6.053558496593003380e-01
-4.447244124656987013e-02 5.851672042832731790e-01
-4.625133889643266022e-02 5.702320701024229388e-01
-4.980913419615826121e-02 5.409135574273699065e-01
-5.277396361259623775e-02 5.170649848479640376e-01
-5.633175891232183874e-02 4.891756009938119654e-01
-5.336692949588384138e-02 5.123608116645708144e-01
-5.455286126245904171e-02 5.030191806303059288e-01
-5.603527597067804039e-02 4.914686659678587644e-01
-5.840713950382842717e-02 4.732851096142309810e-01
-5.988955421204742585e-02 4.621091904392963245e-01
-6.018603715369122420e-02 4.598916382854670859e-01
-6.255790068684162486e-02 4.423650702271484381e-01
-6.285438362848541627e-02 4.402011722932126503e-01
-6.374383245341681825e-02 4.337456682186658918e-01
-6.433679833670441495e-02 4.294722720994228471e-01
-6.819107657807380041e-02 4.022917372086682875e-01
-6.404031539506060966e-02 4.316059353132889465e-01
-6.581921304492339975e-02 4.188953796157086629e-01
-6.670866186985480173e-02 4.126227550094826446e-01
-6.641217892821101032e-02 4.147074807397599372e-01
-6.700514481149860702e-02 4.105441911274851918e-01
-6.641217892821101032e-02 4.147074807397599372e-01
-6.552273010327960834e-02 4.209985332258585622e-01
-6.522624716163581693e-02 4.231078096129455846e-01
-6.700514481149860702e-02 4.105441911274851918e-01
-6.463328127834820636e-02 4.273446895722357031e-01
-6.492976421999201164e-02 4.252231985377508128e-01
-6.107548597862261924e-02 4.532744925576422945e-01
-5.544231008739043676e-02 4.960718833131317895e-01
-5.188451478766484964e-02 5.241625362563739898e-01
-4.714078772136406220e-02 5.628325879478939253e-01
-4.239706065506327476e-02 6.028154322422107914e-01
-3.972871418026908269e-02 6.258476416905683903e-01
-3.706036770547489062e-02 6.492470972426016562e-01
-3.735685064711868897e-02 6.466296182230275580e-01
-3.320608946410550516e-02 6.836549817031285503e-01
-2.875884533944851953e-02 7.241761344400822198e-01
-2.905532828109231788e-02 7.214492841993171979e-01
-2.875884533944851953e-02 7.241761344400822198e-01
-2.638698180629811887e-02 7.461131743107052294e-01
-2.727643063122952086e-02 7.378617950653341140e-01
-2.460808415643532879e-02 7.627018295362357758e-01
-2.697994768958572598e-02 7.406089869392304958e-01
-1.838194238191554614e-02 8.215697200589215932e-01
-1.452766414054615894e-02 8.585399777232740615e-01
-1.245228354903956530e-02 8.785804286038754185e-01
-1.008042001588917158e-02 9.015777484609692749e-01
-4.447244124656986493e-03 9.564901871408936218e-01
-1.778897649862794857e-03 9.825888946481970976e-01
1.482414708218995642e-03 9.854903971587298805e-01
4.150761183013188145e-03 9.593882714367604203e-01
8.005039424382576208e-03 9.217683837331315244e-01
9.190971190957773068e-03 9.102239267136499334e-01
1.274876649068336365e-02 8.757124792136103952e-01
1.778897649862794597e-02 8.272341186337420771e-01
1.927139120684694465e-02 8.130904508085307070e-01
1.986435709013454134e-02 8.074495665615314399e-01
2.401511827314772862e-02 7.682558718230400041e-01
2.727643063122952086e-02 7.378617950653341140e-01
2.905532828109231788e-02 7.214492841993171979e-01
2.935181122273611623e-02 7.187259347034499202e-01
2.905532828109231788e-02 7.214492841993171979e-01
3.320608946410550516e-02 6.836549817031285503e-01
3.913574829698147906e-02 6.310164521734746845e-01
3.883926535533768765e-02 6.336075945836285861e-01
3.972871418026908269e-02 6.258476416905683903e-01
4.210057771341947641e-02 6.053558496593003380e-01
4.180409477177567806e-02 6.079010046257529165e-01
3.854278241369388930e-02 6.362031933163905251e-01
4.091464594684428302e-02 6.155646465962631986e-01
4.269354359670708005e-02 6.002797769451055920e-01
4.121112888848808137e-02 6.130054280839929426e-01
4.299002653835087145e-02 5.977489081697676676e-01
4.180409477177567806e-02 6.079010046257529165e-01
4.269354359670708005e-02 6.002797769451055920e-01
4.239706065506327476e-02 6.028154322422107914e-01
4.269354359670708005e-02 6.002797769451055920e-01
4.387947536328227344e-02 5.901852624462056163e-01
4.417595830492607872e-02 5.876737803767448920e-01
4.684430477972026385e-02 5.652939792471884939e-01
4.595485595478886881e-02 5.727087255311262837e-01
4.595485595478886881e-02 5.727087255311262837e-01
4.447244124656987013e-02 5.851672042832731790e-01
4.506540712985746683e-02 5.801688633536490336e-01
4.625133889643266022e-02 5.702320701024229388e-01
4.832671948793926253e-02 5.530385568064644097e-01
4.980913419615826121e-02 5.409135574273699065e-01
5.218099772930864799e-02 5.217912047571033884e-01
5.218099772930864799e-02 5.217912047571033884e-01
5.099506596273345460e-02 5.313091918063778119e-01
4.951265125451445592e-02 5.433279985817213165e-01
4.239706065506327476e-02 6.028154322422107914e-01
4.150761183013187972e-02 6.104508724027611910e-01
3.735685064711868897e-02 6.466296182230275580e-01
3.024126004766751127e-02 7.105772022253978859e-01
3.202015769753030483e-02 6.943784302114590634e-01
2.757291357287331920e-02 7.351179139191905687e-01
2.549753298136672730e-02 7.543934791309931942e-01
2.371863533150393027e-02 7.710373360539325427e-01
2.016084003177834316e-02 8.046328177724200170e-01
1.867842532355934448e-02 8.187409513033527819e-01
1.778897649862794597e-02 8.272341186337420771e-01
1.452766414054615894e-02 8.585399777232740615e-01
1.423118119890235886e-02 8.613976889420622562e-01
1.512063002383375564e-02 8.528300929131141794e-01
1.215580060739576349e-02 8.814499563060378406e-01
7.708556482738777860e-03 9.246571451663863073e-01
3.854278241369388930e-03 9.622868871938534685e-01
8.894488249313974287e-04 9.912939342373472407e-01
2.964829416437991067e-04 9.970979274004432291e-01
1.185931766575196427e-03 9.883920896866599248e-01
2.964829416437991067e-04 9.970979274004432291e-01
2.964829416437991067e-04 9.970979274004432291e-01
1.482414708218995642e-03 9.854903971587298805e-01
-1.778897649862794857e-03 9.825888946481970976e-01
-5.633175891232183354e-03 9.449039213268972670e-01
-5.929658832875982569e-03 9.420090616967976560e-01
-6.819107657807380214e-03 9.333291829600072198e-01
-8.598005307670174638e-03 9.159939626331864426e-01
-6.226141774519782651e-03 9.391149602969872667e-01
-5.040210007944585791e-03 9.506957643301321426e-01
-7.708556482738777860e-03 9.246571451663863073e-01
-1.067338589917677001e-02 8.958199811174174521e-01
-1.215580060739576349e-02 8.814499563060378406e-01
-6.522624716163580999e-03 9.362216548281087070e-01
-1.096986884082056836e-02 8.929431143060262421e-01
-1.304524943232716200e-02 8.728461448268055589e-01
-1.096986884082056836e-02 8.929431143060262421e-01
-1.037690295753296993e-02 8.986982048648328725e-01
-1.037690295753296993e-02 8.986982048648328725e-01
-1.096986884082056836e-02 8.929431143060262421e-01
-1.156283472410816505e-02 8.871935995775296346e-01
-1.393469825725855878e-02 8.642571976626228780e-01
-1.482414708218995555e-02 8.556841003043771376e-01
-1.689952767369655093e-02 8.357473386901990153e-01
-1.838194238191554614e-02 8.215697200589215932e-01
-1.956787414849073953e-02 8.102687891826182431e-01
-2.253270356492873341e-02 7.821920330317586600e-01
-1.956787414849073953e-02 8.102687891826182431e-01
-2.193973768164113672e-02 7.877862138133687742e-01
-2.253270356492873341e-02 7.821920330317586600e-01
-2.549753298136672730e-02 7.543934791309931942e-01
-3.113070887259890979e-02 7.024610924282417290e-01
-3.468850417232450384e-02 6.703392096267499767e-01
-3.498498711396829525e-02 6.676881514184496158e-01
-3.617091888054349558e-02 6.571251923062654265e-01
-4.180409477177567806e-02 6.079010046257529165e-01
-4.121112888848808137e-02 6.130054280839929426e-01
-4.417595830492607872e-02 5.876737803767448920e-01
-3.883926535533768765e-02 6.336075945836285861e-01
-3.883926535533768765e-02 6.336075945836285861e-01
-4.239706065506327476e-02 6.028154322422107914e-01
-3.972871418026908269e-02 6.258476416905683903e-01
-4.210057771341947641e-02 6.053558496593003380e-01
-4.239706065506327476e-02 6.028154322422107914e-01
-4.002519712191288104e-02 6.232700258990213626e-01
-4.002519712191288104e-02 6.232700258990213626e-01
-3.735685064711868897e-02 6.466296182230275580e-01
-3.587443593889969723e-02 6.597596845177695624e-01
-3.557795299725589194e-02 6.623983605342298464e-01
-4.002519712191288104e-02 6.232700258990213626e-01
-3.972871418026908269e-02 6.258476416905683903e-01
-3.913574829698147906e-02 6.310164521734746845e-01
-4.269354359670708005e-02 6.002797769451055920e-01
-4.536189007150127211e-02 5.776771447487902833e-01
-4.210057771341947641e-02 6.053558496593003380e-01
-4.328650947999467674e-02 5.952228501484999601e-01
-4.506540712985746683e-02 5.801688633536490336e-01
-4.565837301314506352e-02 5.751904245813735939e-01
-3.972871418026908269e-02 6.258476416905683903e-01
-3.557795299725589194e-02 6.623983605342298464e-01
-3.142719181424270813e-02 6.997631148740800500e-01
-2.431160121479152697e-02 7.654773585553373838e-01
-1.096986884082056836e-02 8.929431143060262421e-01
2.075380591506594073e-03 9.796876201423365682e-01
8.598005307670174638e-03 9.159939626331864426e-01
1.719601061534034928e-02 8.329074296730538673e-01
2.846236239780471772e-02 7.269064540756902115e-01
3.794981653040628566e-02 6.414076534179217193e-01
5.662824185396563709e-02 4.868882533534031332e-01
6.759811069478620371e-02 4.064055859092239320e-01
7.412073541094978124e-02 3.625285898516916738e-01
7.916094541889436009e-02 3.307201990489159193e-01
8.864839955149593498e-02 2.758564741645784801e-01
9.606047309259091449e-02 2.375264813794352448e-01
1.034725466336858940e-01 2.030861741795710329e-01
1.064373760501238775e-01 1.903704910752466173e-01
1.120705519413560808e-01 1.678278855850593998e-01
1.212615231323138504e-01 1.354012621417588214e-01
1.295630454983402458e-01 1.104443401142776171e-01
1.387540166892980154e-01 8.717316216680862095e-02
1.429047778723111783e-01 7.803646573595542091e-02
1.547640955380631400e-01 5.611360452277151800e-02
1.686987937953217109e-01 3.711101710463566433e-02
1.775932820446356752e-01 2.807899303538568744e-02
1.864877702939496396e-01 2.099383012836529561e-02
1.936033608934008554e-01 1.649230442308829980e-02
1.941963267766884105e-01 1.615823787552640722e-02
1.983470879597016290e-01 1.398035011375980095e-02
2.036837809092899854e-01 1.156000798932923720e-02
2.024978491427148197e-01 1.206348531721915598e-02
2.045732297342214012e-01 1.119460789489267437e-02
2.019048832594272092e-01 1.232236446879479697e-02
1.986435709013454065e-01 1.383509898644704091e-02
1.855983214690182792e-01 2.162497734715208147e-02
1.743319696865539004e-01 3.114500078153348284e-02
1.612867202542267453e-01 4.640338480106860619e-02
1.494274025884747559e-01 6.525290607256838127e-02
1.390504996309417929e-01 8.649339833351722684e-02
1.319349090314906048e-01 1.040185939091089334e-01
1.200755913657386431e-01 1.392934434435438018e-01
1.150353813577940781e-01 1.567915539631364319e-01
1.091057225249180834e-01 1.794315995123113017e-01
1.091057225249180834e-01 1.794315995123113017e-01
