-2.875884533944851953e-02 7.241761344400822198e-01
-2.935181122273611623e-02 7.187259347034499202e-01
-2.994477710602371293e-02 7.132898626942123510e-01
-3.142719181424270813e-02 6.997631148740800500e-01
-2.727643063122952086e-02 7.378617950653341140e-01
-2.816587945616091937e-02 7.296402116268713156e-01
-2.549753298136672730e-02 7.543934791309931942e-01
-1.897490826520314283e-02 8.159145165192873694e-01
-2.193973768164113672e-02 7.877862138133687742e-01
-1.986435709013454134e-02 8.074495665615314399e-01
-1.778897649862794597e-02 8.272341186337420771e-01
-1.719601061534034928e-02 8.329074296730538673e-01
-1.808545944027174779e-02 8.244007875952082953e-01
-1.927139120684694465e-02 8.130904508085307070e-01
-2.342215238986013193e-02 7.738217178513379091e-01
-2.134677179835354002e-02 7.933912541585084188e-01
-1.838194238191554614e-02 8.215697200589215932e-01
-1.719601061534034928e-02 8.329074296730538673e-01
-1.304524943232716200e-02 8.728461448268055589e-01
-1.185931766575196514e-02 8.843210255678012333e-01
-7.412073541094977777e-03 9.275468905428219113e-01
-1.096986884082056836e-02 8.929431143060262421e-01
-1.215580060739576349e-02 8.814499563060378406e-01
-8.894488249313972986e-03 9.131083778348803026e-01
-1.423118119890235886e-02 8.613976889420622562e-01
-1.393469825725855878e-02 8.642571976626228780e-01
-1.037690295753296993e-02 8.986982048648328725e-01
-1.986435709013454134e-02 8.074495665615314399e-01
-2.549753298136672730e-02 7.543934791309931942e-01
-2.816587945616091937e-02 7.296402116268713156e-01
-3.824629947205008401e-02 6.388032218287085229e-01
-3.735685064711868897e-02 6.466296182230275580e-01
-4.417595830492607872e-02 5.876737803767448920e-01
-4.565837301314506352e-02 5.751904245813735939e-01
-4.625133889643266022e-02 5.702320701024229388e-01
-4.832671948793926253e-02 5.530385568064644097e-01
-4.150761183013187972e-02 6.104508724027611910e-01
-4.091464594684428302e-02 6.155646465962631986e-01
-3.883926535533768765e-02 6.336075945836285861e-01
-3.883926535533768765e-02 6.336075945836285861e-01
-3.528147005561209359e-02 6.650411922526084929e-01
-2.727643063122952086e-02 7.378617950653341140e-01
-2.697994768958572598e-02 7.406089869392304958e-01
-2.193973768164113672e-02 7.877862138133687742e-01
-1.749249355698414762e-02 8.300696778096683381e-01
-1.156283472410816505e-02 8.871935995775296346e-01
-8.598005307670174638e-03 9.159939626331864426e-01
-7.115590599451179429e-03 9.304375823302792892e-01
-4.743727066300785708e-03 9.535926721610885615e-01
-2.964829416437991284e-03 9.709855443841508560e-01
-5.929658832875982135e-04 9.941958928102592186e-01
6.226141774519782651e-03 9.391149602969872667e-01
5.929658832875982569e-03 9.420090616967976560e-01
8.301522366026376290e-03 9.188806437371819236e-01
9.783937074245369764e-03 9.044585747676215925e-01
8.598005307670174638e-03 9.159939626331864426e-01
6.819107657807380214e-03 9.333291829600072198e-01
9.487454132601571416e-03 9.073406465970995649e-01
1.363821531561476043e-02 8.671184675178263968e-01
1.660304473205275258e-02 8.385893692449536418e-01
1.778897649862794597e-02 8.272341186337420771e-01
2.016084003177834316e-02 8.046328177724200170e-01
1.956787414849073953e-02 8.102687891826182431e-01
2.282918650657253176e-02 7.793991000097524324e-01
2.609049886465432400e-02 7.488701052228343702e-01
2.638698180629811887e-02 7.461131743107052294e-01
3.053774298931130962e-02 7.078681665885183660e-01
2.490456709807913060e-02 7.599293179387031083e-01
2.164325473999733837e-02 7.905873935986582612e-01
2.638698180629811887e-02 7.461131743107052294e-01
2.757291357287331920e-02 7.351179139191905687e-01
2.579401592301052565e-02 7.516302176940485857e-01
2.549753298136672730e-02 7.543934791309931942e-01
2.994477710602371293e-02 7.132898626942123510e-01
2.668346474794192069e-02 7.433594574316628734e-01
3.231664063917410318e-02 6.916917832445974579e-01
3.024126004766751127e-02 7.105772022253978859e-01
2.431160121479152697e-02 7.654773585553373838e-01
1.571359590712135407e-02 8.471278327644229389e-01
1.423118119890235886e-02 8.613976889420622562e-01
1.185931766575196514e-02 8.843210255678012333e-01
9.487454132601571416e-03 9.073406465970995649e-01
6.819107657807380214e-03 9.333291829600072198e-01
1.185931766575196427e-03 9.883920896866599248e-01
-2.075380591506594073e-03 9.796876201423365682e-01
-7.412073541094977777e-03 9.275468905428219113e-01
-1.512063002383375564e-02 8.528300929131141794e-01
-2.460808415643532879e-02 7.627018295362357758e-01
-2.816587945616091937e-02 7.296402116268713156e-01
-3.350257240574930351e-02 6.809838595647544901e-01
-3.883926535533768765e-02 6.336075945836285861e-01
-4.447244124656987013e-02 5.851672042832731790e-01
-5.099506596273345460e-02 5.313091918063778119e-01
-5.722120773725323378e-02 4.823307735484855252e-01
-6.730162775314239842e-02 4.084717983909711414e-01
-7.145238893615558917e-02 3.801110307813641009e-01
-7.234183776108699115e-02 3.741934088273713988e-01
-7.115590599451178389e-02 3.820961561382232308e-01
-7.797501365231916670e-02 3.380387516657661351e-01
-7.827149659396295811e-02 3.361995299905439216e-01
-7.797501365231916670e-02 3.380387516657661351e-01
-9.190971190957773762e-02 2.585054666374553278e-01
-9.190971190957773762e-02 2.585054666374553278e-01
-9.398509250108433299e-02 2.478622057402376788e-01
-9.635695603423471978e-02 2.360749260676175687e-01
-9.309564367615293101e-02 2.523858250901062639e-01
-9.072378014300254423e-02 2.647261663980006730e-01
-9.606047309259091449e-02 2.375264813794352448e-01
-9.961826839231652242e-02 2.205168850087819155e-01
-1.013971660421793125e-01 2.123442977666193665e-01
-9.902530250902891185e-02 2.232900733959704287e-01
-9.428157544272812440e-02 2.463668942986090571e-01
-9.220619485122152903e-02 2.569660949863233901e-01
-8.953784837642732308e-02 2.710482346465626913e-01
-8.598005307670174291e-02 2.906251790737882090e-01
-8.686950190163314489e-02 2.856448644875086429e-01
-9.102026308464633564e-02 2.631614996393735195e-01
-9.457805838437192969e-02 2.448778534628600623e-01
-9.250267779286532044e-02 2.554330344410288833e-01
-9.161322896793393233e-02 2.600511546084796621e-01
-9.042729720135872507e-02 2.662971688725088715e-01
-9.161322896793393233e-02 2.600511546084796621e-01
-8.953784837642732308e-02 2.710482346465626913e-01
-8.953784837642732308e-02 2.710482346465626913e-01
-8.449763836848275811e-02 2.990535084792834697e-01
-8.153280895204477463e-02 3.163900668191798604e-01
-7.856797953560677727e-02 3.343666959025654029e-01
-7.323128658601839314e-02 3.683325449275859365e-01
-7.323128658601839314e-02 3.683325449275859365e-01
-7.293480364437458785e-02 3.702798501657540431e-01
-6.996997422793659049e-02 3.900994064801895922e-01
-7.026645716958039578e-02 3.880891952998221095e-01
-6.404031539506060966e-02 4.316059353132889465e-01
-6.107548597862261924e-02 4.532744925576422945e-01
-5.247748067095245328e-02 5.194253481110322479e-01
-4.684430477972026385e-02 5.652939792471884939e-01
-3.913574829698147906e-02 6.310164521734746845e-01
-3.113070887259890979e-02 7.024610924282417290e-01
-2.105028885670973821e-02 7.961977612492739942e-01
-1.838194238191554614e-02 8.215697200589215932e-01
-1.630656179040895423e-02 8.414334856400400575e-01
-1.037690295753296993e-02 8.986982048648328725e-01
-8.301522366026376290e-03 9.188806437371819236e-01
-6.226141774519782651e-03 9.391149602969872667e-01
-6.819107657807380214e-03 9.333291829600072198e-01
-6.819107657807380214e-03 9.333291829600072198e-01
-1.008042001588917158e-02 9.015777484609692749e-01
-1.245228354903956530e-02 8.785804286038754185e-01
-1.393469825725855878e-02 8.642571976626228780e-01
-1.274876649068336365e-02 8.757124792136103952e-01
-1.482414708218995555e-02 8.556841003043771376e-01
-1.452766414054615894e-02 8.585399777232740615e-01
-1.541711296547755572e-02 8.499779917054914868e-01
-1.749249355698414762e-02 8.300696778096683381e-01
-1.630656179040895423e-02 8.414334856400400575e-01
-2.431160121479152697e-02 7.654773585553373838e-01
-2.875884533944851953e-02 7.241761344400822198e-01
-3.261312358081790846e-02 6.890089730484230124e-01
-3.587443593889969723e-02 6.597596845177695624e-01
-4.269354359670708005e-02 6.002797769451055920e-01
-4.654782183807646551e-02 5.677604806237507296e-01
-4.476892418821366154e-02 5.826655575414094734e-01
-4.506540712985746683e-02 5.801688633536490336e-01
-4.299002653835087145e-02 5.977489081697676676e-01
-4.328650947999467674e-02 5.952228501484999601e-01
-4.091464594684428302e-02 6.155646465962631986e-01
-4.002519712191288104e-02 6.232700258990213626e-01
-3.617091888054349558e-02 6.571251923062654265e-01
-3.172367475588650648e-02 6.970688840883159099e-01
-2.549753298136672730e-02 7.543934791309931942e-01
-1.185931766575196514e-02 8.843210255678012333e-01
-5.633175891232183354e-03 9.449039213268972670e-01
-1.482414708218995642e-03 9.854903971587298805e-01
6.226141774519782651e-03 9.391149602969872667e-01
1.008042001588917158e-02 9.015777484609692749e-01
1.096986884082056836e-02 8.929431143060262421e-01
1.956787414849073953e-02 8.102687891826182431e-01
2.460808415643532879e-02 7.627018295362357758e-01
2.727643063122952086e-02 7.378617950653341140e-01
3.083422593095511144e-02 7.051627864718528205e-01
3.379905534739310186e-02 6.783166922166690149e-01
3.617091888054349558e-02 6.571251923062654265e-01
4.536189007150127211e-02 5.776771447487902833e-01
5.188451478766484964e-02 5.241625362563739898e-01
5.988955421204742585e-02 4.621091904392963245e-01
7.056294011122418719e-02 3.860852451760948822e-01
8.034687718546955348e-02 3.235039408163397079e-01
9.190971190957773762e-02 2.585054666374553278e-01
9.783937074245370458e-02 2.289103510540752284e-01
1.076233078166990847e-01 1.854501999154545000e-01
1.188896595991634497e-01 1.432703234095544509e-01
1.251158013736832497e-01 1.233248014461288400e-01
1.366786360977914061e-01 9.205179918960328111e-02
1.464625731720367863e-01 7.083405627545150129e-02
1.515027831799813374e-01 6.156390236776771580e-02
1.624726520208019109e-01 4.479788082333127641e-02
1.719601061534034858e-01 3.354953472399179598e-02
1.814475602860050885e-01 2.479108113511654596e-02
1.873772191188810554e-01 2.037863832647815107e-02
1.971611561931264356e-01 1.457476397062207850e-02
2.013119173761395986e-01 1.258610296322348193e-02
2.069450932673717880e-01 1.026940127652659594e-02
2.093169568005221748e-01 9.412249798615513266e-03
2.087239909172345920e-01 9.620393253227372751e-03
2.131712350418915880e-01 8.153661996131249950e-03
2.167290303416171682e-01 7.126689316240140265e-03
2.119853032753163946e-01 8.524020698076851740e-03
2.078345420923031761e-01 9.940226833128673611e-03
2.087239909172345920e-01 9.620393253227372751e-03
2.096134397421659801e-01 9.309677236339622061e-03
2.063521273840842052e-01 1.049415236734180766e-02
2.051661956175089840e-01 1.095668611233259308e-02
2.027943320843586250e-01 1.193584469097488596e-02
2.001259856095644052e-01 1.312846000150022160e-02
1.944928097183322158e-01 1.599342380925915241e-02
1.933068779517570501e-01 1.666157846603447817e-02
1.867842532355934448e-01 2.078700949852220481e-02
1.808545944027174501e-01 2.527434123321661494e-02
1.758143843947728713e-01 2.971779462889076462e-02
1.740354867449100951e-01 3.143732336671218458e-02
1.648445155539523255e-01 4.172581382678910294e-02
1.553570614213507506e-01 5.516670975686254613e-02
1.497238855301185612e-01 6.471511146186322005e-02
1.423118119890235678e-01 7.929235583337151949e-02
1.366786360977914061e-01 9.205179918960328111e-02
1.354927043312162127e-01 9.493561264478336814e-02
1.280806307901212193e-01 1.146154408126618257e-01
1.224474548988890438e-01 1.315928095083913341e-01
1.174072448909444649e-01 1.483619832413657080e-01
1.156283472410816471e-01 1.546512028304069530e-01
1.123670348829998722e-01 1.666989359378410751e-01
1.088092395832742781e-01 1.806236701500917030e-01
1.088092395832742781e-01 1.806236701500917030e-01
1.034725466336858940e-01 2.030861741795710329e-01
1.013971660421793125e-01 2.123442977666193665e-01
9.961826839231652242e-02 2.205168850087819155e-01
9.754288780080992705e-02 2.303308641687883684e-01
9.694992191752231647e-02 2.331904780420603340e-01
9.576399015094712308e-02 2.389842671542324326e-01
9.724640485916610788e-02 2.317575706007100333e-01
9.339212661779672242e-02 2.508716651370811457e-01
9.042729720135872507e-02 2.662971688725088715e-01
9.161322896793393233e-02 2.600511546084796621e-01
9.724640485916610788e-02 2.317575706007100333e-01
1.008042001588917019e-01 2.150440683181752133e-01
1.061408931084800999e-01 1.916153006288567051e-01
1.082162736999866814e-01 1.830252617176621188e-01
1.099951713498494715e-01 1.758901426415079849e-01
1.177037278325882425e-01 1.473328564207764813e-01
1.227439378405328491e-01 1.306536638712747778e-01
1.319349090314906048e-01 1.040185939091089334e-01
1.363821531561476008e-01 9.276613727998542225e-02
1.485379537635433400e-01 6.688821847884635075e-02
1.529851978882003360e-01 5.903497525911618332e-02
1.550605784797069453e-01 5.563849565454222906e-02
1.592113396627201360e-01 4.932834708127908918e-02
1.666234132038151017e-01 3.953937614832990499e-02
1.716636232117596805e-01 3.386087390483003695e-02
1.755179014531290937e-01 2.999869526645567580e-02
1.761108673364166766e-01 2.943913627031042451e-02
1.814475602860050885e-01 2.479108113511654596e-02
1.817440432276488660e-01 2.455243692887887352e-02
1.909350144186066356e-01 1.807099341200752232e-02
1.947892926599760488e-01 1.583007492885302528e-02
2.013119173761395986e-01 1.258610296322348193e-02
2.078345420923031761e-01 9.940226833128673611e-03
2.167290303416171682e-01 7.126689316240140265e-03
2.232516550577807735e-01 5.538465421867620059e-03
2.368898703733955113e-01 3.196110516084556871e-03
2.434124950895591166e-01 2.430266364473296966e-03
2.475632562725723074e-01 2.033823740652749342e-03
2.508245686306540545e-01 1.764599990115785525e-03
2.543823639303796069e-01 1.508217438064395370e-03
2.620909204131184334e-01 1.065245930673765955e-03
2.697994768958572043e-01 7.445309554156918485e-04
2.700959598375010651e-01 7.341884115318601150e-04
2.689100280709257884e-01 7.763676608235252699e-04
2.712818916040761752e-01 6.941256723820466053e-04
2.727643063122952016e-01 6.468773420267712919e-04
2.730607892539390069e-01 6.377905478482659429e-04
2.736537551372266175e-01 6.199686034003031769e-04
2.641663010046250704e-01 9.683162959350859970e-04
2.534929151054482466e-01 1.568912858582559430e-03
2.484527050975036955e-01 1.956923205570067648e-03
2.362969044901079285e-01 3.275537549569639169e-03
2.238446209410683285e-01 5.411101080753036828e-03
2.149501326917543920e-01 7.624844666321477574e-03
2.102064056254535906e-01 9.107490075827694154e-03
1.924174291268256343e-01 1.717849415869470570e-02
1.820405261692926713e-01 2.431576597323259828e-02
1.761108673364166766e-01 2.943913627031042451e-02
1.621761690791581056e-01 4.519484355562229660e-02
1.509098172966937546e-01 6.260002654566533542e-02
1.384575337476542101e-01 8.785718776847366296e-02
1.212615231323138504e-01 1.354012621417588214e-01
1.008042001588917019e-01 2.150440683181752133e-01
8.686950190163314489e-02 2.856448644875086429e-01
8.568357013505793762e-02 2.922980591971183206e-01
8.953784837642732308e-02 2.710482346465626913e-01
9.457805838437192969e-02 2.448778534628600623e-01
9.487454132601572110e-02 2.433950768851260715e-01
9.398509250108433299e-02 2.478622057402376788e-01
9.279916073450913960e-02 2.539062796430360813e-01
9.161322896793393233e-02 2.600511546084796621e-01
9.339212661779672242e-02 2.508716651370811457e-01
9.991475133396031383e-02 2.191394989321321374e-01
1.046584784002610874e-01 1.979283280303456294e-01
1.138494495912188709e-01 1.611388442240062058e-01
1.171107619493006735e-01 1.493965365637330567e-01
1.221509719572452385e-01 1.325371267116732255e-01
1.248193184320394444e-01 1.242231377330656611e-01
1.271911819651898035e-01 1.171763908315901354e-01
1.301560113816278008e-01 1.088095184964528450e-01
1.316384260898467995e-01 1.048053514544350084e-01
1.304524943232716339e-01 1.079992455479340946e-01
1.274876649068336365e-01 1.163178451872034641e-01
1.295630454983402458e-01 1.104443401142776171e-01
1.328243578564220206e-01 1.016861715867894561e-01
1.286735966734088299e-01 1.129325101135463943e-01
1.286735966734088299e-01 1.129325101135463943e-01
1.310454602065592167e-01 1.063928922966449753e-01
1.316384260898467995e-01 1.048053514544350084e-01
1.307489772649154114e-01 1.071937090298860223e-01
1.295630454983402458e-01 1.104443401142776171e-01
1.346032555062847968e-01 9.714513765565888082e-02
1.354927043312162127e-01 9.493561264478336814e-02
1.357891872728600180e-01 9.420802694357188756e-02
1.369751190394352114e-01 9.134184281666862804e-02
1.384575337476542101e-01 8.785718776847366296e-02
1.363821531561476008e-01 9.276613727998542225e-02
1.411258802224483744e-01 8.185293732960102764e-02
1.461660902303929810e-01 7.141286804581721548e-02
1.452766414054615651e-01 7.317236175866814740e-02
1.488344367051871731e-01 6.633944252596912783e-02
1.523922320049127810e-01 6.003610770577670619e-02
1.529851978882003360e-01 5.903497525911618332e-02
1.529851978882003360e-01 5.903497525911618332e-02
1.529851978882003360e-01 5.903497525911618332e-02
1.568394761295697493e-01 5.285704321265086852e-02
1.624726520208019109e-01 4.479788082333127641e-02
1.630656179040895493e-01 4.401268641243739899e-02
1.657339643788836858e-01 4.062025061725434844e-02
1.669198961454589070e-01 3.918449905562213648e-02
1.692917596786093215e-01 3.644074216410622680e-02
1.681058279120341004e-01 3.779165428275786665e-02
1.731460379199787070e-01 3.232830922607189683e-02
1.761108673364166766e-01 2.943913627031042451e-02
1.761108673364166766e-01 2.943913627031042451e-02
1.761108673364166766e-01 2.943913627031042451e-02
1.707741743868283202e-01 3.480960336785386688e-02
1.707741743868283202e-01 3.480960336785386688e-02
1.612867202542267453e-01 4.640338480106860619e-02
1.520957490632689757e-01 6.054187625515336513e-02
1.464625731720367863e-01 7.083405627545150129e-02
1.402364313975169863e-01 8.381661705058560119e-02
1.230404207821766405e-01 1.297196742767764144e-01
1.073268248750552795e-01 1.866714534741903408e-01
8.835191660985215745e-02 2.774719436947004070e-01
6.581921304492339975e-02 4.188953796157086629e-01
5.247748067095245328e-02 5.194253481110322479e-01
4.565837301314506352e-02 5.751904245813735939e-01
3.557795299725589194e-02 6.623983605342298464e-01
3.883926535533768765e-02 6.336075945836285861e-01
4.091464594684428302e-02 6.155646465962631986e-01
4.625133889643266022e-02 5.702320701024229388e-01
4.980913419615826121e-02 5.409135574273699065e-01
4.773375360465165890e-02 5.579252225941291332e-01
4.269354359670708005e-02 6.002797769451055920e-01
4.180409477177567806e-02 6.079010046257529165e-01
3.943223123862528434e-02 6.284297924686068626e-01
4.269354359670708005e-02 6.002797769451055920e-01
4.150761183013187972e-02 6.104508724027611910e-01
4.239706065506327476e-02 6.028154322422107914e-01
4.091464594684428302e-02 6.155646465962631986e-01
4.210057771341947641e-02 6.053558496593003380e-01
4.239706065506327476e-02 6.028154322422107914e-01
4.565837301314506352e-02 5.751904245813735939e-01
4.625133889643266022e-02 5.702320701024229388e-01
4.625133889643266022e-02 5.702320701024229388e-01
4.565837301314506352e-02 5.751904245813735939e-01
4.773375360465165890e-02 5.579252225941291332e-01
4.832671948793926253e-02 5.530385568064644097e-01
5.395989537917145196e-02 5.076788297393297622e-01
5.633175891232183874e-02 4.891756009938119654e-01
5.840713950382842717e-02 4.732851096142309810e-01
6.226141774519781957e-02 4.445349800368063597e-01
6.255790068684162486e-02 4.423650702271484381e-01
6.433679833670441495e-02 4.294722720994228471e-01
6.315086657012922156e-02 4.380432981770336909e-01
6.552273010327960834e-02 4.209985332258585622e-01
6.374383245341681825e-02 4.337456682186658918e-01
6.611569598656720503e-02 4.167983588330201883e-01
6.255790068684162486e-02 4.423650702271484381e-01
6.018603715369122420e-02 4.598916382854670859e-01
5.722120773725323378e-02 4.823307735484855252e-01
5.514582714574663841e-02 4.983820029128035456e-01
5.188451478766484964e-02 5.241625362563739898e-01
5.040210007944585097e-02 5.361006550949052318e-01
5.069858302108965625e-02 5.337022337307312236e-01
5.247748067095245328e-02 5.194253481110322479e-01
4.714078772136406220e-02 5.628325879478939253e-01
3.883926535533768765e-02 6.336075945836285861e-01
3.706036770547489062e-02 6.492470972426016562e-01
3.083422593095511144e-02 7.051627864718528205e-01
2.875884533944851953e-02 7.241761344400822198e-01
2.223622062328493507e-02 7.849877489446721590e-01
1.838194238191554614e-02 8.215697200589215932e-01
1.334173237397096035e-02 8.699814620729005021e-01
1.096986884082056836e-02 8.929431143060262421e-01
6.226141774519782651e-03 9.391149602969872667e-01
1.778897649862794857e-03 9.825888946481970976e-01
-1.778897649862794857e-03 9.825888946481970976e-01
-4.150761183013188145e-03 9.593882714367604203e-01
-7.708556482738777860e-03 9.246571451663863073e-01
-1.037690295753296993e-02 8.986982048648328725e-01
-1.274876649068336365e-02 8.757124792136103952e-01
-1.423118119890235886e-02 8.613976889420622562e-01
-1.571359590712135407e-02 8.471278327644229389e-01
-1.689952767369655093e-02 8.357473386901990153e-01
-1.986435709013454134e-02 8.074495665615314399e-01
-2.490456709807913060e-02 7.599293179387031083e-01
-2.490456709807913060e-02 7.599293179387031083e-01
-2.816587945616091937e-02 7.296402116268713156e-01
-2.905532828109231788e-02 7.214492841993171979e-01
-3.231664063917410318e-02 6.916917832445974579e-01
-3.083422593095511144e-02 7.051627864718528205e-01
-3.439202123068069855e-02 6.729943383228373932e-01
-3.409553828903690020e-02 6.756535088032568082e-01
-3.498498711396829525e-02 6.676881514184496158e-01
-3.706036770547489062e-02 6.492470972426016562e-01
-3.528147005561209359e-02 6.650411922526084929e-01
-3.379905534739310186e-02 6.783166922166690149e-01
-2.638698180629811887e-02 7.461131743107052294e-01
-1.897490826520314283e-02 8.159145165192873694e-01
-1.630656179040895423e-02 8.414334856400400575e-01
-7.708556482738777860e-03 9.246571451663863073e-01
-1.482414708218995642e-03 9.854903971587298805e-01
1.185931766575196427e-03 9.883920896866599248e-01
6.819107657807380214e-03 9.333291829600072198e-01
1.185931766575196514e-02 8.843210255678012333e-01
2.016084003177834316e-02 8.046328177724200170e-01
2.312566944821633011e-02 7.766089837084957370e-01
2.846236239780471772e-02 7.269064540756902115e-01
3.913574829698147906e-02 6.310164521734746845e-01
4.654782183807646551e-02 5.677604806237507296e-01
5.040210007944585097e-02 5.361006550949052318e-01
5.603527597067804039e-02 4.914686659678587644e-01
6.255790068684162486e-02 4.423650702271484381e-01
6.344734951177301296e-02 4.358914596311522782e-01
6.552273010327960834e-02 4.209985332258585622e-01
7.263832070273078256e-02 3.722334733269203610e-01
7.767853071067537529e-02 3.398843585695746627e-01
8.479412131012654952e-02 2.973550534664020639e-01
9.339212661779672242e-02 2.508716651370811457e-01
1.005077172172479105e-01 2.164030994779916339e-01
1.099951713498494715e-01 1.758901426415079849e-01
1.138494495912188709e-01 1.611388442240062058e-01
1.168142790076568543e-01 1.504365308050688299e-01
1.185931766575196444e-01 1.442778897652365333e-01
1.239298696071080425e-01 1.269484857253959653e-01
1.286735966734088299e-01 1.129325101135463943e-01
1.298595284399840233e-01 1.096245444906154970e-01
1.283771137317650524e-01 1.137715494382128822e-01
1.292665625566964127e-01 1.112689219191441703e-01
1.277841478484774140e-01 1.154642006152676176e-01
1.277841478484774140e-01 1.154642006152676176e-01
1.310454602065592167e-01 1.063928922966449753e-01
1.340102896229972140e-01 9.864063092679130340e-02
1.337138066813534087e-01 9.939517144462328702e-02
1.337138066813534087e-01 9.939517144462328702e-02
1.348997384479286021e-01 9.640415098633114965e-02
1.387540166892980154e-01 8.717316216680862095e-02
1.429047778723111783e-01 7.803646573595542091e-02
1.437942266972425664e-01 7.618274388474718939e-02
1.461660902303929810e-01 7.141286804581721548e-02
1.476485049386119797e-01 6.855678219382574379e-02
1.500203684717623664e-01 6.418094321298527249e-02
1.532816808298441413e-01 5.853957767912682658e-02
1.553570614213507506e-01 5.516670975686254613e-02
1.615832031958705506e-01 4.599757958824512299e-02
1.624726520208019109e-01 4.479788082333127641e-02
1.719601061534034858e-01 3.354953472399179598e-02
1.811510773443612554e-01 2.503171156256107574e-02
1.897490826520314422e-01 1.881367452801079726e-02
1.956787414849074092e-01 1.534871318902557465e-02
2.051661956175089840e-01 1.095668611233259308e-02
2.179149621081923893e-01 6.810865557852786682e-03
2.291813138906567682e-01 4.377459388248882907e-03
2.327391091903823206e-01 3.790621074895889064e-03
2.357039386068203179e-01 3.356740420573041655e-03
2.345180068402451246e-01 3.524612444548208025e-03
2.330355921320261536e-01 3.745068767606279155e-03
2.345180068402451246e-01 3.524612444548208025e-03
2.362969044901079285e-01 3.275537549569639169e-03
2.342215238986013470e-01 3.567745006637478532e-03
2.312566944821632942e-01 4.025945627750757150e-03
2.327391091903823206e-01 3.790621074895889064e-03
2.345180068402451246e-01 3.524612444548208025e-03
2.333320750736699312e-01 3.700009640476946849e-03
2.321461433070947100e-01 3.883224014314878500e-03
2.318496603654509047e-01 3.930284128998563602e-03
2.300707627155881563e-01 4.223570304353793312e-03
2.294777968323004902e-01 4.325612878569840523e-03
2.294777968323004902e-01 4.325612878569840523e-03
2.250305527076435774e-01 5.164198797557321453e-03
2.202868256413427206e-01 6.216330814055713409e-03
2.161360644583295854e-01 7.289429460958960286e-03
2.099099226838098131e-01 9.208093336817884875e-03
2.045732297342214012e-01 1.119460789489267437e-02
1.977541220764140184e-01 1.427485506754250580e-02
1.888596338271000541e-01 1.938789487292665384e-02
1.847088726440868633e-01 2.227240907095892966e-02
1.761108673364166766e-01 2.943913627031042451e-02
1.681058279120341004e-01 3.779165428275786665e-02
1.621761690791581056e-01 4.519484355562229660e-02
1.583218908377887202e-01 5.062796567452904073e-02
1.515027831799813374e-01 6.156390236776771580e-02
1.473520219969681744e-01 6.912043905713827208e-02
1.420153290473797902e-01 7.992637520990411582e-02
1.381610508060103770e-01 8.854549230586079844e-02
1.316384260898467995e-01 1.048053514544350084e-01
1.257087672569708325e-01 1.215432029779579537e-01
1.209650401906700451e-01 1.363664197559419922e-01
1.153318642994378695e-01 1.557186154380684195e-01
1.120705519413560808e-01 1.678278855850593998e-01
1.082162736999866814e-01 1.830252617176621188e-01
1.058444101668363085e-01 1.928660274584493850e-01
1.064373760501238775e-01 1.903704910752466173e-01
1.058444101668363085e-01 1.928660274584493850e-01
1.076233078166990847e-01 1.854501999154545000e-01
1.091057225249180834e-01 1.794315995123113017e-01
1.040655125169735046e-01 2.004952656344090867e-01
1.028795807503982973e-01 2.057011360082986462e-01
1.005077172172479105e-01 2.164030994779916339e-01
9.724640485916610788e-02 2.317575706007100333e-01
9.843233662574131515e-02 2.260878733589901379e-01
9.635695603423471978e-02 2.360749260676175687e-01
9.279916073450913960e-02 2.539062796430360813e-01
8.775895072656454687e-02 2.807219880476723439e-01
8.864839955149593498e-02 2.758564741645784801e-01
8.123632601040095547e-02 3.181589335362122739e-01
7.678908188574397331e-02 3.454594644319870511e-01
6.700514481149860702e-02 4.105441911274851918e-01
6.196493480355402123e-02 4.467108895906160004e-01
5.840713950382842717e-02 4.732851096142309810e-01
5.188451478766484964e-02 5.241625362563739898e-01
4.654782183807646551e-02 5.677604806237507296e-01
4.061816300520047773e-02 6.181285027002140220e-01
4.387947536328227344e-02 5.901852624462056163e-01
4.150761183013187972e-02 6.104508724027611910e-01
3.528147005561209359e-02 6.650411922526084929e-01
3.617091888054349558e-02 6.571251923062654265e-01
3.646740182218729392e-02 6.544949118504775898e-01
3.913574829698147906e-02 6.310164521734746845e-01
3.528147005561209359e-02 6.650411922526084929e-01
3.646740182218729392e-02 6.544949118504775898e-01
3.587443593889969723e-02 6.597596845177695624e-01
3.290960652246169987e-02 6.863300293422641696e-01
3.379905534739310186e-02 6.783166922166690149e-01
3.290960652246169987e-02 6.863300293422641696e-01
3.379905534739310186e-02 6.783166922166690149e-01
3.528147005561209359e-02 6.650411922526084929e-01
3.913574829698147906e-02 6.310164521734746845e-01
4.061816300520047773e-02 6.181285027002140220e-01
4.684430477972026385e-02 5.652939792471884939e-01
4.832671948793926253e-02 5.530385568064644097e-01
5.099506596273345460e-02 5.313091918063778119e-01
5.277396361259623775e-02 5.170649848479640376e-01
5.425637832081523643e-02 5.053462048518314598e-01
5.900010538711602387e-02 4.687971665604988569e-01
5.840713950382842717e-02 4.732851096142309810e-01
5.900010538711602387e-02 4.687971665604988569e-01
5.425637832081523643e-02 5.053462048518314598e-01
5.069858302108965625e-02 5.337022337307312236e-01
4.980913419615826121e-02 5.409135574273699065e-01
4.832671948793926253e-02 5.530385568064644097e-01
4.536189007150127211e-02 5.776771447487902833e-01
4.180409477177567806e-02 6.079010046257529165e-01
4.032168006355668632e-02 6.206969709910064026e-01
3.972871418026908269e-02 6.258476416905683903e-01
3.587443593889969723e-02 6.597596845177695624e-01
3.439202123068069855e-02 6.729943383228373932e-01
2.253270356492873341e-02 7.821920330317586600e-01
1.986435709013454134e-02 8.074495665615314399e-01
1.956787414849073953e-02 8.102687891826182431e-01
1.956787414849073953e-02 8.102687891826182431e-01
1.334173237397096035e-02 8.699814620729005021e-01
1.008042001588917158e-02 9.015777484609692749e-01
5.633175891232183354e-03 9.449039213268972670e-01
1.482414708218995642e-03 9.854903971587298805e-01
-5.929658832875982135e-04 9.941958928102592186e-01
-6.226141774519782651e-03 9.391149602969872667e-01
-8.005039424382576208e-03 9.217683837331315244e-01
-1.096986884082056836e-02 8.929431143060262421e-01
-1.838194238191554614e-02 8.215697200589215932e-01
-2.164325473999733837e-02 7.905873935986582612e-01
-2.579401592301052565e-02 7.516302176940485857e-01
-3.053774298931130962e-02 7.078681665885183660e-01
-3.113070887259890979e-02 7.024610924282417290e-01
-3.735685064711868897e-02 6.466296182230275580e-01
-4.150761183013187972e-02 6.104508724027611910e-01
-4.625133889643266022e-02 5.702320701024229388e-01
-5.188451478766484964e-02 5.241625362563739898e-01
-5.484934420410284006e-02 5.006977743033890205e-01
-6.107548597862261924e-02 4.532744925576422945e-01
-6.492976421999201164e-02 4.252231985377508128e-01
-6.878404246136139710e-02 3.982027141488467814e-01
-6.878404246136139710e-02 3.982027141488467814e-01
-6.759811069478620371e-02 4.064055859092239320e-01
-6.967349128629278521e-02 3.921158714755809127e-01
-6.492976421999201164e-02 4.252231985377508128e-01
-6.522624716163581693e-02 4.231078096129455846e-01
-6.552273010327960834e-02 4.209985332258585622e-01
-6.848755951971760569e-02 4.002441182705143152e-01
-6.670866186985480173e-02 4.126227550094826446e-01
-6.552273010327960834e-02 4.209985332258585622e-01
-6.374383245341681825e-02 4.337456682186658918e-01
-6.374383245341681825e-02 4.337456682186658918e-01
-6.700514481149860702e-02 4.105441911274851918e-01
-6.492976421999201164e-02 4.252231985377508128e-01
-6.137196892026642453e-02 4.510806584565586475e-01
-6.077900303697882090e-02 4.554742759807657304e-01
-6.226141774519781957e-02 4.445349800368063597e-01
-6.018603715369122420e-02 4.598916382854670859e-01
-6.107548597862261924e-02 4.532744925576422945e-01
-6.315086657012922156e-02 4.380432981770336909e-01
-5.959307127040363444e-02 4.643326384597320500e-01
-5.751769067889703907e-02 4.800606726505796118e-01
-5.722120773725323378e-02 4.823307735484855252e-01
-5.218099772930864799e-02 5.217912047571033884e-01
-5.010561713780205262e-02 5.385044362657284145e-01
-4.980913419615826121e-02 5.409135574273699065e-01
-4.536189007150127211e-02 5.776771447487902833e-01
-4.299002653835087145e-02 5.977489081697676676e-01
-4.002519712191288104e-02 6.232700258990213626e-01
-3.676388476383109227e-02 6.518688709480365828e-01
-3.498498711396829525e-02 6.676881514184496158e-01
-3.735685064711868897e-02 6.466296182230275580e-01
-3.557795299725589194e-02 6.623983605342298464e-01
-3.320608946410550516e-02 6.836549817031285503e-01
-2.846236239780471772e-02 7.269064540756902115e-01
-2.875884533944851953e-02 7.241761344400822198e-01
-2.846236239780471772e-02 7.269064540756902115e-01
-2.994477710602371293e-02 7.132898626942123510e-01
-2.994477710602371293e-02 7.132898626942123510e-01
-2.638698180629811887e-02 7.461131743107052294e-01
-2.549753298136672730e-02 7.543934791309931942e-01
-2.579401592301052565e-02 7.516302176940485857e-01
-2.609049886465432400e-02 7.488701052228343702e-01
-2.609049886465432400e-02 7.488701052228343702e-01
-2.282918650657253176e-02 7.793991000097524324e-01
-2.105028885670973821e-02 7.961977612492739942e-01
-1.867842532355934448e-02 8.187409513033527819e-01
-1.867842532355934448e-02 8.187409513033527819e-01
-1.927139120684694465e-02 8.130904508085307070e-01
-2.075380591506593986e-02 7.990068805269330277e-01
-2.253270356492873341e-02 7.821920330317586600e-01
-2.105028885670973821e-02 7.961977612492739942e-01
-1.956787414849073953e-02 8.102687891826182431e-01
-1.986435709013454134e-02 8.074495665615314399e-01
-2.312566944821633011e-02 7.766089837084957370e-01
-2.164325473999733837e-02 7.905873935986582612e-01
-2.223622062328493507e-02 7.849877489446721590e-01
-2.253270356492873341e-02 7.821920330317586600e-01
-2.253270356492873341e-02 7.821920330317586600e-01
-2.282918650657253176e-02 7.793991000097524324e-01
-2.223622062328493507e-02 7.849877489446721590e-01
-2.579401592301052565e-02 7.516302176940485857e-01
-2.579401592301052565e-02 7.516302176940485857e-01
-2.579401592301052565e-02 7.516302176940485857e-01
-2.401511827314772862e-02 7.682558718230400041e-01
-2.668346474794192069e-02 7.433594574316628734e-01
-2.342215238986013193e-02 7.738217178513379091e-01
-2.490456709807913060e-02 7.599293179387031083e-01
-2.697994768958572598e-02 7.406089869392304958e-01
-2.816587945616091937e-02 7.296402116268713156e-01
-3.202015769753030483e-02 6.943784302114590634e-01
-3.113070887259890979e-02 7.024610924282417290e-01
-3.172367475588650648e-02 6.970688840883159099e-01
-3.498498711396829525e-02 6.676881514184496158e-01
-3.794981653040628566e-02 6.414076534179217193e-01
-3.883926535533768765e-02 6.336075945836285861e-01
-3.824629947205008401e-02 6.388032218287085229e-01
-3.735685064711868897e-02 6.466296182230275580e-01
-3.854278241369388930e-02 6.362031933163905251e-01
-3.765333358876248732e-02 6.440164612225398599e-01
-3.735685064711868897e-02 6.466296182230275580e-01
-4.061816300520047773e-02 6.181285027002140220e-01
-3.735685064711868897e-02 6.466296182230275580e-01
-3.972871418026908269e-02 6.258476416905683903e-01
-3.735685064711868897e-02 6.466296182230275580e-01
-3.972871418026908269e-02 6.258476416905683903e-01
-4.061816300520047773e-02 6.181285027002140220e-01
-4.210057771341947641e-02 6.053558496593003380e-01
-4.299002653835087145e-02 5.977489081697676676e-01
-4.447244124656987013e-02 5.851672042832731790e-01
-4.476892418821366154e-02 5.826655575414094734e-01
-4.180409477177567806e-02 6.079010046257529165e-01
-4.417595830492607872e-02 5.876737803767448920e-01
-4.002519712191288104e-02 6.232700258990213626e-01
-4.061816300520047773e-02 6.181285027002140220e-01
-4.150761183013187972e-02 6.104508724027611910e-01
-4.032168006355668632e-02 6.206969709910064026e-01
-3.883926535533768765e-02 6.336075945836285861e-01
-4.091464594684428302e-02 6.155646465962631986e-01
-4.210057771341947641e-02 6.053558496593003380e-01
-4.803023654629545725e-02 5.554792916008994830e-01
-4.921616831287065758e-02 5.457477395487861926e-01
-4.417595830492607872e-02 5.876737803767448920e-01
-4.417595830492607872e-02 5.876737803767448920e-01
-4.714078772136406220e-02 5.628325879478939253e-01
-4.387947536328227344e-02 5.901852624462056163e-01
-4.180409477177567806e-02 6.079010046257529165e-01
-4.536189007150127211e-02 5.776771447487902833e-01
-4.061816300520047773e-02 6.181285027002140220e-01
-3.587443593889969723e-02 6.597596845177695624e-01
-3.498498711396829525e-02 6.676881514184496158e-01
-3.468850417232450384e-02 6.703392096267499767e-01
-3.024126004766751127e-02 7.105772022253978859e-01
-2.460808415643532879e-02 7.627018295362357758e-01
-2.460808415643532879e-02 7.627018295362357758e-01
-1.897490826520314283e-02 8.159145165192873694e-01
-1.482414708218995555e-02 8.556841003043771376e-01
-8.005039424382576208e-03 9.217683837331315244e-01
-5.633175891232183354e-03 9.449039213268972670e-01
-5.633175891232183354e-03 9.449039213268972670e-01
4.743727066300785708e-03 9.535926721610885615e-01
9.190971190957773068e-03 9.102239267136499334e-01
1.185931766575196514e-02 8.843210255678012333e-01
1.689952767369655093e-02 8.357473386901990153e-01
2.045732297342214151e-02 8.018185775483293032e-01
1.956787414849073953e-02 8.102687891826182431e-01
1.838194238191554614e-02 8.215697200589215932e-01
2.253270356492873341e-02 7.821920330317586600e-01
2.401511827314772862e-02 7.682558718230400041e-01
2.727643063122952086e-02 7.378617950653341140e-01
2.638698180629811887e-02 7.461131743107052294e-01
2.609049886465432400e-02 7.488701052228343702e-01
2.727643063122952086e-02 7.378617950653341140e-01
2.520105003972292548e-02 7.571598568220951897e-01
2.638698180629811887e-02 7.461131743107052294e-01
2.549753298136672730e-02 7.543934791309931942e-01
2.342215238986013193e-02 7.738217178513379091e-01
2.371863533150393027e-02 7.710373360539325427e-01
2.460808415643532879e-02 7.627018295362357758e-01
2.312566944821633011e-02 7.766089837084957370e-01
1.838194238191554614e-02 8.215697200589215932e-01
1.897490826520314283e-02 8.159145165192873694e-01
1.541711296547755572e-02 8.499779917054914868e-01
1.571359590712135407e-02 8.471278327644229389e-01
1.274876649068336365e-02 8.757124792136103952e-01
1.274876649068336365e-02 8.757124792136103952e-01
8.005039424382576208e-03 9.217683837331315244e-01
6.522624716163580999e-03 9.362216548281087070e-01
6.819107657807380214e-03 9.333291829600072198e-01
4.150761183013188145e-03 9.593882714367604203e-01
-2.964829416437991067e-04 9.970979274004432291e-01
-2.668346474794192503e-03 9.738859070480740954e-01
-5.336692949588385006e-03 9.477995014573001864e-01
-8.005039424382576208e-03 9.217683837331315244e-01
-1.096986884082056836e-02 8.929431143060262421e-01
-1.452766414054615894e-02 8.585399777232740615e-01
-1.897490826520314283e-02 8.159145165192873694e-01
-2.282918650657253176e-02 7.793991000097524324e-01
-2.401511827314772862e-02 7.682558718230400041e-01
-2.905532828109231788e-02 7.214492841993171979e-01
-3.113070887259890979e-02 7.024610924282417290e-01
-3.142719181424270813e-02 6.997631148740800500e-01
-3.350257240574930351e-02 6.809838595647544901e-01
-3.528147005561209359e-02 6.650411922526084929e-01
-4.032168006355668632e-02 6.206969709910064026e-01
-4.299002653835087145e-02 5.977489081697676676e-01
-4.536189007150127211e-02 5.776771447487902833e-01
-4.565837301314506352e-02 5.751904245813735939e-01
-5.247748067095245328e-02 5.194253481110322479e-01
-5.099506596273345460e-02 5.313091918063778119e-01
-5.099506596273345460e-02 5.313091918063778119e-01
-5.425637832081523643e-02 5.053462048518314598e-01
-5.514582714574663841e-02 4.983820029128035456e-01
-5.366341243752763973e-02 5.100170378774893098e-01
-5.247748067095245328e-02 5.194253481110322479e-01
-5.188451478766484964e-02 5.241625362563739898e-01
-5.218099772930864799e-02 5.217912047571033884e-01
-4.980913419615826121e-02 5.409135574273699065e-01
-4.536189007150127211e-02 5.776771447487902833e-01
-3.735685064711868897e-02 6.466296182230275580e-01
-2.846236239780471772e-02 7.269064540756902115e-01
-2.045732297342214151e-02 8.018185775483293032e-01
-1.482414708218995555e-02 8.556841003043771376e-01
-9.190971190957773068e-03 9.102239267136499334e-01
-9.487454132601571416e-03 9.073406465970995649e-01
-4.743727066300785708e-03 9.535926721610885615e-01
3.557795299725589715e-03 9.651859965367522998e-01
9.190971190957773068e-03 9.102239267136499334e-01
1.452766414054615894e-02 8.585399777232740615e-01
2.193973768164113672e-02 7.877862138133687742e-01
2.816587945616091937e-02 7.296402116268713156e-01
3.587443593889969723e-02 6.597596845177695624e-01
4.299002653835087145e-02 5.977489081697676676e-01
5.277396361259623775e-02 5.170649848479640376e-01
6.166845186191022288e-02 4.488927865674418038e-01
7.145238893615558917e-02 3.801110307813641009e-01
8.212577483533235745e-02 3.128715399845397038e-01
9.042729720135872507e-02 2.662971688725088715e-01
9.724640485916610788e-02 2.317575706007100333e-01
1.076233078166990847e-01 1.854501999154545000e-01
1.150353813577940781e-01 1.567915539631364319e-01
1.221509719572452385e-01 1.325371267116732255e-01
1.248193184320394444e-01 1.242231377330656611e-01
1.286735966734088299e-01 1.129325101135463943e-01
1.304524943232716339e-01 1.079992455479340946e-01
1.381610508060103770e-01 8.854549230586079844e-02
1.420153290473797902e-01 7.992637520990411582e-02
1.426082949306673731e-01 7.866239174997337325e-02
1.470555390553243691e-01 6.968785893254618447e-02
1.526887149465565585e-01 5.953381299106409036e-02
1.598043055460077466e-01 4.847742420566811261e-02
1.666234132038151017e-01 3.953937614832990499e-02
1.657339643788836858e-01 4.062025061725434844e-02
1.627691349624457162e-01 4.440383373123823335e-02
1.630656179040895493e-01 4.401268641243739899e-02
1.624726520208019109e-01 4.479788082333127641e-02
1.598043055460077466e-01 4.847742420566811261e-02
1.606937543709391070e-01 4.722394966320664356e-02
1.562465102462821664e-01 5.377112358093449895e-02
1.515027831799813374e-01 6.156390236776771580e-02
1.432012608139549836e-01 7.741456056810025466e-02
1.375680849227227942e-01 8.993500680968086192e-02
1.257087672569708325e-01 1.215432029779579537e-01
1.177037278325882425e-01 1.473328564207764813e-01
1.117740689997122755e-01 1.689625097633102035e-01
1.019901319254669092e-01 2.096688543504385827e-01
9.161322896793393233e-02 2.600511546084796621e-01
8.182929189368856604e-02 3.146276022038722586e-01
7.767853071067537529e-02 3.398843585695746627e-01
8.153280895204477463e-02 3.163900668191798604e-01
7.916094541889436009e-02 3.307201990489159193e-01
7.471370129423737794e-02 3.586909702515078679e-01
7.234183776108699115e-02 3.741934088273713988e-01
7.323128658601839314e-02 3.683325449275859365e-01
6.967349128629278521e-02 3.921158714755809127e-01
7.026645716958039578e-02 3.880891952998221095e-01
6.878404246136139710e-02 3.982027141488467814e-01
6.908052540300518851e-02 3.961675330162681696e-01
6.492976421999201164e-02 4.252231985377508128e-01
6.433679833670441495e-02 4.294722720994228471e-01
5.870362244547223246e-02 4.710382183974096693e-01
5.929658832875982222e-02 4.665619685091459967e-01
5.751769067889703907e-02 4.800606726505796118e-01
5.633175891232183874e-02 4.891756009938119654e-01
5.544231008739043676e-02 4.960718833131317895e-01
