6.977303028106689453e-01 1.999600062845274806e-04
7.658852934837341309e-01 1.999600062845274806e-04
7.640558481216430664e-01 1.999600062845274806e-04
7.441163063049316406e-01 1.999600062845274806e-04
9.390052556991577148e-01 1.999600062845274806e-04
8.733799457550048828e-01 1.999600062845274806e-04
8.591967821121215820e-01 1.999600062845274806e-04
9.068794846534729004e-01 1.999600062845274806e-04
9.177020192146301270e-02 1.363727301359176636e-01
-9.938951581716537476e-02 8.812237381935119629e-01
7.952367514371871948e-02 1.645670831203460693e-01
6.283791065216064453e-01 1.999600062845274806e-04
6.808062791824340820e-01 1.999600062845274806e-04
6.762762665748596191e-01 1.999600062845274806e-04
7.999343276023864746e-01 1.999600062845274806e-04
8.671210408210754395e-01 1.999600062845274806e-04
9.089602231979370117e-01 1.999600062845274806e-04
8.751926422119140625e-01 1.999600062845274806e-04
9.293119311332702637e-01 1.999600062845274806e-04
9.335169196128845215e-02 1.235752850770950317e-01
-1.066670715808868408e-01 9.046190977096557617e-01
1.240802556276321411e-01 5.938812345266342163e-02
6.115589737892150879e-01 1.999600062845274806e-04
6.615133881568908691e-01 1.999600062845274806e-04
6.679533123970031738e-01 1.999600062845274806e-04
8.132731318473815918e-01 1.999600062845274806e-04
8.385602831840515137e-01 1.999600062845274806e-04
8.725255727767944336e-01 1.999600062845274806e-04
8.400747776031494141e-01 1.999600062845274806e-04
8.951959013938903809e-01 1.999600062845274806e-04
7.646790891885757446e-02 1.705658882856369019e-01
-9.254084527492523193e-02 8.728254437446594238e-01
1.429844647645950317e-01 4.219156131148338318e-02
6.450484395027160645e-01 1.999600062845274806e-04
6.965140104293823242e-01 1.999600062845274806e-04
7.031750679016113281e-01 1.999600062845274806e-04
8.480660319328308105e-01 1.999600062845274806e-04
8.278583884239196777e-01 1.999600062845274806e-04
8.592035174369812012e-01 1.999600062845274806e-04
8.163858652114868164e-01 1.999600062845274806e-04
8.678280115127563477e-01 1.999600062845274806e-04
1.056786328554153442e-01 9.238152205944061279e-02
-5.980861186981201172e-02 7.712457776069641113e-01
1.470387130975723267e-01 3.559288010001182556e-02
6.700574755668640137e-01 1.999600062845274806e-04
7.038853764533996582e-01 1.999600062845274806e-04
7.274268269538879395e-01 1.999600062845274806e-04
8.562180995941162109e-01 1.999600062845274806e-04
8.248093724250793457e-01 1.999600062845274806e-04
8.395386934280395508e-01 1.999600062845274806e-04
8.107065558433532715e-01 1.999600062845274806e-04
8.460723757743835449e-01 1.999600062845274806e-04
9.566362202167510986e-02 1.149770021438598633e-01
-1.307412888854742050e-02 5.648870468139648438e-01
1.081212386488914490e-01 9.578084200620651245e-02
6.719204187393188477e-01 1.999600062845274806e-04
7.008564472198486328e-01 1.999600062845274806e-04
7.322115302085876465e-01 1.999600062845274806e-04
8.682032823562622070e-01 1.999600062845274806e-04
8.287898898124694824e-01 1.999600062845274806e-04
8.287161588668823242e-01 1.999600062845274806e-04
8.016498684883117676e-01 1.999600062845274806e-04
8.417031764984130859e-01 1.999600062845274806e-04
6.869446486234664917e-02 2.055588811635971069e-01
1.276587229222059250e-02 4.449110031127929688e-01
1.097932010889053345e-01 8.998200297355651855e-02
6.817545294761657715e-01 1.999600062845274806e-04
7.303385734558105469e-01 1.999600062845274806e-04
7.409332394599914551e-01 1.999600062845274806e-04
8.210968375205993652e-01 1.999600062845274806e-04
8.675800561904907227e-01 1.999600062845274806e-04
8.331959843635559082e-01 1.999600062845274806e-04
8.127839565277099609e-01 1.999600062845274806e-04
8.533700704574584961e-01 1.999600062845274806e-04
7.953372597694396973e-02 1.617676466703414917e-01
-9.200809523463249207e-03 5.376924872398376465e-01
6.355460733175277710e-02 2.145570814609527588e-01
7.153612375259399414e-01 1.999600062845274806e-04
7.822028398513793945e-01 1.999600062845274806e-04
7.851413488388061523e-01 1.999600062845274806e-04
7.791504263877868652e-01 1.999600062845274806e-04
9.030731916427612305e-01 1.999600062845274806e-04
8.024372458457946777e-01 1.999600062845274806e-04
7.863743305206298828e-01 1.999600062845274806e-04
8.349885344505310059e-01 1.999600062845274806e-04
8.342715352773666382e-02 1.513697206974029541e-01
-1.335893198847770691e-02 5.668866038322448730e-01
6.904962658882141113e-02 2.033593207597732544e-01
3.968443870544433594e-01 1.999600062845274806e-04
3.545695841312408447e-01 1.999600062845274806e-04
4.142944216728210449e-01 1.999600062845274806e-04
4.421012401580810547e-01 1.999600062845274806e-04
3.329882323741912842e-01 1.999600062845274806e-04
3.588516712188720703e-01 1.999600062845274806e-04
3.865010142326354980e-01 1.999600062845274806e-04
3.135713636875152588e-01 1.999600062845274806e-04
-2.204374596476554871e-02 6.064786911010742188e-01
-2.434897422790527344e-02 6.090781688690185547e-01
4.526691138744354248e-02 2.771445810794830322e-01
1.310093444772064686e-03 4.971005916595458984e-01
-1.571777090430259705e-02 5.726854801177978516e-01
-1.172717893496155739e-04 4.945011138916015625e-01
1.567957252264022827e-01 2.819436043500900269e-02
-2.132001146674156189e-02 6.052789688110351562e-01
5.985887348651885986e-02 2.375524938106536865e-01
6.348424404859542847e-02 2.193561345338821411e-01
2.656373567879199982e-02 3.741251826286315918e-01
-1.463216822594404221e-02 5.758848190307617188e-01
6.891895830631256104e-02 1.983603239059448242e-01
7.988889515399932861e-02 1.655668914318084717e-01
1.345207989215850830e-01 4.659068211913108826e-02
3.978529199957847595e-02 3.085382878780364990e-01
2.015097886323928833e-01 6.598680280148983002e-03
1.578913927078247070e-01 2.579484134912490845e-02
-4.754533525556325912e-03 5.280944108963012695e-01
9.632369875907897949e-02 1.173765212297439575e-01
1.070289388298988342e-01 8.778244256973266602e-02
1.735287345945835114e-02 4.179164171218872070e-01
3.368045762181282043e-02 3.473305404186248779e-01
-2.207390218973159790e-02 6.130774021148681641e-01
-1.409372389316558838e-01 9.594081044197082520e-01
