1.000000000000000000e+00 1.999600062845274806e-04
9.498378038406372070e-01 1.999600062845274806e-04
9.290673136711120605e-01 1.999600062845274806e-04
9.038069844245910645e-01 1.999600062845274806e-04
8.963451385498046875e-01 1.999600062845274806e-04
8.929174542427062988e-01 1.999600062845274806e-04
9.278275966644287109e-01 1.999600062845274806e-04
9.322302937507629395e-01 1.999600062845274806e-04
2.983427941799163818e-01 5.998800043016672134e-04
2.352137118577957153e-03 4.825035035610198975e-01
-5.059440061450004578e-02 7.262547612190246582e-01
9.498378038406372070e-01 1.999600062845274806e-04
1.000000000000000000e+00 1.999600062845274806e-04
9.845637083053588867e-01 1.999600062845274806e-04
9.640947580337524414e-01 1.999600062845274806e-04
9.284977316856384277e-01 1.999600062845274806e-04
9.143212437629699707e-01 1.999600062845274806e-04
9.104813933372497559e-01 1.999600062845274806e-04
8.706961274147033691e-01 1.999600062845274806e-04
2.666794061660766602e-01 7.998400251381099224e-04
2.905995026230812073e-02 3.509298264980316162e-01
-7.234999537467956543e-02 8.198360204696655273e-01
9.290673136711120605e-01 1.999600062845274806e-04
9.845637083053588867e-01 1.999600062845274806e-04
1.000000000000000000e+00 1.999600062845274806e-04
9.736607670783996582e-01 1.999600062845274806e-04
9.456729888916015625e-01 1.999600062845274806e-04
9.329674243927001953e-01 1.999600062845274806e-04
9.110744595527648926e-01 1.999600062845274806e-04
8.636665344238281250e-01 1.999600062845274806e-04
2.603936195373535156e-01 9.998000459745526314e-04
4.657365381717681885e-03 4.723055362701416016e-01
-5.509428679943084717e-02 7.394521236419677734e-01
9.038069844245910645e-01 1.999600062845274806e-04
9.640947580337524414e-01 1.999600062845274806e-04
9.736607670783996582e-01 1.999600062845274806e-04
1.000000000000000000e+00 1.999600062845274806e-04
9.737076759338378906e-01 1.999600062845274806e-04
9.475929141044616699e-01 1.999600062845274806e-04
9.135070443153381348e-01 1.999600062845274806e-04
8.648157715797424316e-01 1.999600062845274806e-04
2.952970564365386963e-01 1.999600062845274806e-04
5.826397612690925598e-02 2.429514080286026001e-01
-1.945036463439464569e-02 5.880823731422424316e-01
8.963451385498046875e-01 1.999600062845274806e-04
9.284977316856384277e-01 1.999600062845274806e-04
9.456729888916015625e-01 1.999600062845274806e-04
9.737076759338378906e-01 1.999600062845274806e-04
1.000000000000000000e+00 1.999600062845274806e-04
9.795812964439392090e-01 1.999600062845274806e-04
9.460147619247436523e-01 1.999600062845274806e-04
8.908668756484985352e-01 1.999600062845274806e-04
3.479118943214416504e-01 1.999600062845274806e-04
5.646804347634315491e-02 2.487502545118331909e-01
3.425341472029685974e-02 3.393321335315704346e-01
8.929174542427062988e-01 1.999600062845274806e-04
9.143212437629699707e-01 1.999600062845274806e-04
9.329674243927001953e-01 1.999600062845274806e-04
9.475929141044616699e-01 1.999600062845274806e-04
9.795812964439392090e-01 1.999600062845274806e-04
1.000000000000000000e+00 1.999600062845274806e-04
9.653679728507995605e-01 1.999600062845274806e-04
9.154604673385620117e-01 1.999600062845274806e-04
3.683540523052215576e-01 1.999600062845274806e-04
8.879149705171585083e-02 1.371725648641586304e-01
6.602736562490463257e-02 2.013597339391708374e-01
9.278275966644287109e-01 1.999600062845274806e-04
9.104813933372497559e-01 1.999600062845274806e-04
9.110744595527648926e-01 1.999600062845274806e-04
9.135070443153381348e-01 1.999600062845274806e-04
9.460147619247436523e-01 1.999600062845274806e-04
9.653679728507995605e-01 1.999600062845274806e-04
1.000000000000000000e+00 1.999600062845274806e-04
9.663698077201843262e-01 1.999600062845274806e-04
3.774342238903045654e-01 1.999600062845274806e-04
1.070322841405868530e-01 9.238152205944061279e-02
4.177556186914443970e-02 3.201359808444976807e-01
9.322302937507629395e-01 1.999600062845274806e-04
8.706961274147033691e-01 1.999600062845274806e-04
8.636665344238281250e-01 1.999600062845274806e-04
8.648157715797424316e-01 1.999600062845274806e-04
8.908668756484985352e-01 1.999600062845274806e-04
9.154604673385620117e-01 1.999600062845274806e-04
9.663698077201843262e-01 1.999600062845274806e-04
1.000000000000000000e+00 1.999600062845274806e-04
3.904078304767608643e-01 1.999600062845274806e-04
1.003276929259300232e-01 1.165766865015029907e-01
4.767265915870666504e-02 2.717456519603729248e-01
2.983427941799163818e-01 3.999200125690549612e-04
2.666794061660766602e-01 5.998800043016672134e-04
2.603936195373535156e-01 7.998400251381099224e-04
2.952970564365386963e-01 3.999200125690549612e-04
3.479118943214416504e-01 1.999600062845274806e-04
3.683540523052215576e-01 1.999600062845274806e-04
3.774342238903045654e-01 1.999600062845274806e-04
3.904078304767608643e-01 1.999600062845274806e-04
1.000000000000000000e+00 1.999600062845274806e-04
3.732962012290954590e-01 1.999600062845274806e-04
4.684773385524749756e-01 1.999600062845274806e-04
2.352137118577957153e-03 4.929014146327972412e-01
2.905995026230812073e-02 3.593281209468841553e-01
4.657365381717681885e-03 4.821035861968994141e-01
5.826397612690925598e-02 2.431513667106628418e-01
5.646804347634315491e-02 2.499500066041946411e-01
8.879149705171585083e-02 1.387722492218017578e-01
1.070322841405868530e-01 9.278144687414169312e-02
1.003276929259300232e-01 1.167766451835632324e-01
3.732962012290954590e-01 1.999600062845274806e-04
1.000000000000000000e+00 1.999600062845274806e-04
2.544261813163757324e-01 9.998000459745526314e-04
-5.059440061450004578e-02 7.336532473564147949e-01
-7.234999537467956543e-02 8.226354718208312988e-01
-5.509428679943084717e-02 7.474505305290222168e-01
-1.945036463439464569e-02 5.918816328048706055e-01
3.425341472029685974e-02 3.385322988033294678e-01
6.602736562490463257e-02 2.117576450109481812e-01
4.177556186914443970e-02 3.127374649047851562e-01
4.767265915870666504e-02 2.769446074962615967e-01
4.684773385524749756e-01 1.999600062845274806e-04
2.544261813163757324e-01 5.998800043016672134e-04
1.000000000000000000e+00 1.999600062845274806e-04
