1.000000000000000000e+00 1.999600062845274806e-04
9.694021344184875488e-01 1.999600062845274806e-04
9.399535059928894043e-01 1.999600062845274806e-04
7.892894148826599121e-01 1.999600062845274806e-04
7.471385598182678223e-01 1.999600062845274806e-04
6.797541975975036621e-01 1.999600062845274806e-04
7.145705223083496094e-01 1.999600062845274806e-04
6.496320962905883789e-01 1.999600062845274806e-04
5.116400495171546936e-02 2.653469443321228027e-01
8.455966413021087646e-02 1.477704495191574097e-01
-6.634567677974700928e-02 7.914417386054992676e-01
9.694021344184875488e-01 1.999600062845274806e-04
1.000000000000000000e+00 1.999600062845274806e-04
9.437664747238159180e-01 1.999600062845274806e-04
7.661198377609252930e-01 1.999600062845274806e-04
8.028393387794494629e-01 1.999600062845274806e-04
6.641001105308532715e-01 1.999600062845274806e-04
6.838687658309936523e-01 1.999600062845274806e-04
6.628670692443847656e-01 1.999600062845274806e-04
6.856714189052581787e-02 2.039592117071151733e-01
4.023762792348861694e-02 3.123375177383422852e-01
-4.241888225078582764e-02 6.998600363731384277e-01
9.399535059928894043e-01 1.999600062845274806e-04
9.437664747238159180e-01 1.999600062845274806e-04
1.000000000000000000e+00 1.999600062845274806e-04
7.789091467857360840e-01 1.999600062845274806e-04
8.205741643905639648e-01 1.999600062845274806e-04
7.084053754806518555e-01 1.999600062845274806e-04
7.420221567153930664e-01 1.999600062845274806e-04
6.978542804718017578e-01 1.999600062845274806e-04
7.170667499303817749e-02 1.909618079662322998e-01
5.135499313473701477e-02 2.639472186565399170e-01
-9.370686113834381104e-02 8.798240423202514648e-01
7.892894148826599121e-01 1.999600062845274806e-04
7.661198377609252930e-01 1.999600062845274806e-04
7.789091467857360840e-01 1.999600062845274806e-04
1.000000000000000000e+00 1.999600062845274806e-04
6.875779032707214355e-01 1.999600062845274806e-04
7.750358581542968750e-01 1.999600062845274806e-04
7.770395278930664062e-01 1.999600062845274806e-04
7.520472407341003418e-01 1.999600062845274806e-04
5.057094618678092957e-02 2.681463658809661865e-01
3.409258276224136353e-02 3.389322161674499512e-01
2.303553000092506409e-02 3.833233416080474854e-01
7.471385598182678223e-01 1.999600062845274806e-04
8.028393387794494629e-01 1.999600062845274806e-04
8.205741643905639648e-01 1.999600062845274806e-04
6.875779032707214355e-01 1.999600062845274806e-04
1.000000000000000000e+00 1.999600062845274806e-04
8.735843896865844727e-01 1.999600062845274806e-04
8.565832972526550293e-01 1.999600062845274806e-04
9.012772440910339355e-01 1.999600062845274806e-04
8.690174669027328491e-02 1.481703668832778931e-01
-8.667725324630737305e-02 8.598280549049377441e-01
6.217079982161521912e-02 2.249550074338912964e-01
6.797541975975036621e-01 1.999600062845274806e-04
6.641001105308532715e-01 1.999600062845274806e-04
7.084053754806518555e-01 1.999600062845274806e-04
7.750358581542968750e-01 1.999600062845274806e-04
8.735843896865844727e-01 1.999600062845274806e-04
1.000000000000000000e+00 1.999600062845274806e-04
9.773765802383422852e-01 1.999600062845274806e-04
9.749608039855957031e-01 1.999600062845274806e-04
1.170875057578086853e-01 7.918415963649749756e-02
-9.623657912015914917e-02 8.870226144790649414e-01
4.887888208031654358e-02 2.805438935756683350e-01
7.145705223083496094e-01 1.999600062845274806e-04
6.838687658309936523e-01 1.999600062845274806e-04
7.420221567153930664e-01 1.999600062845274806e-04
7.770395278930664062e-01 1.999600062845274806e-04
8.565832972526550293e-01 1.999600062845274806e-04
9.773765802383422852e-01 1.999600062845274806e-04
1.000000000000000000e+00 1.999600062845274806e-04
9.559862017631530762e-01 1.999600062845274806e-04
9.584791213274002075e-02 1.241751685738563538e-01
-6.903957575559616089e-02 8.064386844635009766e-01
8.832241408526897430e-03 4.581083655357360840e-01
6.496320962905883789e-01 1.999600062845274806e-04
6.628670692443847656e-01 1.999600062845274806e-04
6.978542804718017578e-01 1.999600062845274806e-04
7.520472407341003418e-01 1.999600062845274806e-04
9.012772440910339355e-01 1.999600062845274806e-04
9.749608039855957031e-01 1.999600062845274806e-04
9.559862017631530762e-01 1.999600062845274806e-04
1.000000000000000000e+00 1.999600062845274806e-04
1.117131039500236511e-01 7.958408445119857788e-02
-1.033030450344085693e-01 9.014196991920471191e-01
5.201841518282890320e-02 2.511497735977172852e-01
5.116400495171546936e-02 2.645470798015594482e-01
6.856714189052581787e-02 1.985602825880050659e-01
7.170667499303817749e-02 1.869626045227050781e-01
5.057094618678092957e-02 2.693461179733276367e-01
8.690174669027328491e-02 1.395720839500427246e-01
1.170875057578086853e-01 7.478504627943038940e-02
9.584791213274002075e-02 1.197760477662086487e-01
1.117131039500236511e-01 7.478504627943038940e-02
1.000000000000000000e+00 1.999600062845274806e-04
-8.415088802576065063e-02 8.476305007934570312e-01
1.119677498936653137e-01 8.638272434473037720e-02
8.455966413021087646e-02 1.445710808038711548e-01
4.023762792348861694e-02 3.151369690895080566e-01
5.135499313473701477e-02 2.643471360206604004e-01
3.409258276224136353e-02 3.355329036712646484e-01
-8.667725324630737305e-02 8.580284118652343750e-01
-9.623657912015914917e-02 8.872225284576416016e-01
-6.903957575559616089e-02 8.014397025108337402e-01
-1.033030450344085693e-01 8.978204131126403809e-01
-8.415088802576065063e-02 8.536292910575866699e-01
1.000000000000000000e+00 1.999600062845274806e-04
-3.415624797344207764e-02 6.670665740966796875e-01
-6.634567677974700928e-02 7.898420095443725586e-01
-4.241888225078582764e-02 6.996600627899169922e-01
-9.370686113834381104e-02 8.694261312484741211e-01
2.303553000092506409e-02 3.825235068798065186e-01
6.217079982161521912e-02 2.311537712812423706e-01
4.887888208031654358e-02 2.765446901321411133e-01
8.832241408526897430e-03 4.529094099998474121e-01
5.201841518282890320e-02 2.667466402053833008e-01
1.119677498936653137e-01 7.878424227237701416e-02
-3.415624797344207764e-02 6.604679226875305176e-01
1.000000000000000000e+00 1.999600062845274806e-04
