-1.151782693529024015e-01 1.562737676098705508e-01
-1.244136869237638804e-01 1.254603690897009849e-01
-1.474700221626197849e-01 6.889565386635730648e-02
-1.541219638931741742e-01 5.715408116486583867e-02
-1.484498443645210219e-01 6.705201618170007760e-02
-1.359274453931638427e-01 9.387025042403343567e-02
-1.407570534437116438e-01 8.266268309963316352e-02
-1.390076131109052870e-01 8.659146378304694025e-02
-1.332744665938984108e-01 1.005216543696432346e-01
-1.186042566713148422e-01 1.442401390262383898e-01
-9.703460667652016869e-02 2.327805619750155930e-01
-7.698385061408448415e-02 3.442337367416063998e-01
-5.949453286838370103e-02 4.650729216563099788e-01
-4.257140995907567754e-02 6.013237403066206133e-01
-3.437345119022727075e-02 6.731607756036590562e-01
-1.940149671411703705e-02 8.118519239310093560e-01
-9.399851400592308323e-03 9.081924542042802972e-01
3.085253300104238375e-03 9.698075966463737263e-01
1.539914339458620801e-02 8.501508001272839454e-01
2.539909351399000093e-02 7.553116391051682976e-01
3.326987981749767592e-02 6.830799388768166169e-01
3.975908291244220627e-02 6.255834077324520237e-01
4.090164374995333002e-02 6.156769869191457412e-01
4.122712102117311733e-02 6.128675175072859638e-01
3.454636099056278969e-02 6.716116550596729073e-01
2.711123957613575941e-02 7.393920383827600196e-01
1.562799460091262096e-02 8.479505363320725131e-01
1.917264550779062236e-03 9.812348556689696188e-01
-4.924538921320226713e-03 9.518259013425955928e-01
-6.757043766052469626e-03 9.339346041536141785e-01
-8.986224035083829192e-03 9.122157672345412305e-01
-2.810631852512541964e-03 9.724939465585845655e-01
8.255595368960243555e-03 9.193279037248053287e-01
1.794362977011173393e-02 8.257558986825260794e-01
2.916072926834786111e-02 7.204807188326605161e-01
4.191876022251516537e-02 6.069160999244814780e-01
3.095933023066137213e-02 7.040223250978450142e-01
1.844710242402984590e-02 8.209478242809127302e-01
7.718218832623404899e-03 9.245629850013008522e-01
-1.162564128138179366e-02 8.865849534841693247e-01
-2.774693737148690650e-02 7.335089186522563143e-01
-4.936066241342593197e-02 5.445677923950305033e-01
-6.111344325387795678e-02 4.529932942538199558e-01
-6.925037503437264652e-02 3.950044219116497501e-01
-6.523276496775340383e-02 4.230613740644788567e-01
-6.016413454615357481e-02 4.600552574384710880e-01
-5.843334134867752411e-02 4.730863045009523482e-01
-6.097443733596117493e-02 4.540235649419300801e-01
-6.344942075252830993e-02 4.358764480647391304e-01
-6.278320946300029737e-02 4.407200920438072433e-01
-6.752127703101754030e-02 4.069404518582603325e-01
-6.755518091343624965e-02 4.067043838694681668e-01
-6.311546751070384875e-02 4.383006239762075040e-01
-5.838926630153317560e-02 4.734207476932161818e-01
-6.442754776030860941e-02 4.288204015620160625e-01
-6.048791662325243845e-02 4.576397945793523325e-01
-5.687884833977884663e-02 4.849593102892338914e-01
-5.228317707792027452e-02 5.209752209465893236e-01
-4.935388163694218872e-02 5.446231365297740101e-01
-4.232221642329803135e-02 6.034562875083393507e-01
-4.185095245767770505e-02 6.074984410741163243e-01
-3.909117642879325616e-02 6.314057068326452971e-01
-2.562285913795360470e-02 7.532250401460640621e-01
-1.560934746558232007e-02 8.481297734333308469e-01
-7.314762631840541519e-03 9.284955638588234805e-01
-1.630776744340811440e-03 9.840384398752642925e-01
8.518350457705383197e-03 9.167694091978948467e-01
1.658916966748355537e-02 8.387224244132950313e-01
2.004397528595192740e-02 8.057427986599071668e-01
1.666036782056288384e-02 8.380397169734571383e-01
7.786026597460860878e-03 9.239022238750772553e-01
9.406632177076053314e-03 9.081265173904675692e-01
4.878768680054943255e-03 9.522731152801059418e-01
-2.658064381628267095e-03 9.739864986120903012e-01
-1.287669454263285287e-02 8.744754976284755399e-01
-2.088818195817825421e-02 7.977333717002295099e-01
-3.670603830063575573e-02 6.523809007219179001e-01
-4.262565617094564441e-02 6.008599590645720134e-01
-5.626688326212080787e-02 4.896768755993649025e-01
-6.798236983191223437e-02 4.037368645927421618e-01
-7.317644461846134485e-02 3.686922714550112667e-01
-7.719914026744341407e-02 3.428820676292559932e-01
-8.098959432185719176e-02 3.196358564282247849e-01
-8.062173719761399349e-02 3.218460613947592419e-01
-7.482247810989058057e-02 3.579897319409508505e-01
-6.469030284905376293e-02 4.269361968625036141e-01
-4.418014917984430801e-02 5.876383149362742753e-01
-8.165750080550612452e-03 9.202029348652764895e-01
1.288008493087472624e-02 8.744427188823410413e-01
1.686718150331712601e-02 8.360573006245541894e-01
3.193915243256260916e-02 6.951131410855614368e-01
4.871648864747010754e-02 5.498378036720357187e-01
5.384275566918175771e-02 5.086019840402803416e-01
4.522269356422019965e-02 5.788463667716106098e-01
3.571095935164608770e-02 6.612140982653420540e-01
2.713158190558699959e-02 7.392035424069836047e-01
3.293084099331040210e-02 6.861383092807634698e-01
3.176115704986429145e-02 6.967285393712341346e-01
2.513294803700298619e-02 7.577957292415717916e-01
2.476509091275978791e-02 7.612332286465850473e-01
1.483803414055626102e-02 8.555503785226654667e-01
7.387655979040808410e-03 9.277849251311420797e-01
-3.983706184200527930e-04 9.961006241464955835e-01
-6.511240618516690726e-03 9.363327343405745129e-01
-1.951168433197790139e-02 8.108033677526644833e-01
-2.986253963441552750e-02 7.140429296333512532e-01
-3.717560707213513060e-02 6.482292027769454013e-01
-5.502939155383723691e-02 4.992907859649906577e-01
-5.725687662874765632e-02 4.820573598026712814e-01
-6.128126747185066309e-02 4.517511740467812231e-01
-5.590072133199855409e-02 4.925112232715345151e-01
-6.008276522834862798e-02 4.606633934142517761e-01
-6.265606990393007836e-02 4.416479101694488207e-01
-5.901140254391683271e-02 4.687118894269494129e-01
-5.273918429645217676e-02 5.173415853176699386e-01
-5.023538257982911731e-02 5.374516846301542472e-01
-4.868767034741419003e-02 5.500741475037405070e-01
-4.457343421590155563e-02 5.843144968629091496e-01
-2.935737178637648145e-02 7.186748916891865235e-01
-1.851999577123011193e-02 8.202522528948900105e-01
-1.371412043837543209e-03 9.865767652534340737e-01
-1.187653001128038087e-02 8.841543038686585643e-01
-1.341068069072781817e-02 8.693155090295168197e-01
-4.731286791533477129e-03 9.537142384896084568e-01
2.173238863040457755e-03 9.787300711218490656e-01
5.365289392763688409e-03 9.475201859223878476e-01
-4.256971476495473306e-02 6.013382360477319555e-01
-8.067089782712115464e-02 3.215501179768726070e-01
-9.407140735312335966e-02 2.474262294544347651e-01
-7.505132931621701087e-02 3.565172153720239656e-01
-7.728220477936929844e-02 3.423614565603814164e-01
-7.439528919141460972e-02 3.607485493785200781e-01
-6.579895980414615653e-02 4.190388544724772402e-01
-7.140666195620375134e-02 3.804167894832239938e-01
-6.549552005649854347e-02 4.211918593543747535e-01
-6.044723196434995810e-02 4.579429205397428371e-01
-5.850284430763590809e-02 4.725591749368864836e-01
-4.946237406068212245e-02 5.437379625178597742e-01
-4.607198581880933563e-02 5.717296831400898727e-01
-3.723154847812603502e-02 6.477353139648360791e-01
-2.847248045524768470e-02 7.268132197639718406e-01
-1.979308655605334366e-02 8.081270454272294623e-01
-1.100859062136094572e-02 8.925674868715125498e-01
-5.263577745507504874e-03 9.485136824416372514e-01
3.848090654525615647e-04 9.962333678629253786e-01
1.588396891317401562e-03 9.844531886644793950e-01
5.199160368911922257e-03 9.491429379933605803e-01
6.970638225290455049e-03 9.318511928392226862e-01
9.415108147680735853e-03 9.080440972545599232e-01
1.375141470903603301e-02 8.660258078718393593e-01
2.174764537749300855e-02 7.896008001707827129e-01
1.922519652553964994e-02 8.135303081617389909e-01
2.221721414899239036e-02 7.851670665413416073e-01
1.971680282061120601e-02 8.088523363017152690e-01
1.530421252381377120e-02 8.510638422917532475e-01
1.521097684716226847e-02 8.519607725913609375e-01
1.635692807291527079e-02 8.409501839105395504e-01
1.140865643390193661e-02 8.886879899153166118e-01
8.150493333462184922e-03 9.203515345893977795e-01
4.109150549149820884e-03 9.597950536630057705e-01
1.232575645332852597e-02 8.798048376706973928e-01
1.762832366361756845e-02 8.287703260495129509e-01
2.814700318402789392e-02 7.298143782972702498e-01
4.740271320374440239e-02 5.606623602933882289e-01
5.519382538356807505e-02 4.980076289973267567e-01
6.589389067491858987e-02 4.183666072977871853e-01
7.442071710322865907e-02 3.605839653431005543e-01
8.366122025645295057e-02 3.038795640047028401e-01
9.219652265536769364e-02 2.570162144639448476e-01
9.401207555889057321e-02 2.477258571727257441e-01
8.686005156265992622e-02 2.856974780043501361e-01
8.724486062811248610e-02 2.835603469453665260e-01
8.235253039509005113e-02 3.115327925295551248e-01
7.833152994022893334e-02 3.358278927712669004e-01
6.896388722793440895e-02 3.969674424980634830e-01
6.331041483461152808e-02 4.368845647184934622e-01
5.785358495931727102e-02 4.774957925207201637e-01
4.992007647333495529e-02 5.400114536356395156e-01
4.153734154530448058e-02 6.101949734891021215e-01
3.281895818132860021e-02 6.871486923325772489e-01
2.300039383286500358e-02 7.777875709458885733e-01
1.188500598188506341e-02 8.840722060451308151e-01
5.416145216391781043e-03 9.470234678604747547e-01
-2.803851076028796973e-03 9.725602802186796847e-01
-3.905727254637453381e-03 9.617838507335680909e-01
9.832125901431088780e-04 9.903762016382177125e-01
6.006072770477645546e-03 9.412630773438888099e-01
2.319195076853081475e-02 7.759856177895400053e-01
3.601270390517276321e-02 6.585305388042954622e-01
5.665847310405711101e-02 4.866553429578348577e-01
6.861637243314244738e-02 3.993564256373035581e-01
8.173039415270640096e-02 3.152147954681633335e-01
8.192873186485595538e-02 3.140379077716922707e-01
6.987759685911912322e-02 3.907270209292859064e-01
4.609402334238150295e-02 5.715455682607929466e-01
2.543638778465059924e-02 7.549637493915093422e-01
9.140486700089040309e-03 9.107150032818622787e-01
-3.814186772106887440e-04 9.962665538083026462e-01
-1.941675346120546111e-02 8.117067192567404277e-01
-7.185927878649376287e-03 9.297517142329640993e-01
-9.838906677914835072e-03 9.039243582134119936e-01
3.392083435993725662e-03 9.668065835070870362e-01
1.927435715504680763e-02 8.130622115817258688e-01
2.605004805642957902e-02 7.492464959385807255e-01
3.655686121799334859e-02 6.537020944917861787e-01
4.497519522256348407e-02 5.809280156871788892e-01
6.728564504820737369e-02 4.085833587364522401e-01
8.287973576670125408e-02 3.084346883099348680e-01
9.751604180686611334e-02 2.304597947314084294e-01
1.173108235570403807e-01 1.486978415868182579e-01
1.291161554152414348e-01 1.116890711961183447e-01
1.336609708534718943e-01 9.953011448027436481e-02
1.390076131109052870e-01 8.659146378304694025e-02
1.485362992646887814e-01 6.689129122854868548e-02
1.525505189430661490e-01 5.976751038138795186e-02
1.503569377505744598e-01 6.357892551069135867e-02
1.498856737849541543e-01 6.442317190557708684e-02
1.457426193533855885e-01 7.224624231047602207e-02
1.382515565329676677e-01 8.833492257987443641e-02
1.341559675367853255e-01 9.827154744606546311e-02
1.324828109394211029e-01 1.025768941175973642e-01
1.310588478778345334e-01 1.063568425645767812e-01
1.281346380192192602e-01 1.144613556917334213e-01
1.281465043780658231e-01 1.144275220581902480e-01
1.263139995333335541e-01 1.197453653074506130e-01
1.252867118960461212e-01 1.228092331943280158e-01
1.259919126503556419e-01 1.206995374493191747e-01
1.213369095942643111e-01 1.351566874302735366e-01
1.222997798549561865e-01 1.320625166008081164e-01
1.166869921205357929e-01 1.508846969986014364e-01
1.144205175808438446e-01 1.590343503096877109e-01
1.113929008808514226e-01 1.704295777227058661e-01
1.077397575502335031e-01 1.849721311544114122e-01
1.048172428857391536e-01 1.972450972396302404e-01
1.040510151430759089e-01 2.005583243370220037e-01
1.039204851957638009e-01 2.011267312209610025e-01
9.921293112192342001e-02 2.224099115999871867e-01
9.007753000419720102e-02 2.681586658460697326e-01
9.614632495714948990e-02 2.371055173934770721e-01
1.033932798241525702e-01 2.034343438720195851e-01
1.068548662191046994e-01 1.886276332505460729e-01
1.075295534792373719e-01 1.858357526655032010e-01
1.080720155979370128e-01 1.836130536245732525e-01
1.046511138618873848e-01 1.979600623027717443e-01
1.018320060387701564e-01 2.103799389646086870e-01
1.014743200792525696e-01 2.119948060389890698e-01
1.011573187786374700e-01 2.134333869525425753e-01
1.037713081131214077e-01 2.017777626854599105e-01
1.062734146356235088e-01 1.910581667338391021e-01
1.084483486927848989e-01 1.820825514354623142e-01
1.026728223227546116e-01 2.066186051057415929e-01
9.539196357333279419e-02 2.408223204400562478e-01
8.567341567800444702e-02 2.923554680534989347e-01
9.511903731986204313e-02 2.421770068527449027e-01
9.546485692053306715e-02 2.404614056123360044e-01
9.441383656555250858e-02 2.457018584248706616e-01
9.273220399758358434e-02 2.542505259994751743e-01
9.340180567535347200e-02 2.508223395221313434e-01
9.098276366477724142e-02 2.633590502118051124e-01
8.791615750000329743e-02 2.798578555815748881e-01
8.222200044777795702e-02 3.123029739108119096e-01
7.996230668456973112e-02 3.258327941892548152e-01
7.456141821526637847e-02 3.596741104671359324e-01
6.920460479310737434e-02 3.953176499892600004e-01
5.847233081345905997e-02 4.727905582337857959e-01
4.528880613493671548e-02 5.782908975527298878e-01
3.165096943200342711e-02 6.977292311301621641e-01
1.720791552162534085e-02 8.327934414447752953e-01
6.838413083857415586e-03 9.331408700521619526e-01
3.264943876923496243e-03 9.680500431790701743e-01
3.151365870820757673e-03 9.691609322859917608e-01
-6.297646159278706170e-03 9.384170920060930232e-01
-1.481599661698409023e-02 8.557625849795331696e-01
-2.557539370256738456e-02 7.536675035308236792e-01
-3.236973173928045511e-02 6.912110904597705829e-01
-4.034731527240712629e-02 6.204747085036206311e-01
-5.066087630418415755e-02 5.340069669268986408e-01
-5.607702152057593425e-02 4.911454513738060523e-01
-6.749076353684066443e-02 4.071529822218523664e-01
-6.963009851746242151e-02 3.924115222516192381e-01
-7.448174409158236919e-02 3.601891540294676064e-01
-8.079973258031231120e-02 3.207753769909642561e-01
-8.682106209787839035e-02 2.859146152755973613e-01
-8.742794159317361646e-02 2.825473348561096110e-01
-9.426465948291011532e-02 2.464520411871766181e-01
-9.163371820721681604e-02 2.599441324697777111e-01
-9.346283266370719600e-02 2.505114931578117932e-01
-9.349165096376310657e-02 2.503647971991591614e-01
-1.049036977859069131e-01 1.968737647605704466e-01
-1.009911897547857013e-01 2.141900749938545623e-01
-8.497160531193678756e-02 2.963413655784210010e-01
-9.023009747508146938e-02 2.673456005949646497e-01
-8.526656908897971288e-02 2.946617690837807779e-01
-8.942318507351575130e-02 2.716648764481559009e-01
-8.873324106629464081e-02 2.753953629080010956e-01
-8.459357702296796400e-02 2.985032068333753896e-01
-7.767379462130559464e-02 3.399138925360402075e-01
-6.804509201438688204e-02 4.033022405398265509e-01
-4.825031026421259389e-02 5.536670818238791369e-01
-3.671281907711949899e-02 6.523208720692321716e-01
-2.169170397150210414e-02 7.901294596466755804e-01
-6.019634323445137263e-03 9.411306891860630186e-01
4.965223580222700127e-03 9.514283904471700914e-01
1.581616114833656137e-03 9.845195488596845124e-01
5.031336150939218557e-03 9.507824608043882186e-01
8.067428821536302280e-03 9.211606257041732304e-01
2.034232945123673822e-02 8.029098054156009745e-01
3.311561715249247001e-02 6.844708625647641931e-01
5.104907575787858559e-02 5.308738361807597839e-01
5.204754509511012178e-02 5.228579099216653647e-01
4.175941197514713987e-02 6.082849929285085722e-01
3.420054138989175874e-02 6.747112702530729811e-01
1.197824165853656614e-02 8.831692115165157286e-01
-9.286273394489570621e-03 9.092969885851532874e-01
-2.542791181404592191e-02 7.550428109175133518e-01
-4.843847681163653690e-02 5.521198904734182511e-01
-4.028289789581154107e-02 6.210332854648645817e-01
-3.601778948753557585e-02 6.584853474419255503e-01
-2.936415256286022818e-02 7.186126494520950203e-01
-2.319025557440988067e-02 7.760015590588158485e-01
6.441737659558299583e-05 9.993694602079530309e-01
2.198836294266597394e-02 7.873270591181085187e-01
3.900980711098831627e-02 6.321165816715563768e-01
5.309687025596975668e-02 5.145005279919717678e-01
7.352565460737424397e-02 3.664053863362999319e-01
8.681089093315276506e-02 2.859712779340990996e-01
9.508343824332236849e-02 2.423540955776947170e-01
9.713462312965540080e-02 2.322970850806659326e-01
9.179815203694763337e-02 2.590863328351226680e-01
8.471393580555444669e-02 2.978137792509117365e-01
7.509370916924040795e-02 3.562449424114825236e-01
5.635672855053044245e-02 4.889827410702031196e-01
5.418348968748997602e-02 5.059191487940433163e-01
4.911994484825296658e-02 5.465342016367035205e-01
4.014050158965289106e-02 6.222688019177383678e-01
3.387167373043009633e-02 6.776640218611182931e-01
3.086270416576799777e-02 7.049031186973706564e-01
3.289863230501260949e-02 6.864291202972415684e-01
2.821820133710722239e-02 7.291575228421535160e-01
3.676367490074759076e-02 6.518707282641970080e-01
4.155429348651384219e-02 6.100490805438909536e-01
4.798755517546746119e-02 5.558310855622301538e-01
5.103720939903203663e-02 5.309694717276589593e-01
5.467170559431967086e-02 5.020879760199645769e-01
4.030324022526278471e-02 6.208568693534206595e-01
2.037962372189733654e-02 8.025558606639592307e-01
-2.022366586277118700e-03 9.802063775320144501e-01
-2.948620653956764842e-02 7.174926055785323387e-01
-5.200347004796578021e-02 5.232104511842343708e-01
-7.357142484863951615e-02 3.661062995603383552e-01
-8.995886641573165587e-02 2.687922115622489727e-01
-9.440197020670594574e-02 2.457614739522159253e-01
-9.662945528161635822e-02 2.347462815787910162e-01
-1.073973283378043264e-01 1.863805084184057548e-01
-1.101435428137213096e-01 1.753044396309861030e-01
-1.107555078913793345e-01 1.729039011907687329e-01
-1.083856265103102651e-01 1.823369824636264513e-01
-1.057665515934635286e-01 1.931954597918924821e-01
-9.987236163496768238e-02 2.193360553445757033e-01
-1.005521344774631815e-01 2.161991088894984203e-01
-9.239994594988007459e-02 2.559635283179569898e-01
-9.203886960212061263e-02 2.578340897105998453e-01
-7.851969648765286247e-02 3.346647423763502438e-01
-6.780606964333484032e-02 4.049599965486065933e-01
-5.470899986498026224e-02 5.017959430641989460e-01
-3.885045886362029077e-02 6.335096866821541273e-01
-3.322580477035333435e-03 9.674863317513924255e-01
3.352246374151720415e-02 6.808047925616700358e-01
4.944203173123088574e-02 5.439038786527202740e-01
5.622958899146020262e-02 4.899651610456309259e-01
3.570078818692047629e-02 6.613046307133512158e-01
2.652809279853363469e-02 7.448021405425488961e-01
1.223082558255608743e-02 8.807236755013075902e-01
3.898946478153707821e-05 9.996183574693671137e-01
-7.848748779935507680e-04 9.923174871644098172e-01
3.222564023900086581e-03 9.684645469755570613e-01
-7.221526955189041391e-03 9.294046025925796206e-01
-1.864204974793753217e-02 8.190878888354060638e-01
-2.033554867475298802e-02 8.029741633094060749e-01
-2.729093015295501815e-02 7.377275280835904336e-01
-1.952524588494539484e-02 8.106743378681197099e-01
-1.890480483668267181e-02 8.165826148229246018e-01
-2.026604571579460057e-02 8.036339079172778455e-01
-1.436846536905688095e-02 8.600742218444434872e-01
-1.184093093474071663e-02 8.844991281662660798e-01
-2.283426480901323830e-02 7.793512857493467560e-01
-3.240702600994106036e-02 6.908734976016714935e-01
-4.382415841444767257e-02 5.906543888341418969e-01
-3.780282889688160036e-02 6.427004792681413337e-01
-4.435475417430075756e-02 5.861615854863712061e-01
-3.659246029453300936e-02 6.533867117859812890e-01
-1.701635858595952969e-02 8.346279999494180535e-01
3.564993236329237671e-03 9.651156071551966198e-01
2.256303374966341091e-02 7.819061878193299675e-01
4.165600513377002573e-02 6.091740451449036975e-01
4.865546165911639742e-02 5.503383551080665015e-01
5.015401326202417742e-02 5.381116920070749821e-01
6.134059926608344260e-02 4.513124972975723903e-01
7.642782694241734287e-02 3.477402129929246799e-01
7.931474253037204547e-02 3.297785861824792386e-01
7.490384742769552739e-02 3.574657369902808357e-01
7.224408785194633142e-02 3.748409788318859404e-01
7.342224776599712288e-02 3.670816561705280145e-01
6.680420991786144291e-02 4.119522194250819780e-01
7.638375189527300824e-02 3.480191240277991094e-01
7.699571697293104700e-02 3.441591477366608975e-01
8.726859334580559791e-02 2.834288933623355655e-01
1.047901197798041806e-01 1.973616982330414493e-01
1.231134730330056687e-01 1.294903327898530299e-01
1.340118760365057449e-01 9.863660576291061188e-02
1.379125177087803800e-01 8.912578750646682479e-02
1.468428003378733082e-01 7.009733440018907358e-02
1.397534985241173366e-01 8.489852444683437804e-02
1.394466683882278069e-01 8.559170121816173094e-02
1.369699897775397412e-01 9.135408816728610160e-02
1.377209607731145757e-01 8.957511659657986514e-02
1.230168469681122700e-01 1.297937489045749293e-01
1.107605934737421610e-01 1.728840545790947536e-01
1.038391158779588680e-01 2.014816509709396186e-01
9.840432352623676437e-02 2.262206579370189263e-01
9.211515333756274682e-02 2.574381207396568838e-01
8.587005819603306389e-02 2.912450703723275525e-01
8.276446256647759792e-02 3.091103580358992575e-01
9.074204609960426215e-02 2.646295860680897838e-01
8.549881068354800440e-02 2.933437811234873571e-01
7.158465733890208293e-02 3.792274450970319899e-01
7.014035194786426286e-02 3.889434481129326882e-01
6.547178733880543167e-02 4.213605213204179023e-01
5.781798588277761025e-02 4.777672740373269944e-01
5.370714013950685789e-02 5.096718297067412973e-01
3.906405332285828313e-02 6.316426276558995134e-01
2.457353397709398021e-02 7.630251168093311609e-01
2.011856382727313097e-02 8.050343121096014132e-01
1.003046361358064624e-02 9.020630693924668320e-01
1.484142452879813612e-02 8.555177322929369277e-01
1.260715867740396651e-02 8.770820857573254914e-01
1.724012420992313346e-02 8.324850640867400564e-01
2.798595974253894128e-02 7.313008463364898404e-01
2.704173661717736848e-02 7.400361831984055838e-01
4.577193645940358380e-02 5.742392516028467231e-01
4.426999446825394952e-02 5.868782316152234557e-01
2.142386330039415532e-02 7.926619382698552041e-01
1.502111510561739312e-02 8.537878337897217840e-01
3.500575859733654621e-03 9.657455609874852076e-01
-5.429706769359271892e-03 9.468910131457239920e-01
-9.896543278026671830e-03 9.033642689634345802e-01
3.085253300104238050e-04 9.969800530865919885e-01
-1.054749782046624645e-02 8.970419251120839155e-01
-2.245454132592348412e-02 7.829288030416420296e-01
-4.936574799578874462e-02 5.445262861096265006e-01
-7.409863022025073298e-02 3.626721430052938233e-01
-8.978256622715427571e-02 2.697353569733769718e-01
-1.033407288064035479e-01 2.036654047789230315e-01
-1.208029234461693580e-01 1.368963860542052602e-01
-1.317216687791206708e-01 1.045839849630760682e-01
-1.401484787542955079e-01 8.401282872204619834e-02
-1.312419288428956776e-01 1.058648116524074784e-01
-1.128439870483729790e-01 1.648946682408873043e-01
-1.038543726250472921e-01 2.014150690958132484e-01
-9.153031136583969496e-02 2.604845692543176772e-01
-8.492922545891337660e-02 2.965832069486383782e-01
-7.093370279646249443e-02 3.835880540024324548e-01
-4.727048806231135686e-02 5.617574324057137414e-01
-1.851151980062542765e-02 8.203331261082849046e-01
1.112894940394743015e-02 8.914000780704541826e-01
3.931324685863592933e-02 6.294673292020107613e-01
4.661105754926710837e-02 5.672339823632168709e-01
4.253411568841507923e-02 6.016426826742777845e-01
4.457004382765968747e-02 5.843431134209886579e-01
3.747057084917806286e-02 6.456267926634911003e-01
2.299022266813938523e-02 7.778832830562016909e-01
1.181380782880573320e-02 8.847618659830923660e-01
-1.147646419873938999e-03 9.887668020669599933e-01
-1.912518007240440396e-02 8.144828459814924537e-01
-2.671964973419945280e-02 7.430235949533985362e-01
-3.448024841984626693e-02 6.722038032386998818e-01
-3.922340157022629475e-02 6.302512549639902595e-01
-3.924543909379846901e-02 6.300589330898583862e-01
-3.449380997281375344e-02 6.720823205158561464e-01
-3.785707510875156029e-02 6.422232331201591649e-01
-3.491082772656411287e-02 6.683508782791980352e-01
-2.141199694154760289e-02 7.927741870096709498e-01
-3.534988300388663268e-02 6.644309958565007834e-01
-5.157628112948980936e-02 5.266336369317881072e-01
-6.657535871153502649e-02 4.135593169847826545e-01
-8.157782668182211872e-02 3.161220433656770634e-01
-9.269490972692298603e-02 2.544424073274612064e-01
-1.026660415462708614e-01 2.066487438305164570e-01
-9.882642686234993645e-02 2.242256850570734650e-01
-1.121150535763703326e-01 1.676580703462308974e-01
-1.187110539009338245e-01 1.438766542029980833e-01
-1.321047826504522793e-01 1.035699091006376527e-01
-1.323438050215043349e-01 1.029411632981158953e-01
-1.343271821429999069e-01 9.783916210838480843e-02
-1.366597692534083919e-01 9.209712573601332164e-02
-1.342288608839855846e-01 9.808727825507028431e-02
-1.354900853099622882e-01 9.494205967250320122e-02
-1.237864650990174176e-01 1.273921695972576873e-01
-1.033017393416220120e-01 2.038369592342392789e-01
-8.549711548942706685e-02 2.933533872621481575e-01
-8.539540384217088331e-02 2.939301380205848746e-01
-9.244741138526627044e-02 2.557183288774400043e-01
-1.197349511499794378e-01 1.404270271280778359e-01
-1.534015063917762156e-01 5.834033175587122894e-02
-1.646474241900682534e-01 4.197417703273463585e-02
-1.787226209762031448e-01 2.707912621575549184e-02
-1.866459582974598352e-01 2.088326147803050772e-02
-1.927469619387099653e-01 1.698537982546659622e-02
-1.900176994040023715e-01 1.864317902113553013e-02
-1.857051255603401896e-01 2.154833606474006527e-02
-1.731556034830480373e-01 3.231861437574647805e-02
-1.627861010452800739e-01 4.438137245793515040e-02
-1.425573496001461271e-01 7.877035209563162943e-02
-1.217369754068053089e-01 1.338644140815297978e-01
-7.897570370618475777e-02 3.318566134822770186e-01
-4.408013272670907590e-02 5.884849753473919698e-01
-2.327501528045669739e-03 9.772206638973327530e-01
4.325965877217585048e-02 5.954514215504143060e-01
8.391888976283527757e-02 3.023874064202121126e-01
1.073074830493947196e-01 1.867513289863456660e-01
1.120082563467513503e-01 1.680658161265667916e-01
1.119743524643326132e-01 1.681954132510508904e-01
1.069447115075143062e-01 1.882540926331411901e-01
9.462404063654861197e-02 2.446474758105117997e-01
9.781778636039277497e-02 2.290135575799733536e-01
9.114889268862901017e-02 2.624846359290368136e-01
9.004871170414127657e-02 2.683124334867212357e-01
8.405959087487299697e-02 3.015746502937521889e-01
7.077944013145728852e-02 3.846258648928269075e-01
6.291712979855428045e-02 4.397439876622124544e-01
5.529384183670331410e-02 4.972280026061692837e-01
5.665847310405711101e-02 4.866553429578348577e-01
4.459038615711092418e-02 5.841714237577502189e-01
3.609237802885677943e-02 6.578226827522635212e-01
1.407858717437675961e-02 8.628692004637488200e-01
-5.495819340075791190e-03 9.462453172896141407e-01
-5.767050399425615106e-03 9.435966790662752013e-01
2.827583793721906175e-03 9.723281132334482546e-01
1.697058834469424710e-02 8.350664781003489523e-01
2.178663484227454442e-02 7.892323972156932710e-01
3.336311549414918559e-02 6.822397865320981580e-01
5.100161032249236892e-02 5.312564302808795436e-01
5.695852246346286285e-02 4.843469103384442365e-01
7.155922942708801970e-02 3.793972126458935445e-01
7.861462735842529581e-02 3.340789044632581639e-01
8.391041379223058982e-02 3.024364136598494124e-01
9.479695043688411704e-02 2.437825212193175661e-01
1.017608078856908210e-01 2.107006771438835191e-01
9.514955081403890513e-02 2.420252882619997048e-01
8.823654918886028597e-02 2.781022757823700675e-01
8.924010410845462093e-02 2.726514283784328141e-01
8.939945235582263949e-02 2.717926261019198986e-01
7.086589503162503412e-02 3.840440253692928296e-01
4.865885204735826558e-02 5.503105408683854893e-01
3.420562697225457138e-02 6.746656479097461467e-01
2.727397821174565654e-02 7.378845054913434343e-01
1.999311946232383910e-02 8.062259482396563204e-01
2.139843538858010943e-02 7.929024764896273059e-01
2.116958418225369301e-02 7.950681958663883275e-01
1.635014729643152753e-02 8.410152470229671495e-01
2.301904096819530274e-02 7.776121074140582845e-01
1.587040736020652390e-02 8.456211656559637913e-01
1.236135552986819021e-02 8.794603147221095041e-01
-4.560072185318901476e-04 9.955364645877388119e-01
-1.799448559373982570e-02 8.252699375693859363e-01
-2.381069662267259676e-02 7.701733462160219590e-01
-2.195784944848911888e-02 7.876151809387138547e-01
-1.059496325585246486e-02 8.965811690300997672e-01
9.559199647960330351e-03 9.066431056098840369e-01
2.819785900765598916e-02 7.293451757710308625e-01
4.022187090745783095e-02 6.215626632240514038e-01
6.121685009525508481e-02 4.522277218277704902e-01
7.329849859516876509e-02 3.678919742904543932e-01
7.689570051979578713e-02 3.447881462355240068e-01
8.300687532577150085e-02 3.076905866986176519e-01
7.238817935222592592e-02 3.738866462830902071e-01
6.233567821507310369e-02 4.439909162306805435e-01
5.955895024497928625e-02 4.645889038070138977e-01
5.216112310121286816e-02 5.219499951229281676e-01
4.559902665906807873e-02 5.756877848015891086e-01
1.344288937902560904e-02 8.690044454838257160e-01
-5.414450022270844362e-03 9.470400248018225886e-01
-1.765375157543161433e-02 8.285271338840987099e-01
-1.453459439290864623e-02 8.584732008665767466e-01
-2.739772738257400739e-02 7.367388196601868389e-01
-2.978117031661057720e-02 7.147883181997658486e-01
-7.340190543654588270e-03 9.282476601869544819e-01
1.109843590977057509e-02 8.916960189157179251e-01
2.269186850285457788e-02 7.806923169837149956e-01
2.578390257944256081e-02 7.517244237450763089e-01
3.672129504772417979e-02 6.522458393887367034e-01
2.796900780132957620e-02 7.314573748777591922e-01
4.012524484256445659e-03 9.607397021374792789e-01
-2.710445879965201268e-02 7.394548738199904214e-01
-4.214761142884158179e-02 6.049525239384431208e-01
-6.102359796546833609e-02 4.536590514910348038e-01
-6.867739942149614363e-02 3.989362781078624742e-01
-7.936390315987917887e-02 3.294779663089736355e-01
-8.687022272738553763e-02 2.856408516512822793e-01
-9.397308609410903735e-02 2.479228922414294656e-01
-9.215414280234429656e-02 2.572358979897631515e-01
-8.166258638786892676e-02 3.156178074542916323e-01
-7.526492377545498935e-02 3.551462813394755669e-01
-7.329002262456409122e-02 3.679475158542458990e-01
-6.045740312907558339e-02 4.578671285948985314e-01
-5.524298601307523621e-02 4.976243423525724685e-01
-5.252219944897230930e-02 5.190689802310084477e-01
-5.241709741347425761e-02 5.199067459031445626e-01
-6.079813714738379476e-02 4.553321292939008780e-01
-7.212372906935983485e-02 3.756392686643577061e-01
-7.549207978766046823e-02 3.536919233101669668e-01
-7.073027950195012736e-02 3.849569527231168076e-01
-6.719919014803962809e-02 4.091871309745017671e-01
-6.502425609087822411e-02 4.245483414254199728e-01
-5.273240351996842656e-02 5.173955217765356940e-01
-3.855040950421455281e-02 6.361363653269502816e-01
-3.023039675865872578e-02 7.106765317271683813e-01
-1.749101293982171720e-02 8.300838439457963736e-01
-1.983546640907675115e-02 8.077241765404086227e-01
-3.660771704162144730e-02 6.532515665288585183e-01
-6.032517798764253786e-02 4.588529672996747300e-01
-8.078447583322388714e-02 3.208670595466292519e-01
-1.081855936040397592e-01 1.831501546439804340e-01
-1.206215376752291651e-01 1.374912067163659990e-01
-1.315029887375198658e-01 1.051663055742612790e-01
-1.573801269936139502e-01 5.203484973805089231e-02
-1.684650013504170041e-01 3.737813221645985146e-02
-1.579632737712160784e-01 5.115993197721596664e-02
-1.494076290428500708e-01 6.528890299745095105e-02
-1.438473923261786858e-01 7.607307617842512526e-02
-1.381464544974695952e-01 8.857948940819922179e-02
-1.266225248633439937e-01 1.188368640380203789e-01
-1.085704026694923330e-01 1.815881898572829500e-01
-8.807042016500850334e-02 2.790116477849926002e-01
-5.982848611020816915e-02 4.625666836742934329e-01
-2.623821460385351509e-02 7.474961287118152553e-01
1.280888677779539776e-02 8.751311172625348966e-01
5.522433887774493011e-02 4.977697086363088719e-01
7.611082564180224330e-02 3.497493611775006617e-01
8.318317551434888102e-02 3.066607138658605236e-01
7.004881146533370462e-02 3.895642642203939188e-01
3.722476770164229176e-02 6.477951711057943207e-01
1.830809650611306015e-03 9.820808851016380459e-01
-4.583635383599916902e-02 5.737000391311160019e-01
-7.998264901402096783e-02 3.257093369720566178e-01
-1.058886055701709489e-01 1.926792114068760498e-01
-1.199298984738870893e-01 1.397774241818713625e-01
-1.276159086182127311e-01 1.159480006536887237e-01
-1.285296182493974315e-01 1.133393604892205114e-01
-1.272548322704532830e-01 1.169916603861505533e-01
-1.368513261890741961e-01 9.163774475475301717e-02
-1.337915008007840023e-01 9.919700272535832142e-02
-1.176583383518323422e-01 1.474900573840675633e-01
-1.155630784183549475e-01 1.548857132518488555e-01
-1.155223937594524741e-01 1.550320281631073771e-01
-1.151002904233393298e-01 1.565561821599510406e-01
-1.116912550461362230e-01 1.692804499247919925e-01
-1.085737930577341942e-01 1.815744716807387860e-01
-9.892983370372704366e-02 2.237388612895475082e-01
-1.106639674088487763e-01 1.732614286351300825e-01
-1.090433618292335760e-01 1.796818513792276806e-01
-1.105792077028019404e-01 1.735929600676253959e-01
-1.171226570096164238e-01 1.493549250384298144e-01
-1.459511282302607682e-01 7.183492490911005945e-02
-1.620334348555843296e-01 4.538699563506479184e-02
-1.625419930918652611e-01 4.470546094077540444e-02
-1.657815090569746963e-01 4.056185257978325159e-02
-1.672800606598824902e-01 3.875700389669893553e-02
-1.563986095975917756e-01 5.353541957921077038e-02
-1.426692324121279221e-01 7.853341321887581661e-02
-1.095417489007888961e-01 1.776890007009357675e-01
-7.726186244991806173e-02 3.424889068545918791e-01
-3.382251310092294211e-02 6.781058354208790995e-01
-3.368350718300615592e-03 9.670386900035360389e-01
6.662112895280031298e-04 9.934789623007826975e-01
-6.889268907485508221e-03 9.326448196075868280e-01
-1.150867288703718259e-02 8.877185242829933598e-01
-2.810123294276261133e-02 7.302367462153380728e-01
-3.092542634824264544e-02 7.043313307954128799e-01
-4.106268719144228613e-02 6.142861843993372428e-01
-5.002517850883300699e-02 5.391575266194383875e-01
-5.369866416890216321e-02 5.097387337613019653e-01
-5.021334505625694999e-02 5.376303968648190601e-01
-4.949288755485897751e-02 5.434891350677650834e-01
-4.853679807065084534e-02 5.513122850022267318e-01
-4.981836482607876482e-02 5.408384720763275144e-01
-4.864698568851170968e-02 5.504078937053094034e-01
-3.984384261848901432e-02 6.248461777132682249e-01
-3.479385933221949834e-02 6.693966888631096568e-01
-2.859622962607603902e-02 7.256732394684647369e-01
-2.165780008908337745e-02 7.904499058895602115e-01
-1.809280685275413761e-02 8.243306008470736579e-01
-1.967442296758779505e-02 8.092553459840061691e-01
-1.646881088489707268e-02 8.398767981518262538e-01
-2.004906086831473658e-02 8.056944877363928503e-01
-2.904715126224511820e-02 7.215244441063735081e-01
-3.240194042757824772e-02 6.909195294094796491e-01
-1.768087468136659776e-02 8.282677468420556188e-01
-2.508887298985863963e-04 9.975442170271646702e-01
1.934046972576332693e-02 8.124328066478918586e-01
4.215439220532532505e-02 6.048943869453522471e-01
6.018108648736294336e-02 4.599286184507993536e-01
7.238817935222592592e-02 3.738866462830902071e-01
8.161851134072457825e-02 3.158799448264975052e-01
9.934346106923552799e-02 2.217990507576431680e-01
1.064598859889265281e-01 1.902762224968181648e-01
1.070413375724077049e-01 1.878529635793683705e-01
1.084703862163570731e-01 1.819932186706672561e-01
1.076058372146795061e-01 1.855220011013323234e-01
9.293562729209596529e-02 2.532056554732093900e-01
8.211520321815894696e-02 3.129340453742189276e-01
7.914013753591558897e-02 3.308477261021695037e-01
6.267302184513943997e-02 4.415241371477734988e-01
5.054221271571859853e-02 5.349665340731700747e-01
3.920305924077506499e-02 6.304288048684002499e-01
2.924887936263655466e-02 7.196710185264737492e-01
1.947608525543823715e-02 8.111420954047365850e-01
1.631115783164998820e-02 8.413893807695895788e-01
-1.424471619822852489e-02 8.612671896618985246e-01
-4.624489561914484070e-02 5.702858399263616151e-01
-6.847228093286283901e-02 4.003494859332287215e-01
-9.689051517624056031e-02 2.334783383051076688e-01
-1.220115968543969975e-01 1.329828367587497506e-01
-1.155885063301689969e-01 1.547943191712970457e-01
-7.711438056139657826e-02 3.434138194914390096e-01
-2.601614417401084886e-02 7.495620137272518413e-01
8.709907393371197834e-03 9.149047203935620765e-01
2.334960382177790270e-02 7.745034889832808078e-01
3.361569941816870688e-02 6.799656981663314559e-01
2.742485048850899429e-02 7.364877877236282178e-01
3.527020888020262340e-02 6.651416552578592878e-01
2.960826051627506519e-02 7.163731626756444371e-01
1.670613806182816991e-02 8.376008973176987116e-01
-3.931155166451498831e-03 9.615352379722690301e-01
-3.602626545814025666e-02 6.584100312490954732e-01
-4.774344722205261377e-02 5.578451700439672756e-01
-4.953357221376145092e-02 5.431574524394765513e-01
-5.416653774628062135e-02 5.060524486789923504e-01
-4.187129478712894870e-02 6.073237128102818572e-01
-3.724680522521446602e-02 6.476006436418917378e-01
-2.437350107082348130e-02 7.648976346346498811e-01
-1.143747473395785585e-02 8.884086353902058697e-01
4.431237432127735701e-03 9.566466363929779781e-01
8.370868569183917071e-03 9.182053640408305295e-01
6.262047082739041932e-03 9.387645259520330798e-01
2.456336281236835839e-03 9.759601217164683984e-01
4.714334850324112917e-03 9.538798945250736017e-01
3.017276015854689075e-02 7.112036187280179611e-01
3.473961312034953147e-02 6.698819181552145841e-01
3.046941912971075708e-02 7.084921350312002319e-01
4.460225251595748008e-02 5.840712821903051299e-01
5.574984905523521633e-02 4.936816076587711155e-01
6.818748832054552511e-02 4.023165570483300257e-01
9.159981432479807895e-02 2.601212401225642123e-01
1.169870414799415309e-01 1.498298572968046471e-01
1.238813959697898509e-01 1.270983264799288859e-01
1.231338153624569054e-01 1.294265252524469667e-01
1.175651026751808464e-01 1.478133659483496232e-01
9.778388247797405175e-02 2.291757364531114560e-01
7.079639207266663625e-02 3.845117366647632373e-01
4.036426721361648789e-02 6.203277505600139907e-01
2.062542686943311457e-02 8.002240492481791367e-01
-1.201045034683435701e-02 8.828573028163170244e-01
-2.832669376084714918e-02 7.281569787397015325e-01
-6.636684983465984677e-02 4.150267556274040981e-01
-8.782631221159367674e-02 2.803514967853634188e-01
-1.131457316018996545e-01 1.637607371345638774e-01
-1.278447598245391337e-01 1.152902863119522198e-01
-1.205181308338520441e-01 1.378311919777774619e-01
-1.115692010694288167e-01 1.697498503231179290e-01
-1.112623709335393146e-01 1.709341367624217511e-01
-1.025253404342331559e-01 2.072748355446143997e-01
-1.062123876472697986e-01 1.913145835702014796e-01
-1.115302116046472808e-01 1.699000010845747033e-01
-1.191518043723772957e-01 1.423839114826760399e-01
-1.198909090091055812e-01 1.399071612793321429e-01
-1.140001094388515962e-01 1.605816224206056686e-01
-1.085517555341620199e-01 1.816636534385429602e-01
-1.007623385484592987e-01 2.152355852867910702e-01
-9.811614052567758926e-02 2.275898703086093877e-01
-9.413751992383985467e-02 2.470926545866093949e-01
-9.304920529819871167e-02 2.526235592971476929e-01
-8.733809630476399577e-02 2.830441572629384672e-01
-7.879770832348642617e-02 3.329509243196044910e-01
-6.237297248573369507e-02 4.437178245748644168e-01
-6.422581965991717989e-02 4.302702275529607379e-01
-5.710600435198433245e-02 4.832144150382864378e-01
-5.307652792651851997e-02 5.146618890948979619e-01
-4.883345704181471514e-02 5.488790346887844063e-01
-5.209501053049634539e-02 5.224783852061354317e-01
-5.148813103520111234e-02 5.273414152307118741e-01
-5.585156070249139293e-02 4.928924226360297256e-01
-5.777391083563326174e-02 4.781035097656372024e-01
-5.741622487611568182e-02 4.808369229120064148e-01
-6.108123456558016418e-02 4.532318991220645188e-01
-6.229838394441249844e-02 4.442641028681784121e-01
-6.214242608528635498e-02 4.454075482723822699e-01
-6.571420009809933460e-02 4.196396064239721335e-01
-6.413258398326568410e-02 4.309412659712082982e-01
-6.754670494283158966e-02 4.067633932811487441e-01
-6.936734342871726799e-02 3.942046253742675921e-01
-6.905034212810216843e-02 3.963744387094061405e-01
-7.688552935507017572e-02 3.448521528276865533e-01
-7.278824516476690987e-02 3.712447826710213450e-01
-7.179147102165631122e-02 3.778483881288341450e-01
-6.008446042246957247e-02 4.606507193773693443e-01
-5.426994458765772855e-02 5.052396040397147958e-01
-5.027098165636878502e-02 5.371630580638595553e-01
-4.407843753258813141e-02 5.884993303305301460e-01
-4.146105780986233946e-02 6.108516814316367061e-01
-3.881994536944344265e-02 6.337765984818539700e-01
-2.959469896330757521e-02 7.164975154754184006e-01
-2.093225700532259925e-02 7.973157794683015664e-01
-1.646542049665520105e-02 8.399093206724004279e-01
-1.001181647825034708e-02 9.022442335506730693e-01
-3.164927423788248522e-03 9.690282856539254031e-01
8.096247121592221527e-03 9.208799114286818632e-01
8.616671716719693369e-03 9.158122550124945249e-01
1.345136534963029158e-02 8.689225899899749583e-01
1.420742192756792310e-02 8.616267757951122652e-01
1.494144098193338210e-02 8.545547788834187974e-01
1.222743519431421406e-02 8.807564940859365921e-01
1.685192475622869848e-02 8.362035093982012057e-01
1.620266540791006141e-02 8.424306349672889827e-01
2.031859673354362295e-02 8.031350638304401990e-01
4.064058385532912099e-02 6.179344553720336197e-01
4.260192345325252566e-02 6.010628436731535462e-01
4.577363165352452828e-02 5.742250587579443843e-01
4.936235760754687646e-02 5.445539567936367176e-01
5.645504980954475088e-02 4.882237239747595492e-01
6.990980554741692277e-02 3.905081252682549575e-01
7.541410085809738262e-02 3.541907598991308470e-01
8.838572627150267924e-02 2.772874007882795699e-01
9.309836592770587282e-02 2.523718937295298947e-01
1.090264098880242144e-01 1.797499234597307038e-01
1.190450071427582995e-01 1.427445292926692588e-01
1.243594407118939066e-01 1.256265456375458833e-01
1.324116127863417813e-01 1.027633439837746243e-01
1.435965035962801228e-01 7.659171911688592016e-02
1.490635046362999983e-01 6.591796773987111668e-02
1.441898215386078763e-01 7.536978005632771760e-02
1.403095221957844363e-01 8.365383995809327899e-02
1.462867766662061531e-01 7.117679531972422036e-02
1.357647067575539768e-01 9.426793536102974491e-02
1.076651690089122926e-01 1.852782403625622965e-01
8.933503497922705427e-02 2.721395804179478350e-01
6.948600701718282702e-02 3.933942297982537806e-01
4.088977739110677412e-02 6.157795212668335516e-01
2.217313910184804185e-02 7.855829383521469866e-01
2.002363295650069416e-02 8.059360496928527073e-01
4.693992520872876210e-03 9.540786843708811693e-01
