-6.987590166499819261e-03 9.316858623454963295e-01
-8.530216816551937364e-03 9.166538842234013273e-01
-1.341576627309062734e-02 8.692663924003903864e-01
-1.660273122045104882e-02 8.385923756193744971e-01
-2.018806678623152537e-02 8.043742740695430937e-01
-2.425314228823699861e-02 7.660249758466926018e-01
-2.503971236035148346e-02 7.586665393614226982e-01
-2.672473531656225851e-02 7.429763953795478493e-01
-2.216127274300148595e-02 7.856949141968448957e-01
-2.235113448454636303e-02 7.839038289397637360e-01
-2.481594673638787968e-02 7.607577185816245535e-01
-1.998125310347728320e-02 8.063386936851889564e-01
-1.725199056876968937e-02 8.323714578066716552e-01
-1.500077277616615468e-02 8.539836365829516218e-01
-1.191721467018285428e-02 8.837602455628796871e-01
-5.743317681732504169e-03 9.438284106868581880e-01
-6.879097742759889000e-03 9.327440276308843758e-01
-5.977254470421728035e-03 9.415444075097534338e-01
-1.861323144788161075e-03 9.817822841514609600e-01
-2.347843857496906880e-03 9.770216270970701888e-01
-9.116753982395930239e-03 9.109458696531251842e-01
-1.773342569911562361e-02 8.277652372301310679e-01
-4.289180164793265221e-02 5.985868540785692637e-01
-6.231364069150092250e-02 4.441523332196233298e-01
-7.346293242489959630e-02 3.668154909474553582e-01
-9.403919866482556011e-02 2.475888533167024952e-01
-1.186974923479663518e-01 1.439227724248532403e-01
-1.313826299549334109e-01 1.054878928496707780e-01
-1.503518521682116471e-01 6.358798754740099812e-02
-1.711891783027618408e-01 3.436417958021744518e-02
-1.811060639102397285e-01 2.506841969205730880e-02
-1.797516038076115430e-01 2.619475752422012124e-02
-1.805212219385166350e-01 2.554956391259102788e-02
-1.746422887271092406e-01 3.084151304258631390e-02
-1.645389317663283335e-01 4.211142070539976995e-02
-1.596313447862174606e-01 4.872435760333990867e-02
-1.455951374648641328e-01 7.253832537900671562e-02
-1.387431628280392237e-01 8.719812821137160053e-02
-1.240085355288600838e-01 1.267056049111572880e-01
-1.092586514825925059e-01 1.788189856372967290e-01
-9.918241762774657189e-02 2.225528820465164925e-01
-9.071661818779021280e-02 2.647640414402243070e-01
-9.366795115234047286e-02 2.494686560838028366e-01
-9.255251342076432908e-02 2.551759624691072870e-01
-9.951467567545012327e-02 2.209995970911483865e-01
-9.430025855944976221e-02 2.462728761063929794e-01
-9.114889268862901017e-02 2.624846359290368136e-01
-1.041171277137924178e-01 2.002708731937156428e-01
-9.613954418066573970e-02 2.371387470937136310e-01
-8.124048305175578244e-02 3.181340876823322561e-01
-6.332906196994182724e-02 4.367492524004938925e-01
-3.574486323406481092e-02 6.609123588754161061e-01
-1.359206646166801272e-02 8.675639926080320752e-01
1.522453840012976192e-02 8.518302981924953388e-01
2.235791526103010976e-02 7.838398825055274965e-01
2.586188150900563601e-02 7.509981428994113584e-01
2.474644377742948875e-02 7.614076047195970087e-01
1.895057507794795440e-02 8.161464011929415729e-01
1.592295837795555669e-02 8.451163726125660025e-01
1.071871242668082265e-02 8.953800748399523002e-01
7.791112179823670054e-03 9.238526688804729048e-01
-7.275773167059005654e-03 9.288756961588586769e-01
-1.479565428753285179e-02 8.559584770284827115e-01
-1.810975879396350269e-02 8.241686713730084213e-01
-2.476509091275978791e-02 7.612332286465850473e-01
-2.773676620676128815e-02 7.336029277566091800e-01
-3.053214131218540475e-02 7.079193166694532913e-01
-4.721963223868327203e-02 5.621788863830664562e-01
-6.931479241096823174e-02 3.945638341555949280e-01
-8.766696396422565818e-02 2.812284508925007032e-01
-1.139339968681350873e-01 1.608259647859100749e-01
-1.285041903375833960e-01 1.134113326287836537e-01
-1.467970300966080222e-01 7.018568712027592471e-02
-1.610620886242877803e-01 4.671282794614394634e-02
-1.642727862893413326e-01 4.244968949847875705e-02
-1.557595214139987361e-01 5.453157236316043266e-02
-1.525539093313079964e-01 5.976176803921724734e-02
-1.522792878837163355e-01 6.022836790817696906e-02
-1.365716191591196949e-01 9.230913669493273632e-02
-1.266699902987302173e-01 1.186975706805805386e-01
-1.131728547078346275e-01 1.636590964345238375e-01
-9.106413298258218825e-02 2.629305173228369541e-01
-7.172535845093978846e-02 3.782889012095356218e-01
-6.129991460718096224e-02 4.516132784944435485e-01
-5.786206092992195876e-02 4.774311663819573726e-01
-5.871813396099483801e-02 4.709283928922224360e-01
-6.345281114077018503e-02 4.358518764552491431e-01
-7.514117460462663156e-02 3.559401508059845121e-01
-7.947917636010286280e-02 3.287737540207515963e-01
-8.576495616053500526e-02 2.918382090575042387e-01
-9.208972542574871134e-02 2.575700639578743512e-01
-9.432060088890098504e-02 2.461705366479821078e-01
-9.038436014008667529e-02 2.665252090602809321e-01
-8.788055842346363666e-02 2.800533792671704991e-01
-7.758225413877503640e-02 3.404850533960247505e-01
-6.447162280745295793e-02 4.285040076623746197e-01
-5.749081341743687845e-02 4.802662275831082184e-01
-4.626523794859608435e-02 5.701160892038020789e-01
-3.544142348641719786e-02 6.636148621473735298e-01
-2.474983416567136385e-02 7.613758990864563092e-01
-1.205452539397870032e-02 8.824305095308608848e-01
-6.219667229715632704e-03 9.391781528346319075e-01
-2.373271769310952330e-03 9.767728330900120604e-01
-9.187952135475257196e-04 9.910066989956280992e-01
4.543120244109537589e-03 9.555531298567911946e-01
-1.452781361642490037e-03 9.857804121983739787e-01
-1.512113155875264127e-03 9.851997468937013780e-01
-8.226777068904322573e-03 9.196085636057285129e-01
-1.501433432913364813e-02 8.538531003973155453e-01
-2.407345171141774334e-02 7.677089611698520999e-01
-3.479385933221949834e-02 6.693966888631096568e-01
-4.420727228577929491e-02 5.874088083132185112e-01
-5.013367093257292684e-02 5.382767567524371355e-01
-6.028788371698193260e-02 4.591312371626407041e-01
-6.167116211966604256e-02 4.488728139793900507e-01
-5.956234063322115441e-02 4.645634368718115637e-01
-6.105241626552425360e-02 4.534454472068213393e-01
-5.825873635422107455e-02 4.744119688942806112e-01
-5.887578701424191902e-02 4.697361510010293895e-01
-6.720258053628150319e-02 4.091634437351956421e-01
-7.130155992070569271e-02 3.811201331950283544e-01
-8.190669434128378112e-02 3.141685315796836631e-01
-8.579377446059092971e-02 2.916754943485108664e-01
-8.495295817660647453e-02 2.964477596823610894e-01
-9.303903413347308637e-02 2.526756496446458389e-01
-1.002758178357505414e-01 2.174703474111114865e-01
-1.153681310944472682e-01 1.555877495697603197e-01
-1.252341608782970850e-01 1.229675806846519948e-01
-1.255816756730890604e-01 1.219233689552437216e-01
-1.306079262416654507e-01 1.075763514211297983e-01
-1.240119259171019450e-01 1.266951451525393235e-01
-1.253918139315441660e-01 1.224930113408276289e-01
-1.298298321401556432e-01 1.097064415759577694e-01
-1.235406619514816395e-01 1.281554448020087167e-01
-1.216691676419678347e-01 1.340827749418481707e-01
-1.179787300406893169e-01 1.463831300961878079e-01
-1.102655967904287299e-01 1.748237071059704217e-01
-1.066022822950851712e-01 1.896806745835933339e-01
-9.919767437483499595e-02 2.224813886831341070e-01
-9.415616705917016771e-02 2.469986257722011358e-01
-8.756016673460666200e-02 2.818172273418456109e-01
-9.121500525934551906e-02 2.621372075366628085e-01
-8.929265512620365719e-02 2.723680034531698602e-01
-9.274576555055108473e-02 2.541807756926642847e-01
-9.740924457724711716e-02 2.309732019957087545e-01
-1.047884245856832430e-01 1.973689874531634192e-01
-1.047053600737573587e-01 1.977263982447919066e-01
-9.598019593329772114e-02 2.379205831236588797e-01
-8.829927137133491977e-02 2.777594614721311528e-01
-7.806368926912098105e-02 3.374879861466086872e-01
-7.164568432725577918e-02 3.788201917881232061e-01
-6.931648760508916929e-02 3.945522437167521268e-01
-6.080830831210940618e-02 4.552565781062682948e-01
-5.633130063871639309e-02 4.891791409760570808e-01
-4.918436222484855180e-02 5.460076383722729521e-01
-3.709593294845112132e-02 6.489328847402912048e-01
-3.050671340037135540e-02 7.081515206306148169e-01
-2.449725024165183909e-02 7.637390513253805580e-01
-2.360727332816023316e-02 7.720828378043635976e-01
-1.438880769850811592e-02 8.598781477252382954e-01
-1.070176048547145931e-02 8.955445943190062374e-01
-3.444634453742754111e-03 9.662926433436369589e-01
5.133047798195402960e-03 9.497887855517131994e-01
9.035384664590981676e-03 9.117374678897238738e-01
1.512621714111545002e-02 8.527763283283217310e-01
2.056270468695847037e-02 8.008188965803499926e-01
2.334112785117321842e-02 7.745831526891140406e-01
1.968459413231341340e-02 8.091586190881360219e-01
1.308011783714522341e-02 8.725091522985204406e-01
2.897086752680298402e-03 9.716482090598126398e-01
-1.056614495579654735e-02 8.968609096861095420e-01
-2.263084151450086429e-02 7.812672426701400274e-01
-3.661110742986331545e-02 6.532215357786688159e-01
-4.834354594086410356e-02 5.529001927500160063e-01
-5.757218273524183222e-02 4.796440679818070318e-01
-6.212038856171417378e-02 4.455692558786716884e-01
-6.181864400818749827e-02 4.477867350141492286e-01
-6.113039519508732533e-02 4.528677409527877007e-01
-5.883849274358132070e-02 4.700180374903407676e-01
-5.759422025881401341e-02 4.794756413669195583e-01
-5.387157396923768216e-02 5.083747920860726133e-01
-4.357835526691189454e-02 5.927410229078529103e-01
-3.794353000891931976e-02 6.414629243570395545e-01
-3.554313513367338140e-02 6.627085101326495309e-01
-2.740281296493682003e-02 7.366917490524259593e-01
-1.657899850275794049e-02 8.388199638706139716e-01
-3.624325030562011978e-03 9.645354055810476668e-01
8.213215515936832592e-03 9.197406422767768763e-01
2.362592046349053232e-02 7.719077439771708793e-01
3.618391851138734461e-02 6.570097761870670183e-01
5.179665636521153804e-02 5.248662948118572036e-01
6.838413083857416974e-02 4.009577288907275605e-01
8.654644065028668787e-02 2.874471439809269113e-01
1.065073514243127378e-01 1.900775552342319485e-01
1.236305072398912602e-01 1.278760474215596132e-01
1.353239562861105194e-01 9.535171585311097431e-02
1.391076295640405469e-01 8.636290146689361291e-02
1.477768522985092592e-01 6.831393813197800258e-02
1.431506675424738251e-01 7.752040166713157487e-02
1.322098846859503518e-01 1.032930680817857605e-01
1.222794375255049637e-01 1.321273196948378470e-01
1.119811332408163496e-01 1.681694878859940900e-01
9.356793469920522688e-02 2.499767710656161102e-01
7.719235949095966387e-02 3.429245885956228035e-01
5.901140254391683271e-02 4.687118894269494129e-01
3.198831306206977032e-02 6.946672244847080790e-01
5.848419717230560850e-04 9.942754104490858502e-01
-2.558047928493019721e-02 7.536200929063169296e-01
-4.701620894417089802e-02 5.638662128329222645e-01
-6.541754112693547174e-02 4.217461816569741950e-01
-7.092353163173688302e-02 3.836564287793748917e-01
-6.436991116019677439e-02 4.292343503013912320e-01
-7.118798191460294633e-02 3.818810860821745257e-01
-7.625152675383996270e-02 3.488567016812810229e-01
-7.892654307667759661e-02 3.321586214318840158e-01
-8.839081185386549189e-02 2.772596493735655088e-01
-9.160659510128184302e-02 2.600858119789448142e-01
-9.127942263594110428e-02 2.617989902206914743e-01
-8.727876451053122320e-02 2.833725686241225783e-01
-8.562764543673917483e-02 2.926143260236192534e-01
-9.141842855385788613e-02 2.610701704376527377e-01
-9.320007757496202860e-02 2.518517557533187512e-01
-9.757537360109887203e-02 2.301749157742624396e-01
-9.691255269981273457e-02 2.333715245807590211e-01
-9.095394536472131697e-02 2.635109366362349825e-01
-8.622943934967157442e-02 2.892229853771992043e-01
-8.365613467409013793e-02 3.039090631308758450e-01
-7.952494660136813498e-02 3.284944084550032173e-01
-7.903503550041753034e-02 3.314923551907474897e-01
-7.580738589415463025e-02 3.516793742063426542e-01
-6.594305130442575102e-02 4.180187264856343177e-01
-6.809594783801496687e-02 4.029500464333789500e-01
-6.935547706987071903e-02 3.942857199043575678e-01
-6.993353826511002069e-02 3.903468809445279630e-01
-6.551586238594976630e-02 4.210473231757611012e-01
-5.945723859772310965e-02 4.653532693401257747e-01
-6.014887779906515075e-02 4.601692490426888549e-01
-5.350710723323635898e-02 5.112519781314082135e-01
-5.269002366694501560e-02 5.177326899239664826e-01
-5.412924347562001609e-02 5.063457728108137212e-01
-5.401566546951727665e-02 5.072396231526195010e-01
-5.125419424651189021e-02 5.292220762121820909e-01
-5.536503998978264257e-02 4.966734067616760395e-01
-5.610753501475279625e-02 4.909092724125013740e-01
-5.887239662600004392e-02 4.697617732224457221e-01
-5.898427943798185275e-02 4.689166437942678956e-01
-6.398679728886515206e-02 4.319917296765977133e-01
-6.663808089400967416e-02 4.131184880615526023e-01
-7.132529263839880451e-02 3.809612446006170883e-01
-7.866548318205338064e-02 3.337653322066658212e-01
-8.641252031473271866e-02 2.881964751305234884e-01
-8.621757299082503934e-02 2.892896024901702723e-01
-8.097433757476875382e-02 3.197273280530431028e-01
-8.031660225584544288e-02 3.236868870757727557e-01
-8.159986420539429297e-02 3.159908916920331490e-01
-8.601414969631267227e-02 2.904332014336008516e-01
-8.595820829032176091e-02 2.907482183912487583e-01
-8.623622012615532462e-02 2.891849230493902523e-01
-8.540218461865463351e-02 2.938916645632158597e-01
-8.470037425258694630e-02 2.978914085331612616e-01
-8.522079884771442682e-02 2.949219812822949094e-01
-7.847562144050851396e-02 3.349369612233877858e-01
-7.265941041157573943e-02 3.720942977265788709e-01
-7.381553280205437051e-02 3.645137181034364682e-01
-7.579890992354995638e-02 3.517333808861932143e-01
-6.848584248583033940e-02 4.002559588466556573e-01
-8.056579579162308213e-02 3.221830386393045309e-01
-8.295940989038529112e-02 3.079682469184438220e-01
-8.849082830700073787e-02 2.767142522286945572e-01
-8.965373147396310527e-02 2.704259983819313762e-01
-9.112346477681496082e-02 2.626183460287213611e-01
-9.883151244471274910e-02 2.242017253913993480e-01
-9.803307601375171876e-02 2.279856090005438762e-01
-9.755503127164764920e-02 2.302725606192262409e-01
-9.846365532046953695e-02 2.259394851752468125e-01
-9.516989314349012796e-02 2.419241793232893567e-01
-9.363913285228456229e-02 2.496149887529252043e-01
-9.700917876470610546e-02 2.329035924274401037e-01
-9.233044299092166285e-02 2.563228620434259142e-01
-8.585480144894463983e-02 2.913311213251545406e-01
-7.994365954923943196e-02 3.259459897629395364e-01
-7.559040104667476279e-02 3.530635823910022175e-01
-7.456650379762917724e-02 3.596412509032588245e-01
-7.329510820692688999e-02 3.679141902956953869e-01
-7.019120777149234769e-02 3.885988080402200673e-01
-5.303584326761603962e-02 5.149846893982854557e-01
-5.741622487611568182e-02 4.808369229120064148e-01
-4.943016537238432984e-02 5.440006745765018081e-01
-4.291892475386763911e-02 5.983554170758004220e-01
-3.692302314811560932e-02 6.504610913347819157e-01
-3.092034076587983973e-02 7.043776858191489465e-01
-2.544994933761809616e-02 7.548372562363019345e-01
-2.590934694439185615e-02 7.505561657733886838e-01
-2.281900806192480730e-02 7.794949366486282338e-01
-2.042878435140449075e-02 8.020893584033322865e-01
-1.205113500573682869e-02 8.824633385854718792e-01
-1.229354776503073510e-02 8.801165683241565230e-01
-1.937267841406111607e-02 8.121262169031222555e-01
-1.646372530253426350e-02 8.399255820341622325e-01
-2.000498582117039154e-02 8.061132067811515034e-01
-2.012025902139406505e-02 8.050182119820404880e-01
-2.411413637032021329e-02 7.673275860684841687e-01
-1.874376139519371570e-02 8.181178869461717129e-01
-1.387685907398532661e-02 8.648152495114572735e-01
-1.720791552162534085e-02 8.327934414447752953e-01
-1.449221453988523700e-02 8.588815701089633770e-01
-6.985894972378882579e-03 9.317023952636694917e-01
4.509216361690810250e-04 9.955862432875399737e-01
5.295786433805296615e-03 9.481990665630257720e-01
2.002024256825881907e-02 8.059682593394335015e-01
3.207307276811658531e-02 6.938986484280333933e-01
4.287484970672329060e-02 5.987315226179128480e-01
4.975903303184599225e-02 5.413211887294517854e-01
4.925725557204882477e-02 5.454120909289414953e-01
6.441059581909924781e-02 4.289421273270327406e-01
6.385457214743212040e-02 4.329457446014081112e-01
5.496666937136259617e-02 4.997806952527726887e-01
4.703994166186401676e-02 5.636692336812825221e-01
4.019474780152285098e-02 6.217980045011872736e-01
4.260531384149440770e-02 6.010338582825331954e-01
3.867924425740571631e-02 6.350079684033030913e-01
4.631948416046604428e-02 5.696635372472793613e-01
3.759940560236923329e-02 6.444914517534842124e-01
2.797917896605519109e-02 7.313634564245727887e-01
2.334960382177790270e-02 7.745034889832808078e-01
8.894683552553262276e-03 9.131064773731112361e-01
-6.051843011742929004e-03 9.408162737719518720e-01
-1.365139825590078529e-02 8.669912059215165723e-01
-2.975404721067560071e-02 7.150368409587037899e-01
-4.756884222759617808e-02 5.592879529346836964e-01
-5.407838765199192432e-02 5.067459028820420208e-01
-6.307986843416418798e-02 4.385594905076430905e-01
-8.833148005963271931e-02 2.775835324448858166e-01
-1.057140005757145063e-01 1.934180429259895750e-01
-1.140390989036331321e-01 1.604376533339227640e-01
-1.282177025311451446e-01 1.142246838714782720e-01
-1.269971627640709422e-01 1.177408861670938001e-01
-1.322861684213924860e-01 1.030925001124502888e-01
-1.307333706066147738e-01 1.072359940887653018e-01
-1.303994173647902710e-01 1.081439536582880362e-01
-1.337236930359465281e-01 9.936993769103961982e-02
-1.332592098468100006e-01 1.005609534330278443e-01
-1.359867771873966569e-01 9.372559290757195849e-02
-1.339067740010076724e-01 9.890355906538057795e-02
-1.330473105816929180e-01 1.011080281397664649e-01
-1.317996477086837426e-01 1.043769499404311879e-01
-1.269463069404428435e-01 1.178891991541339002e-01
-1.232846876392202362e-01 1.289540402645427963e-01
-1.172514917628075942e-01 1.489047937385219178e-01
-1.120523313938956850e-01 1.678974508510744368e-01
-1.105097047438435565e-01 1.738651658381739906e-01
-1.073057878552737682e-01 1.867583307834403961e-01
-1.081822032157978980e-01 1.831639601152891816e-01
-1.079584375918342942e-01 1.840768100062679380e-01
-1.083585034043752920e-01 1.824470874956186650e-01
-1.062903665768328704e-01 1.909869842942501783e-01
-1.103334045552661902e-01 1.745570547837641540e-01
-1.100384407782232510e-01 1.757191856035014155e-01
-1.121692997882402926e-01 1.674512432962638742e-01
-1.126185262302884238e-01 1.657457440200260090e-01
-1.121692997882402926e-01 1.674512432962638742e-01
-1.115641154870660179e-01 1.697694296175522588e-01
-1.125202049712741292e-01 1.661179126557728869e-01
-1.096688884598591290e-01 1.771832386735280040e-01
-1.064564956006846391e-01 1.902904188066043556e-01
-9.361200974634958927e-02 2.497527678519640693e-01
-8.821790205352997294e-02 2.782042485143956800e-01
-7.771617447432900561e-02 3.396496722601710649e-01
-6.854008869770031320e-02 3.998819805388404980e-01
-6.278320946300029737e-02 4.407200920438072433e-01
-5.574306827875145920e-02 4.937342437924929772e-01
-3.986248975381932041e-02 6.246840369388197978e-01
-3.924882948204034411e-02 6.300293473119447096e-01
-3.712983683086985148e-02 6.486334076386348624e-01
-3.250195688071349370e-02 6.900144450544423158e-01
-2.860979117904353247e-02 7.255483466454581976e-01
-2.250539714955157589e-02 7.824494058050717182e-01
-1.650780034967861201e-02 8.395028086312055216e-01
-1.637218482000369832e-02 8.408037958405670809e-01
-1.858949873018850632e-02 8.195891639929642203e-01
-1.263936736570175565e-02 8.767705366725745408e-01
-7.862310332902997662e-03 9.231589297626215940e-01
-6.162030629603794211e-03 9.397407114453792953e-01
-3.937935942935244689e-03 9.614689418603177273e-01
4.360039279048406359e-03 9.573425463777159861e-01
2.986932041089927336e-03 9.707693388408096258e-01
8.342050269127997825e-03 9.184859839171102269e-01
1.886920576014300757e-02 8.169219309952875374e-01
2.278849456774795224e-02 7.797822608098097241e-01
3.001002152293699363e-02 7.126926016420850329e-01
3.797404350309618176e-02 6.411946688862870669e-01
5.075919756319846599e-02 5.332125494577254488e-01
5.958607335091428009e-02 4.643851898583019056e-01
7.557514429958633873e-02 3.531610377263554312e-01
9.591238816846027471e-02 2.382538252883633356e-01
1.083618937926171533e-01 1.824333216980461025e-01
1.092383091531412692e-01 1.789003854797061588e-01
1.114759653927772931e-01 1.701090704284467237e-01
1.115844578165172407e-01 1.696911224959153641e-01
1.014319402262291725e-01 2.121867269788720867e-01
8.345440657369870840e-02 3.050807140872738854e-01
6.664486167049342435e-02 4.130708473913650147e-01
4.616522149546083142e-02 5.709509264600727274e-01
3.323936632332082780e-02 6.833549823203153295e-01
1.607383065471889444e-02 8.436674785499628237e-01
9.557504453839392802e-03 9.066595862014802387e-01
2.251217792603532088e-03 9.779670643039340971e-01
-1.226133907673294249e-02 8.804283173723914668e-01
-2.327501528045669565e-02 7.752046101731535632e-01
-3.445651570215315512e-02 6.724164183937078043e-01
-3.669925752415200554e-02 6.524409316038362050e-01
-2.806224347798107546e-02 7.305966050145142887e-01
-3.153061064941693921e-03 9.691443514107150881e-01
2.240538069641632990e-02 7.833922979539902354e-01
6.695169180638291251e-02 4.109184803439670519e-01
1.114912221398657449e-01 1.700502503904745832e-01
1.406333042728832861e-01 8.293580564100963559e-02
1.737777397254317013e-01 3.169334377084342957e-02
1.879071827234365111e-01 2.001953812346777065e-02
1.895752537384379488e-01 1.892472476217783514e-02
1.609163019298872899e-01 4.691457610508530801e-02
1.159580586485331466e-01 1.534706320154690662e-01
8.501228997083924710e-02 2.961093207985184272e-01
5.432080041128582726e-02 5.048400942975925787e-01
2.306650640358151941e-02 7.771655236524913635e-01
-3.442939259621817863e-03 9.663092218433541047e-01
-1.825215510012215964e-02 8.228087569524196176e-01
-4.716708122093424965e-02 5.626145476307319315e-01
-6.830784710313202168e-02 4.014845362178399713e-01
-4.954374337848707621e-02 5.430745473780703714e-01
-4.249004064127073071e-02 6.020197119362328264e-01
-4.971156759645977558e-02 5.417075153599331117e-01
-5.917583637364766391e-02 4.674716153795628326e-01
-6.609561877531003327e-02 4.169401709497694286e-01
-6.393085588287425458e-02 4.323952041472374219e-01
-5.185768335356524816e-02 5.243774090928858822e-01
-5.514466475406091389e-02 4.983910711064867272e-01
-6.463436144306285158e-02 4.273369493643331962e-01
-6.772809071377176859e-02 4.055016960821049565e-01
-6.809764303213590442e-02 4.029383097731792374e-01
-6.951652051135967514e-02 3.931860039521919425e-01
-6.556332782133600379e-02 4.207101841863095659e-01
-7.454277107993609319e-02 3.597946115074430740e-01
-8.068276418596770361e-02 3.214787097225451085e-01
-8.921467619664057158e-02 2.727886411646269771e-01
-1.065429505008524125e-01 1.899286540850155802e-01
-1.182533514882810194e-01 1.454393536916851193e-01
-1.212657114411850034e-01 1.353876652253432622e-01
-1.204079432159911589e-01 1.381941770466095509e-01
-1.252663695665948707e-01 1.228705102801768839e-01
-1.104402017848851725e-01 1.741376871639055413e-01
-1.015556893970575164e-01 2.116266660140566080e-01
-9.076577881729737396e-02 2.645041364323352795e-01
-7.325781393626629168e-02 3.681586209359523076e-01
-5.935213656222504408e-02 4.661438401851663027e-01
-3.312748351133901897e-02 6.843638307386626929e-01
-1.989649339743046474e-02 8.071441340479681426e-01
-2.525839240195228066e-03 9.752801168648861374e-01
1.149172094582781925e-02 8.878828288277257341e-01
1.818095694704283116e-02 8.234886485682976209e-01
2.476170052451791975e-02 7.612649324944098517e-01
3.503288170327153311e-02 6.672602767265124468e-01
3.516002126234175906e-02 6.661249730064380259e-01
4.277991883595085726e-02 5.995419563827222298e-01
6.906220848694870351e-02 3.962930873744074933e-01
8.540727020101744615e-02 2.938628116646392896e-01
9.477999849567475543e-02 2.438672265363462099e-01
9.424431715345885086e-02 2.465544618245761044e-01
8.773646692318404217e-02 2.808457232342684295e-01
8.176429803512512418e-02 3.150134150572965197e-01
6.390373277693926768e-02 4.325909058695327492e-01
5.790444078294536279e-02 4.771081067689812993e-01
5.265951017276816054e-02 5.179755206608986917e-01
4.716369083269236762e-02 5.626426603478114075e-01
3.923696312319378821e-02 6.301329001047137890e-01
2.715361942915916690e-02 7.389993559383432054e-01
1.161207972841430368e-02 8.867163702544045289e-01
-1.510587481166421504e-02 8.529720849271499317e-01
-4.614996474837240736e-02 5.710783251510687109e-01
-6.202545769094174044e-02 4.462662210065863055e-01
-8.085228359806134746e-02 3.204597112567784123e-01
-8.446474226977679356e-02 2.992423538776132208e-01
-7.089640852580189612e-02 3.838387976304288296e-01
-5.796885815954094801e-02 4.766172831234373186e-01
-2.718752331157789706e-02 7.386852584882221961e-01
5.824686999537451865e-03 9.430339219868941747e-01
5.634655738580482409e-02 4.890612959853313235e-01
9.663284566985823332e-02 2.347297839026154798e-01
1.277633905067341868e-01 1.155238067019799947e-01
1.543067400523562560e-01 5.685306423703741924e-02
1.679920421906757610e-01 3.792345854941312627e-02
1.553984450662392602e-01 5.510112033643280172e-02
1.583243501189754987e-01 5.062433351991652702e-02
1.594414830446725939e-01 4.899662311404320847e-02
1.596788102216036842e-01 4.865648807128380299e-02
1.578191822709364422e-01 5.137497565829533819e-02
1.560426188321951124e-01 5.408843317112926874e-02
1.716112816388749573e-01 3.391609144094543532e-02
1.795058006600757372e-01 2.640373710062845700e-02
1.840709584277575028e-01 2.274696179981716693e-02
1.788361989823058773e-01 2.698027420064513099e-02
1.823045661537417428e-01 2.410664368201402910e-02
1.945167446009675449e-01 1.598018253158731833e-02
1.892090918083156881e-01 1.916050457737833099e-02
1.919400495371442472e-01 1.746163130923503171e-02
1.950049605077971981e-01 1.571216602564973891e-02
1.775139475679755052e-01 2.815040136141367180e-02
1.761289739711704716e-01 2.942219054910240675e-02
1.694651658817694917e-01 3.624666869148167325e-02
1.427828104182306546e-01 7.829347201793535049e-02
1.069803105840540086e-01 1.881062355214473125e-01
7.360871911930014222e-02 3.658627107517025134e-01
2.836398803150775444e-02 7.278131475023849051e-01
-6.528192559726055805e-03 9.361673274431723257e-01
-4.390044214988981369e-02 5.900074938527546387e-01
-8.061834680937211839e-02 3.218664777719105197e-01
-9.437654229489189639e-02 2.458892553221992405e-01
-1.144917157339231523e-01 1.587734219969544336e-01
-1.306604772594144870e-01 1.074336663553858290e-01
-1.236610207340681084e-01 1.277812645011057457e-01
-1.148409257228360375e-01 1.574982744936152257e-01
-1.161716531077711390e-01 1.527094609924011526e-01
-1.081686416628304115e-01 1.832191896349704141e-01
-1.077550142973219272e-01 1.849095635697555751e-01
-1.113250931160139762e-01 1.706915482507134763e-01
-1.043358077553931951e-01 1.993221949137815030e-01
-9.951467567545012327e-02 2.209995970911483865e-01
-9.893661448021079385e-02 2.237069645844689814e-01
-1.055292244165324383e-01 1.942021543333495026e-01
-1.133169462081142220e-01 1.631199193807040260e-01
-1.204486278748936601e-01 1.380600669567069727e-01
-1.099519858780554915e-01 1.760608903747282739e-01
-1.014183786732616721e-01 2.122481679186110637e-01
-8.028269837342671966e-02 3.238918416821451318e-01
-6.399018767710702715e-02 4.319672836203782840e-01
-5.195261422433768844e-02 5.236173795992660196e-01
-4.725523131522293280e-02 5.618838527202467681e-01
-4.080501768505995219e-02 6.165121253157921366e-01
-2.590087097378717534e-02 7.506350843207891810e-01
-1.856576601249539452e-02 8.198155702604733586e-01
-1.336491044946253558e-02 8.697575811341611285e-01
-2.799782610138549024e-02 7.311912829456691520e-01
-3.154078181414256277e-02 6.987304435495336197e-01
-4.035579124301180709e-02 6.204012276562937966e-01
-5.648556330372160594e-02 4.879882949133825809e-01
-7.598877166509482306e-02 3.505248777735504584e-01
-9.259828366202961514e-02 2.549400183099554962e-01
-1.161021501488127272e-01 1.529568308504436203e-01
-1.097180490893662624e-01 1.769879622317903634e-01
-1.036475589422930499e-01 2.023189760868818188e-01
-1.040747478607690207e-01 2.004551024651328450e-01
-9.779405364269966316e-02 2.291270742966260987e-01
-9.112007438857308572e-02 2.626361775596132153e-01
-8.410875150438015813e-02 3.012910150141140941e-01
-8.899091057267696780e-02 2.739981302302677002e-01
-8.286108863137096880e-02 3.085439222094124578e-01
-7.498691193962142565e-02 3.569313188555341965e-01
-7.511405149869164466e-02 3.561142974979752962e-01
-6.984708336494226122e-02 3.909344638228334778e-01
-5.834180086614695893e-02 4.737810612217587813e-01
-6.017939129324199887e-02 4.599412814802710248e-01
-6.682963782967547839e-02 4.117738796847679739e-01
-6.819426909702927531e-02 4.022696554417695136e-01
-6.245942738590146148e-02 4.430851139042411013e-01
-4.421574825638398265e-02 5.873370959171799743e-01
-2.364456759882083148e-02 7.717326616496695824e-01
-1.934555530812613611e-02 8.123843958470220450e-01
1.557883397140546501e-03 9.847518103749970386e-01
1.553645411838205752e-02 8.488305020789881361e-01
1.888615770135237265e-02 8.167603476246174665e-01
2.848095642585236550e-02 7.267351197831182219e-01
2.496173343078841173e-02 7.593950861281231202e-01
1.367004539123108445e-02 8.668112015133281334e-01
8.820095011232060439e-03 9.138323211475336549e-01
-6.058623788226673995e-03 9.407500822151901865e-01
-2.195784944848911888e-02 7.876151809387138547e-01
-2.751808616516049702e-02 7.356250779436237508e-01
-3.521596266833265654e-02 6.656256790132124568e-01
-3.823001781535757121e-02 6.389461327732537388e-01
-3.159163763777064760e-02 6.982682809108728961e-01
-2.041013721607419160e-02 8.022662993249054519e-01
-3.019140729387718644e-03 9.704542806607477923e-01
1.951337952609883547e-02 8.107872387387090596e-01
5.969626096877513055e-02 4.635581082415523024e-01
8.439862969906027079e-02 2.996221220361092175e-01
1.097926376306874729e-01 1.766919839399593295e-01
1.424268196528340191e-01 7.904750817460849677e-02
1.582853606541939906e-01 5.068194318514389340e-02
1.632488890402957193e-01 4.377234177970340534e-02
1.765612484720092412e-01 2.902009109939653400e-02
1.980342724019105716e-01 1.413504590564166642e-02
2.071866254608461522e-01 1.017907633370395033e-02
2.201650316507351712e-01 6.245694398399325234e-03
2.250183724189760981e-01 5.166682544556312935e-03
2.283477336724951678e-01 4.526230241187371300e-03
2.074832844320100012e-01 1.006909454725378114e-02
1.878529365115665928e-01 2.005604208859927337e-02
1.688040401746043195e-01 3.699129609462951246e-02
1.562121382442887563e-01 5.382450753246066644e-02
1.440050453794257945e-01 7.574862585571308371e-02
1.284550297080762349e-01 1.135505798289500462e-01
1.104503729496107839e-01 1.740977862775608398e-01
1.012183457669911940e-01 2.131559001664332931e-01
8.500720438847643445e-02 2.961383198103152425e-01
8.187109526474410648e-02 3.143796139925160160e-01
6.760942712530622345e-02 4.063268434017237585e-01
5.701276867533282278e-02 4.839301947982882490e-01
4.605672907172089769e-02 5.718571636401572622e-01
4.484975085761418873e-02 5.819844210565184861e-01
4.884532340066127104e-02 5.487818139284340591e-01
6.287644513965180704e-02 4.400403957243310682e-01
6.290187305146585639e-02 4.398551273888315905e-01
6.759586557233873694e-02 4.064212090954482104e-01
7.063026304881488138e-02 3.856310774668153529e-01
7.134224457960816612e-02 3.808477774051204356e-01
8.487497924704341667e-02 2.968929545850294005e-01
1.045883916794127372e-01 1.982304855927125020e-01
1.194637200906296104e-01 1.413346432221007642e-01
1.343254869488789693e-01 9.784343576283290045e-02
1.335100985767085635e-01 9.991623982016138716e-02
1.279786801600930890e-01 1.149067510604348114e-01
1.045477070205102638e-01 1.984060382544328427e-01
8.309333022593926033e-02 3.071852700556631510e-01
6.788235337877698838e-02 4.044304877853155400e-01
4.917588625424387100e-02 5.460769087836483404e-01
3.140516628446764907e-02 6.999634174546842669e-01
2.385646686393787935e-02 7.697439001811483550e-01
4.115931325633565875e-03 9.597287646252261606e-01
-4.865207127087453273e-03 9.524056259773856503e-01
-1.629251069631968904e-02 8.415683268418302498e-01
-2.779440280687312664e-02 7.330702618278223115e-01
-3.709593294845112132e-02 6.489328847402912048e-01
-2.505666430156084853e-02 7.585081876697519210e-01
-8.080990374503793996e-03 9.210285236551269961e-01
1.475496962863037838e-02 8.563502874758177619e-01
3.065758567713469315e-02 7.067741709694714825e-01
4.330881940168301164e-02 5.950329631538113784e-01
5.184751218883963675e-02 5.244588740020357243e-01
4.643645255481065881e-02 5.686882999390019400e-01
3.200017942091631928e-02 6.945596051060713982e-01
2.157473557715749307e-02 7.912351473278640412e-01
1.059496325585246529e-03 9.896295677567662485e-01
-1.500755355264990140e-02 8.539183679952030426e-01
-2.504310274859335508e-02 7.586348682211507821e-01
-3.815542927403636764e-02 6.396009973828533646e-01
-5.237641275457178419e-02 5.202312275468317093e-01
-6.019973362269324946e-02 4.597893378774486894e-01
-5.932331826216913351e-02 4.663607385130138505e-01
-6.829767593840639639e-02 4.015548082583392242e-01
-7.374263945485411142e-02 3.649888311343290059e-01
-8.776698041736090417e-02 2.806778071077737913e-01
-8.785174012340771221e-02 2.802117276356853037e-01
-8.330014390869350249e-02 3.059786819508896194e-01
-8.323233614385604218e-02 3.063739413903078246e-01
-7.001151719467310630e-02 3.898173602860339759e-01
-6.415123111859598326e-02 4.308070102293192205e-01
-6.756535207816187494e-02 4.066335792511798219e-01
-6.687032248857795180e-02 4.114886304362834757e-01
-5.560575755495562184e-02 4.948007650502295185e-01
-6.084051700040719879e-02 4.550173787823695859e-01
-5.323248578564466343e-02 5.134254530609628775e-01
-6.585998679249986665e-02 4.186066233841099216e-01
-6.424107640700560395e-02 4.301604784700726603e-01
-7.237970338162123818e-02 3.739427422576326876e-01
-7.298149729455365164e-02 3.699727461429804798e-01
-7.530730362847840031e-02 3.548746627412749932e-01
-7.629051621862149857e-02 3.486095919656956310e-01
-8.267970286043078987e-02 3.096077914474709702e-01
-8.395448883937493834e-02 3.021816331303459058e-01
-7.993179319039288300e-02 3.260180364863497493e-01
-6.590067145140234006e-02 4.183186137076845279e-01
-6.177795934928503180e-02 4.480861952423127459e-01
-4.815537939344016055e-02 5.544484438909158541e-01
-3.736038323131719852e-02 6.465984570502761875e-01
-4.038969512543054419e-02 6.201073417834451762e-01
-4.807570526975614433e-02 5.551046418255043413e-01
-6.751619144865471378e-02 4.069758690349122299e-01
-1.011352812550653096e-01 2.135336539145939738e-01
-1.175498459280924224e-01 1.478663219935717477e-01
-1.308096543420569080e-01 1.070294333270302573e-01
-1.626826942039029944e-01 4.451841951935494451e-02
-1.810162186218300662e-01 2.514182584339249779e-02
-1.933724885693354489e-01 1.662398914664911867e-02
-1.932453490102652438e-01 1.669689644401487622e-02
-1.897820674211921910e-01 1.879266609349564826e-02
-1.761696586300729450e-01 2.938414470353372179e-02
-1.652712556265728550e-01 4.119227883737073409e-02
-1.656916637685650895e-01 4.067226678590410427e-02
-1.742473084969310693e-01 3.122823745282905100e-02
-1.838098985331332591e-01 2.294366124527861747e-02
-1.804449382030745286e-01 2.561290120909717055e-02
-1.562528229031912297e-01 5.376132400561950409e-02
-1.315928340259295004e-01 1.049267499921612001e-01
-1.104639345025782843e-01 1.740445956125399318e-01
-9.544112420283995535e-02 2.405788713196095052e-01
-6.458689600767662797e-02 4.276771518618850410e-01
-4.740779878610721504e-02 5.606202625830474240e-01
-3.952345092963203965e-02 6.276348538709259905e-01
-3.498202587964343441e-02 6.677146096358425043e-01
-3.569739779867859425e-02 6.613348092859907545e-01
-1.631963380225467247e-02 8.413080443268567965e-01
-1.812840592929380532e-02 8.239905575095247681e-01
-2.020332353331994943e-02 8.042294061305973463e-01
-9.672777654063068054e-03 9.055389969770685221e-01
2.044404109849292089e-03 9.799907329647143950e-01
8.391210898635152043e-03 9.180072854934517856e-01
7.991145086094164629e-03 9.219037397553363489e-01
1.128999284543638626e-02 8.898384170946503913e-01
1.312080249604769336e-02 8.721159764008727944e-01
1.649423879671111856e-02 8.396328878779868443e-01
1.777750074625996865e-02 8.273438313627230478e-01
3.148823079639352651e-02 6.992081277786373894e-01
3.699422130119494473e-02 6.498316531031476107e-01
4.227475098791180774e-02 6.038628683479623227e-01
3.179675612640395221e-02 6.964053504920492133e-01
1.309367939011270993e-02 8.723780901966111667e-01
9.735499836537713989e-03 9.049293426748656888e-01
2.234435370806261978e-02 7.839677768187860440e-01
2.505327391331897344e-02 7.585398572060499944e-01
2.601105859164804315e-02 7.496093449759279048e-01
2.103396865257878279e-02 7.963523244450230187e-01
2.162728659490651892e-02 7.907383375011599602e-01
3.427512993121296231e-02 6.740422612629091148e-01
5.460220263536126606e-02 5.026324567156743583e-01
5.331046471520774210e-02 5.128078097063176743e-01
5.534978324269422545e-02 4.967922212382409608e-01
5.093549775177584615e-02 5.317895598044268812e-01
5.515144553054465715e-02 4.983381732996915447e-01
5.310195583833255545e-02 5.144601917848079520e-01
5.573289711402584778e-02 4.938132035687949895e-01
5.635503335640949796e-02 4.889958330886883253e-01
6.028110294049819629e-02 4.591818417379220918e-01
7.897400851206380634e-02 3.318670246237952481e-01
6.979622754131417639e-02 3.912803491062876171e-01
5.151016855877327966e-02 5.271644256289369501e-01
4.422930980935146916e-02 5.872223644291627576e-01
2.403954782899901318e-02 7.680268163003123316e-01
2.867929413800192340e-02 7.249083844050436820e-01
2.747909670037895769e-02 7.359858074012226581e-01
1.559070033025202091e-02 8.483090183100527870e-01
4.280365155364396212e-03 9.581213409304907280e-01
-1.797244807016765838e-02 8.254805125912345609e-01
-3.924204870555660085e-02 6.300885194552365842e-01
-6.599051673981197463e-02 4.176830016653018118e-01
-7.706352473776849343e-02 3.437331207999646532e-01
-7.000812680643121733e-02 3.898403739270798196e-01
-7.083538153744818600e-02 3.842493195755080082e-01
-6.606849566937503249e-02 4.171317953239996879e-01
-6.656688274093033875e-02 4.136189095998018539e-01
-5.624315054442769607e-02 4.898603195157006374e-01
-4.245613675885200056e-02 6.023098061791429814e-01
-2.339706925716411937e-02 7.740574156886810275e-01
-1.333609214940661633e-02 8.700359435143597553e-01
-2.218670065481553183e-02 7.854549713362679597e-01
-2.428535097653479122e-02 7.657232448058145513e-01
-2.806393867210201301e-02 7.305809577582824677e-01
-3.109664095445722337e-02 7.027713471393474132e-01
-4.040664706663989886e-02 6.199604213652775142e-01
-4.966410216107355197e-02 5.420939781746825226e-01
-6.319005605202504539e-02 4.377585190763993994e-01
-7.605996981817415847e-02 3.500723619858607805e-01
-8.536319515387309764e-02 2.941129326091754814e-01
-9.809240780798447745e-02 2.277028890152079099e-01
-1.097180490893662624e-01 1.769879622317903634e-01
-1.208097042226530943e-01 1.368741879401876305e-01
-1.382752892506607656e-01 8.827977246635101971e-02
-1.471801439679396584e-01 6.944892598557708685e-02
-1.585633724900275543e-01 5.027234717229237676e-02
-1.677920092844052691e-01 3.815610606010882283e-02
-1.682191982028812260e-01 3.766071513233914397e-02
-1.644558672544024491e-01 4.221675179982172649e-02
-1.587600150080561434e-01 4.998429445559481044e-02
-1.518504037711194132e-01 6.096304815774090946e-02
-1.463732315663739403e-01 7.100807199487470245e-02
-1.380023629971900145e-01 8.891566041087527184e-02
-1.270717513053921388e-01 1.175236227073240269e-01
-1.230626172093775700e-01 1.296499574376160091e-01
-1.187585193363200758e-01 1.437153287701563864e-01
-1.191348524311679341e-01 1.424411061221618202e-01
-1.137085360500505321e-01 1.616613263819316471e-01
-1.092061004648434835e-01 1.790293243600084017e-01
-1.091416830882478983e-01 1.792874073644348532e-01
-1.093078121120996671e-01 1.786223819593737994e-01
-1.107995829385236830e-01 1.727319532416341230e-01
-1.149002575170688240e-01 1.572823889105984529e-01
-1.187297010362641375e-01 1.438132599668647260e-01
-1.210436410113423095e-01 1.361100354426744152e-01
-1.255681141201215600e-01 1.219639895813627861e-01
-1.278922252599253573e-01 1.151542359025198303e-01
-1.215132097828416913e-01 1.345860398424142956e-01
-1.163428677139857065e-01 1.521013722140494573e-01
-1.159648394250168829e-01 1.534464240409343927e-01
-1.126693820539165364e-01 1.655534868589472741e-01
-1.113420450572233239e-01 1.706260276383952668e-01
-1.086890662579578781e-01 1.811085065752873202e-01
-1.055444811636208624e-01 1.941373238394225320e-01
-1.021863016100458682e-01 2.087890852870393221e-01
-9.666844474639792184e-02 2.345566073806223950e-01
-9.242537386169409619e-02 2.558321513709356787e-01
-9.116245424159648281e-02 2.624133429116167759e-01
-8.957914293264189476e-02 2.708263915358339324e-01
-8.786360648225427505e-02 2.801465180746338657e-01
-8.693294490986018530e-02 2.852918217793615208e-01
-8.962491317390718082e-02 2.705806480817506410e-01
-9.354081159327023998e-02 2.501146882367610291e-01
-9.471897150732104531e-02 2.441723351337590497e-01
-9.531567983789066001e-02 2.412004263170332563e-01
-9.410870162378394410e-02 2.472380206589400442e-01
-9.536653566151874484e-02 2.409483097821923381e-01
-9.713970871201822732e-02 2.322725203741574096e-01
-9.797374421951893231e-02 2.282685764925280469e-01
-9.854163425003262256e-02 2.255703195196682720e-01
-9.564624269147324609e-02 2.395649532550963023e-01
-9.544620978520275412e-02 2.405536967280880178e-01
-9.435789515956158335e-02 2.459829909652495039e-01
-8.922484736136619687e-02 2.727337504391112999e-01
-8.350865278556866833e-02 3.047653570007614610e-01
-7.875193808222114011e-02 3.332326908921519060e-01
-6.130669538366470550e-02 4.515631405014937094e-01
-4.953357221376145092e-02 5.431574524394765513e-01
-3.804863204441737840e-02 6.405391285921089306e-01
-3.369367834773177167e-02 6.792642112745437277e-01
-3.391913916581631994e-02 6.772375473694680625e-01
-2.625177615682100507e-02 7.473700257810520498e-01
-2.188495610128885285e-02 7.883035883776243757e-01
-2.283256961489229728e-02 7.793672465920502557e-01
-2.322924503919141653e-02 7.756349335150470869e-01
-3.188321102657171169e-02 6.956206904609107955e-01
-3.952684131787390781e-02 6.276053163983836836e-01
-4.527863497021109712e-02 5.783763382026960720e-01
-5.734672191715729089e-02 4.813690361567656284e-01
-6.382914423561807105e-02 4.331293472862651761e-01
-6.352231409972858289e-02 4.353483327572409411e-01
-7.160499966835331964e-02 3.790916643755342097e-01
-7.129816953246381761e-02 3.811428348531774590e-01
-7.241191206991902385e-02 3.737296049799199160e-01
-7.234410430508157741e-02 3.741784016412890157e-01
-7.082012479035976193e-02 3.843519916015621929e-01
-7.358837678984887776e-02 3.659955649589728965e-01
-8.222878122426169334e-02 3.122629339290448613e-01
-8.293567717269217932e-02 3.081071385603664781e-01
-9.364421843464736106e-02 2.495891610268088368e-01
-9.812461649628226312e-02 2.275495160787591731e-01
-1.035831415656974647e-01 2.026011177516235384e-01
-1.107436415325327855e-01 1.729502165096264699e-01
-1.203401354511537125e-01 1.384179146952531636e-01
-1.332202203820284370e-01 1.006614394512325567e-01
-1.415148052157702285e-01 8.100597955659746829e-02
-1.459646897832282408e-01 7.180823847318526520e-02
-1.495178166607109282e-01 6.508851736815388089e-02
-1.515740871294067871e-01 6.144026102778679665e-02
