-1.605348832526765773e-03 9.842872886433802204e-01
-7.747037132679322410e-03 9.242821552001453389e-01
-3.609068283473583581e-03 9.646845985081686781e-01
1.113742537455211226e-03 9.890986335400849816e-01
2.594155563268964876e-02 7.502562988660089749e-01
7.067264290183827846e-02 3.853453442621244118e-01
1.029457485762253627e-01 2.054081430707283829e-01
1.081720320510722727e-01 1.832053811098476870e-01
1.194942335848064585e-01 1.412323141581776909e-01
1.107877165796771202e-01 1.727782344620777955e-01
1.046019532323802237e-01 1.981719930397516927e-01
1.077889181797406642e-01 1.847705799997996778e-01
1.254443649492932022e-01 1.223351367996869804e-01
1.361139167464668620e-01 9.341620860524835201e-02
1.330371394169673205e-01 1.011343466458791002e-01
1.355951873454603329e-01 9.468361121973827010e-02
1.286957472732492003e-01 1.128700188061250997e-01
1.219709121954945380e-01 1.331131593038294147e-01
1.104334210084014223e-01 1.741642915110738488e-01
8.985884996259639601e-02 2.693269897040293515e-01
6.395458860056735251e-02 4.322240067820268816e-01
4.464293717485995350e-02 5.837279997541304777e-01
2.680271424612533371e-02 7.422527884528142827e-01
1.454307036351332877e-02 8.583915315130756785e-01
-1.007114827248311965e-02 9.016678196772646148e-01
-2.622126266264415001e-02 7.476537667835764234e-01
-2.747570631213708259e-02 7.360171779049238250e-01
-1.805381738797260174e-02 8.247030667197813303e-01
9.067593352888774286e-03 9.114241165077101581e-01
2.822159172534910096e-02 7.291262489153123028e-01
3.349534063558221725e-02 6.810489662626957319e-01
3.695523183641340192e-02 6.501763148583421525e-01
3.393948149526755664e-02 6.770548039308994515e-01
3.523800019190483079e-02 6.654290277136838405e-01
5.045914820379272803e-02 5.356387428979330068e-01
5.109993158150667736e-02 5.304640675880876177e-01
5.203228834802169772e-02 5.229799297675210568e-01
5.804683708910401974e-02 4.760234947120741689e-01
5.673814722774113417e-02 4.860417958899860835e-01
5.392242979286577392e-02 5.079739936794129829e-01
7.006576340654306623e-02 3.894492532753713876e-01
8.039458118540851461e-02 3.232158090485797164e-01
9.076069323493456131e-02 2.645310150798189097e-01
1.023761633515907488e-01 2.079401306346183309e-01
1.118166994110855322e-01 1.687990156862353430e-01
1.227083216381018721e-01 1.307662097088532205e-01
1.350018694031325794e-01 9.614993883440033084e-02
1.445729354099394848e-01 7.458916215370367531e-02
1.539473588987177455e-01 5.743973321650023417e-02
1.603755350053085449e-01 4.766927050746501415e-02
1.617588134079926410e-01 4.575861506114634047e-02
1.624368910563672164e-01 4.484560644242018002e-02
1.634760450525012121e-01 4.347596962849334390e-02
1.640880101301592509e-01 4.268587428537861522e-02
1.571377142343200195e-01 5.240217912503785519e-02
1.544338796114264611e-01 5.664670188778005849e-02
1.488804236712388818e-01 6.625465269318825401e-02
1.467139655846821378e-01 7.034626200540483598e-02
1.508265065220738277e-01 6.274673763210845967e-02
1.556544193785006913e-01 5.469685243092681920e-02
1.511774117051076782e-01 6.213068890819652135e-02
1.549797321183679910e-01 5.576772035327939858e-02
1.627708442981916914e-01 4.440157032400889048e-02
1.718723415334991733e-01 3.364144346903295141e-02
1.786039573877375997e-01 2.718273486899771760e-02
1.982004014257623126e-01 1.405270539386898124e-02
2.086105885224326939e-01 9.660659440966464992e-03
2.138029681148609085e-01 7.962256046984547350e-03
2.161287744487856433e-01 7.291450587502747507e-03
2.061118723881724679e-01 1.058644202839371766e-02
1.994345027458040431e-01 1.345404581291230646e-02
1.847541216584948354e-01 2.223907385536631406e-02
1.547000250884135175e-01 5.621671458634300983e-02
1.370801773954006264e-01 9.109131887157589924e-02
1.085839642224598195e-01 1.815333217192468263e-01
8.813992312396691509e-02 2.786309529111996031e-01
6.189153735538777124e-02 4.472504838011569506e-01
5.441573128205826754e-02 5.040947840389006229e-01
5.097109682831550692e-02 5.315024567128032729e-01
5.581596162595172522e-02 4.931685612382489259e-01
5.827399310130949861e-02 4.742960536507746516e-01
5.659744611570340783e-02 4.871255740202555806e-01
4.775361838677823906e-02 5.577611797253435588e-01
2.963029803984723945e-02 7.161711052585828519e-01
1.396161878003214507e-02 8.639974822669416188e-01
-1.118489080993833110e-02 8.908575587778089222e-01
-3.084066664219582699e-02 7.051040563594140886e-01
-4.636525440173133034e-02 5.692818285743685980e-01
-6.086085932985844243e-02 4.548663416372078494e-01
-6.809425264389404320e-02 4.029617832963908741e-01
-6.742973654848696818e-02 4.075782395080698173e-01
-7.857224750540189873e-02 3.343403582994325385e-01
-7.261194497618951582e-02 3.724075774651556259e-01
-6.808408147916843178e-02 4.030322087334266001e-01
-6.138975989559058988e-02 4.509492031135002854e-01
-5.028962879169907724e-02 5.370119035062992374e-01
-3.771976438495570905e-02 6.434315454240580046e-01
-3.716374071328858164e-02 6.483339867815633983e-01
-3.036940267657551110e-02 7.094058857630033410e-01
-4.114405650924723296e-02 6.135839846204809156e-01
-5.641775553888414563e-02 4.885115529398247336e-01
-6.751788664277566521e-02 4.069640631071032022e-01
-7.902486433569191893e-02 3.315547812871558753e-01
-8.708890276898632876e-02 2.844252016510024905e-01
-9.869250652679595337e-02 2.248572751679972781e-01
-1.090128483350567279e-01 1.798043947853465163e-01
-1.184160901238909130e-01 1.448822596726531409e-01
-1.074770024614883634e-01 1.860521184447417042e-01
-1.017116472561836876e-01 2.109223435135987867e-01
-8.654983103852857684e-02 2.874281904802958310e-01
-7.896044695909633371e-02 3.319503212792768165e-01
-7.414440046151603292e-02 3.623749458759381037e-01
-5.362407562758097351e-02 5.103276856133021067e-01
-4.146614339222515211e-02 6.108078912503367430e-01
-3.349703582970316174e-02 6.810337044366507886e-01
-3.196288515025572097e-02 6.948978579542447465e-01
-3.529224640377479766e-02 6.649450600554211999e-01
-3.431581459011543572e-02 6.736774547571401373e-01
-2.724346471756879801e-02 7.381670920940923697e-01
-1.561612824206606853e-02 8.480645954054890634e-01
-6.987590166499819261e-03 9.316858623454963295e-01
2.808936658391605716e-03 9.725105299559666516e-01
1.384634557980847329e-02 8.651096808576606012e-01
1.898108857212480946e-02 8.158556234273208752e-01
3.032363243531022851e-02 7.098241810344082525e-01
3.692810873047842196e-02 6.504161232674084969e-01
3.981841470667497884e-02 6.250673077425223934e-01
4.247478389418230665e-02 6.021502466290085120e-01
4.660766716102522633e-02 5.672622047381585819e-01
3.665687767112859458e-02 6.528161751013046299e-01
2.617040683901605824e-02 7.481267436626211076e-01
2.385646686393787935e-02 7.697439001811483550e-01
1.311741210780582000e-02 8.721487398657155055e-01
-4.502435585207064175e-03 9.559507591220688383e-01
-1.867086804799344968e-02 8.188130270682765222e-01
-1.434642784548470669e-02 8.602866451116740754e-01
-1.566867925981509438e-02 8.475595005982319297e-01
-2.607717116236455551e-02 7.489941116187772696e-01
-3.253755595725315447e-02 6.896924021996401200e-01
-4.506673570509404925e-02 5.801576865516937520e-01
-6.697203413583414922e-02 4.107760154226494098e-01
-8.974018637413085087e-02 2.699624093020294713e-01
-1.100113176722882641e-01 1.758263343424024683e-01
-1.184432132298258861e-01 1.447895682356818980e-01
-1.282838151018616535e-01 1.140365851308077216e-01
-1.259885222621137668e-01 1.207096126060910463e-01
-1.244950562415688133e-01 1.252114223261207582e-01
-1.195145759142576952e-01 1.411641261072829057e-01
-1.155257841476943631e-01 1.550198312864329020e-01
-1.104435921731270476e-01 1.741243861172216967e-01
-1.034492212301434955e-01 2.031885834990239670e-01
-1.021252746216921442e-01 2.090624909092553829e-01
-1.049053929800278367e-01 1.968664888008467562e-01
-1.107758502208305851e-01 1.728245248617607810e-01
-1.080584540449695541e-01 1.836683824317548175e-01
-1.065615976361826978e-01 1.898506922052569934e-01
-1.056716207226910953e-01 1.935976812285895854e-01
-1.028847215878716664e-01 2.056783614741531097e-01
-1.023812489339535614e-01 2.079174249086095660e-01
-1.039170948075219120e-01 2.011415105226808109e-01
-1.056563639756026574e-01 1.936623807009002218e-01
-1.121201391587331314e-01 1.676386722445910860e-01
-1.118963735347695415e-01 1.684937684853077544e-01
-1.121269199352168955e-01 1.676128107052152760e-01
-1.073973283378043264e-01 1.863805084184057548e-01
-1.029932140116116002e-01 2.051981498731871023e-01
-1.005928191363656687e-01 2.160123809302256503e-01
-9.892644331548518244e-02 2.237548108495144017e-01
-1.019065945800913670e-01 2.100443028571365445e-01
-9.421380365928200273e-02 2.467081481377384478e-01
-8.725842218107998649e-02 2.834852256074932852e-01
-8.960457084445594411e-02 2.706898487057532443e-01
-8.344593060309402066e-02 3.051300079886674066e-01
-8.369003855650886115e-02 3.037124378611884001e-01
-8.047764569733439899e-02 3.227144954746726802e-01
-8.046916972672971125e-02 3.227656269074000717e-01
-8.362901156815516490e-02 3.040664236091534245e-01
-8.580564081943747867e-02 2.916085117230878820e-01
-9.015211854551841153e-02 2.677609573858688030e-01
-9.598697670978147134e-02 2.378872768384371617e-01
-1.025355115989587673e-01 2.072295302621727231e-01
-1.177244509225488650e-01 1.472611266907469796e-01
-1.285872548495092804e-01 1.131763555261398047e-01
-1.404875175784827401e-01 8.325849474384976190e-02
-1.510045019047721593e-01 6.243362713083405735e-02
-1.608773124651057262e-01 4.696865484666343238e-02
-1.670664662006444978e-01 3.901005260663598095e-02
-1.736573809428451909e-01 3.181350124219249620e-02
-1.775885361092967019e-01 2.808326046289894365e-02
-1.854898359069812597e-01 2.170306560954171279e-02
-1.856000235248420893e-01 2.162375413356341231e-02
-1.915501548893288331e-01 1.769587717832641835e-02
-1.972612638827635489e-01 1.452374912124053050e-02
-1.963051743985554376e-01 1.501739595590950022e-02
-2.002668430591837689e-01 1.306298927443635960e-02
-1.957661026680976579e-01 1.530212937481285028e-02
-1.944811455244278842e-01 1.599988014556810029e-02
-1.891463696258410265e-01 1.920114677574105352e-02
-1.877766527761244308e-01 2.010747308798667768e-02
-1.802076110261434383e-01 2.581081120074314034e-02
-1.765120878425020801e-01 2.906558278379811275e-02
-1.750881247809155383e-01 3.040989365505619366e-02
-1.677513246255027957e-01 3.820357093331303022e-02
-1.625843729448886721e-01 4.464905422347113101e-02
-1.639439186298796702e-01 4.287081760111006307e-02
-1.630386849692996298e-01 4.404809946595000802e-02
-1.527556374316994536e-01 5.942091325082831527e-02
-1.465054567078069581e-01 7.075065263513130587e-02
-1.354527910393016621e-01 9.503390157484897793e-02
-1.276260797829383564e-01 1.159187070426143523e-01
-1.265309843808134216e-01 1.191058594509487589e-01
-1.170328117212068031e-01 1.496694403191079770e-01
-1.078736778857874723e-01 1.844234559303195020e-01
-8.967237860929340443e-02 2.703259629047066737e-01
-8.156935071121744485e-02 3.161724957355324106e-01
-7.607861695350444375e-02 3.499539066078328764e-01
-7.403760323189705062e-02 3.630686408107469676e-01
-7.237631299337936308e-02 3.739651820908462820e-01
-6.717545743034650241e-02 4.093529642664168744e-01
-6.061166579408078930e-02 4.567184721813997150e-01
-4.862664335906048685e-02 5.505748038104695263e-01
-3.923187754083098250e-02 6.301772820757655102e-01
-3.219851713306588065e-02 6.927617278709155002e-01
-2.632466950402127109e-02 7.466923372880436283e-01
-2.078138472855926150e-02 7.987454672648988119e-01
-2.161881062430184158e-02 7.908184624306870969e-01
-2.328010086281950830e-02 7.751568006845630521e-01
-2.466337926550360438e-02 7.621845164987346433e-01
-3.097797736599167823e-02 7.038523925789919033e-01
-2.648910333375209883e-02 7.451643108028638274e-01
-2.628907042748160686e-02 7.470232772452840564e-01
-1.923028210790245912e-02 8.134818813166526663e-01
-2.539400793162719522e-02 7.553590824200516751e-01
-1.543643766524680980e-02 8.497921593444008881e-01
-2.312244780957242209e-03 9.773699424196751195e-01
1.430743838070317299e-03 9.859960897986397299e-01
1.054071704398250146e-02 8.971077502192208453e-01
1.908280021938099300e-02 8.148865457112232091e-01
1.900143090157604617e-02 8.156617855264476358e-01
1.825724068248497228e-02 8.227601982984640294e-01
2.163067698314839402e-02 7.907062881423611023e-01
2.954723352792135854e-02 7.169328088701949486e-01
2.687730278744653728e-02 7.415608536677223972e-01
2.842501501986146456e-02 7.272506315773012986e-01
2.233248734921606388e-02 7.840796890823695797e-01
1.573309663641067960e-02 8.469404366989663480e-01
6.234923976804059367e-03 9.390292452796068501e-01
-2.783508746577559832e-03 9.727592823246321574e-01
-1.413283338624672300e-02 8.623460331760762765e-01
-2.847078526112674715e-02 7.268288400974480812e-01
-3.226462970378240341e-02 6.921628153987147147e-01
-3.818933315645509780e-02 6.393032971431780176e-01
-3.876569915757347579e-02 6.342512248330769431e-01
-4.354614657861410887e-02 5.930146916698577630e-01
-4.525490225251799226e-02 5.785757225656062985e-01
-4.043207497845394821e-02 6.197400688993104367e-01
-3.302407666996190483e-02 6.852967473903950335e-01
-2.197480138969848396e-02 7.874551097052615578e-01
-1.730115119827684358e-02 8.319008401701188937e-01
6.702797554182503628e-03 9.344637963972559636e-01
3.596693366390749103e-02 6.589373166161029971e-01
5.362746601582284861e-02 5.103009074336912754e-01
7.043701091902812572e-02 3.869356445379473763e-01
9.389341197042502807e-02 2.483258667050957658e-01
1.103520516905964755e-01 1.744837781251345754e-01
1.330523961640557307e-01 1.010948709124172840e-01
1.510350153989490074e-01 6.238007972838017362e-02
1.605653967468534393e-01 4.740315661357861338e-02
1.580632902243513105e-01 5.101110548471660816e-02
1.491296172070165071e-01 6.579673066026772710e-02
1.385465203100105791e-01 8.765143529970055580e-02
1.167293719735591900e-01 1.507353694493228369e-01
1.069735298075702445e-01 1.881343922385836365e-01
9.517667391997389204e-02 2.418904828834354814e-01
7.387486459628714308e-02 3.641272808173731113e-01
5.773831175909360097e-02 4.783751782401561847e-01
3.404458353076561528e-02 6.761109295133560515e-01
1.390059179167843668e-02 8.645862601960373484e-01
-4.822827274064043178e-03 9.528197302864804819e-01
-2.297327072693001668e-02 7.780428106540523414e-01
-4.150343766288575043e-02 6.104868053764330726e-01
-5.450557657046789517e-02 5.033899308572661324e-01
-6.810103342037777951e-02 4.029148370612219976e-01
-8.724825101635436120e-02 2.835415653597076480e-01
-1.044527761497378304e-01 1.988160987783103573e-01
-1.055953369872489611e-01 1.939213357762307466e-01
-1.163598196551950542e-01 1.520412648405153611e-01
-1.235321859808769518e-01 1.281818272809662207e-01
-1.260461588622256157e-01 1.205384235390254688e-01
-1.362546178585045953e-01 9.307476949559438661e-02
-1.387397724397973486e-01 8.720592795102995176e-02
-1.370140648246840898e-01 9.124890815074583605e-02
-1.346221459200428738e-01 9.709779160761580763e-02
-1.306180974063910760e-01 1.075487233678524002e-01
-1.243051945000239328e-01 1.257928919295483450e-01
-1.143594905924901206e-01 1.592582587291622442e-01
-1.075821044969864221e-01 1.856195711117359926e-01
-9.401546594713244831e-02 2.477087288182607816e-01
-9.181001839579419621e-02 2.590245049652366016e-01
-8.882986713118801170e-02 2.748708375772352941e-01
-8.058444292695338129e-02 3.220706875743351572e-01
-7.177960466280974838e-02 3.779274315306963006e-01
-6.404612908309792463e-02 4.315640382629946092e-01
-6.021668556390261801e-02 4.596627394617767148e-01
-4.763325960419174943e-02 5.587554554137041940e-01
-4.714843408560394356e-02 5.627691758815762668e-01
-3.855719028069828913e-02 6.360769551390538235e-01
-4.306301625414723361e-02 5.971265827251519553e-01
-4.488534993415386337e-02 5.816845400510004538e-01
-4.790110027529970865e-02 5.565440051421689516e-01
-5.095753527534802041e-02 5.316118201456090375e-01
-5.409025401083848023e-02 5.066525244836992403e-01
-4.444290426858946152e-02 5.854167000873166105e-01
-2.967267789287065041e-02 7.157825886139637106e-01
-7.501233985143546980e-03 9.266777646828292525e-01
2.036775736305078063e-02 8.026684751024520947e-01
4.397164030296914217e-02 5.894040169136658402e-01
6.243060908584554397e-02 4.432959607138075020e-01
8.820773088880436152e-02 2.782598806232231547e-01
1.046002580382592861e-01 1.981793039253237354e-01
1.043646260554491334e-01 1.991974181298572510e-01
9.785338543693244961e-02 2.288433568248610661e-01
7.883669778826797592e-02 3.327110210862409545e-01
7.281536827070188289e-02 3.710660893320553155e-01
7.638714228351488333e-02 3.479976643350710663e-01
7.263567769388262763e-02 3.722509173725020437e-01
7.617015743603501587e-02 3.493727636485547405e-01
8.447660862862335640e-02 2.991742240359097083e-01
9.958248344028756971e-02 2.206835478216667423e-01
1.012488592611680421e-01 2.130172534973722720e-01
9.318143043963174332e-02 2.519470589348700162e-01
8.091839616877785635e-02 3.200628690298246148e-01
8.663798113281724611e-02 2.869356925119179724e-01
8.988427787441045924e-02 2.691909606774996466e-01
1.030627169705699842e-01 2.048909386502372754e-01
1.115539443223403926e-01 1.698085932348624150e-01
1.088043394581815482e-01 1.806434209066609953e-01
1.161750434960130002e-01 1.526974018836522728e-01
1.119421437760348137e-01 1.683185993021439064e-01
1.138644939091766756e-01 1.610831372811769302e-01
9.903663093334605372e-02 2.232368621223383420e-01
1.058428353289056767e-01 1.928726868030142538e-01
1.054987109223555902e-01 1.943318625113753251e-01
1.209860044112304883e-01 1.362980014923288186e-01
1.299756188345561891e-01 1.093048469498676678e-01
1.464969807372022981e-01 7.076713111674121093e-02
1.454154468880448636e-01 7.289548928499602065e-02
1.357918298634889775e-01 9.420156183559946772e-02
1.181923244999273093e-01 1.456486821018715683e-01
9.996559731161920592e-02 2.189038968982228717e-01
8.515299108287696650e-02 2.953077609372119494e-01
8.049968322090657324e-02 3.225815782281215016e-01
6.900287669271594482e-02 3.966999438457049498e-01
6.259504291557636824e-02 4.420936558739905209e-01
4.812656109338423610e-02 5.546857487092951011e-01
3.931324685863592933e-02 6.294673292020107613e-01
3.384794101273699146e-02 6.778772974741024138e-01
3.158316166716596679e-02 6.983453003316587582e-01
1.478039754044442600e-02 8.561054018323313031e-01
1.145951225753002534e-03 9.887833935953982412e-01
-1.202909748216465617e-02 8.826767323102509000e-01
-1.474649365802569757e-02 8.564319190677105453e-01
-1.300383410170308229e-02 8.732464410780966801e-01
-2.197480138969848396e-02 7.874551097052615578e-01
-2.195276386612631317e-02 7.876632040411071234e-01
-2.015924848617560439e-02 8.046479316531481851e-01
-2.716718098212665689e-02 7.388737117812163024e-01
-3.040839214135704696e-02 7.090496285457930092e-01
-3.374622936548080793e-02 6.787916251168270021e-01
-4.435475417430075756e-02 5.861615854863712061e-01
-5.269171886106594621e-02 5.177192010374749298e-01
-7.253396604662645797e-02 3.729226025113682175e-01
-9.042165441074728749e-02 2.663271303349737940e-01
-9.928582446912369297e-02 2.220686346519280541e-01
-1.103486613023546142e-01 1.744970994624498450e-01
-1.246357573536065466e-01 1.247818515910252418e-01
-1.288534003264962813e-01 1.124260268562359832e-01
-1.266937230164233152e-01 1.186279715424139181e-01
-1.237678179636871045e-01 1.274499502167964482e-01
-1.213657278943202356e-01 1.350632821629882685e-01
-1.295060500630567935e-01 1.106024843655338680e-01
-1.303638182882506102e-01 1.082410954668731468e-01
-1.302570210586316279e-01 1.085329311517477108e-01
-1.235864321927469117e-01 1.280130516317539713e-01
-1.180584041643733401e-01 1.461088419791156390e-01
-1.160377327722171420e-01 1.531863698403784779e-01
-9.511564693162016804e-02 2.421938685618108267e-01
-7.216102334002044705e-02 3.753918001818480343e-01
-6.045570793495464584e-02 4.578797601017293717e-01
-5.726026701698953836e-02 4.820313757085660233e-01
-5.762642894711180602e-02 4.792295368744441397e-01
-6.233567821507310369e-02 4.439909162306805435e-01
-6.488355497884050471e-02 4.255534487585890258e-01
-6.926224139321920936e-02 3.949232388891927847e-01
-8.706856043953510593e-02 2.845381389322272359e-01
-9.530211828492315962e-02 2.412676884382956299e-01
-9.495968907249402458e-02 2.429703911775430436e-01
-7.514795538111036788e-02 3.558966224415363033e-01
-5.233064251330650507e-02 5.205963928991417244e-01
-2.099328399367631284e-02 7.967376696671601977e-01
-1.810467321160069525e-03 9.822799537851519824e-01
7.611421603004411320e-03 9.256037880962334485e-01
5.992511217510155565e-03 9.413954671084844295e-01
2.169848474798584880e-04 9.978760787543977662e-01
-2.371407055777922587e-02 7.710801835167637730e-01
-6.002343343411586235e-02 4.611071063013600924e-01
-8.576495616053500526e-02 2.918382090575042387e-01
-1.039340467487312875e-01 2.010676218571561813e-01
-1.216861195831772102e-01 1.340281591751500689e-01
-1.283973931079644137e-01 1.137140049063977004e-01
-1.392449402878363773e-01 8.604989856668315840e-02
-1.455375008647522839e-01 7.265273255801994734e-02
-1.462325304543362070e-01 7.128282695366483512e-02
-1.530268684910492671e-01 5.896513986264015350e-02
-1.178651520345865844e-01 1.467748106367603722e-01
-7.868582551150463122e-02 3.336399559503120393e-01
-3.915220341714697322e-02 6.308727720592239852e-01
-1.914213201361376904e-02 8.143213797391466446e-01
1.885225381893364249e-02 8.170835220700416457e-01
4.429542238006799193e-02 5.866631955866168369e-01
6.080661311798846863e-02 4.552691694856136895e-01
6.104902587728237157e-02 4.534705742059155220e-01
5.898427943798185275e-02 4.689166437942678956e-01
4.777396071622947576e-02 5.575932173653076473e-01
4.696704831466375074e-02 5.642743454818408555e-01
5.723822949341735716e-02 4.822002857983744839e-01
7.237800818750031451e-02 3.739539620711406220e-01
8.701261903354420846e-02 2.848488713335163292e-01
8.777037080560276538e-02 2.806591539277751846e-01
8.546151641288739220e-02 2.935551644480691169e-01
8.161003537011990439e-02 3.159303720804229054e-01
7.738561162074641953e-02 3.417140485713979769e-01
6.680590511198238046e-02 4.119403286982066259e-01
6.515309084406938067e-02 4.236292081299594114e-01
5.950470403310932632e-02 4.649964793359423476e-01
5.454456603524943797e-02 5.030842115871607678e-01
4.289519203617452731e-02 5.985579222546882905e-01
3.288507075204512298e-02 6.865515807953109784e-01
3.389540644812320813e-02 6.774507718212768870e-01
2.870472204981596928e-02 7.246742993777937070e-01
3.917424094071914747e-02 6.306803700698861981e-01
4.273923417704837691e-02 5.998894356290669361e-01
5.712465148731462466e-02 4.830713274079476705e-01
5.657032300976842787e-02 4.873346435607012195e-01
6.245773219178052393e-02 4.430975150865833490e-01
3.638395141765783658e-02 6.552348236186290587e-01
2.230705943740201799e-02 7.843195159608078448e-01
1.179007511111262313e-02 8.849917718655122556e-01
1.463800123428576731e-02 8.574769374512908326e-01
3.990486960684273138e-03 9.609551559707756319e-01
-8.911635493762627355e-03 9.129415228645478830e-01
-1.673156597364221232e-02 8.373571302194725563e-01
-1.980834330314177119e-02 8.079820068193959148e-01
-3.187473505596702394e-02 6.956976036666581154e-01
-3.475486986743796247e-02 6.697454336195884927e-01
-3.612797710539644019e-02 6.575065047501269522e-01
-3.899455036389987833e-02 6.322499082161233686e-01
-4.236798666456331047e-02 6.030643428562660890e-01
-4.213404987587408834e-02 6.050688053646899878e-01
-4.416319723863495333e-02 5.877817774283984331e-01
-5.225944436022717660e-02 5.211646876578172050e-01
-5.688223872802072173e-02 4.849332422607386395e-01
-6.511918696165065745e-02 4.238709734894332559e-01
-7.201693183974085255e-02 3.763484800179259793e-01
-8.148967658753342169e-02 3.166470037737258436e-01
-9.348995576964216903e-02 2.503734247289146619e-01
-1.006402845717518646e-01 2.157946769828389677e-01
-1.110742043861153855e-01 1.716634360420332406e-01
-1.270903984407224518e-01 1.174693555461237965e-01
-1.362953025174070687e-01 9.297622514909251179e-02
-1.518249758593053500e-01 6.100683606667790804e-02
-1.643592411895090644e-01 4.233955737284155613e-02
-1.750389641514083494e-01 3.045723327096103161e-02
-1.841150334749017958e-01 2.271389633787777515e-02
-1.829385687549719697e-01 2.361080167699501978e-02
-1.717096028978892797e-01 3.381243062012864037e-02
-1.632183755461188712e-01 4.381228134817354708e-02
-1.473903480389357479e-01 6.904736430319616258e-02
-1.315962244141713755e-01 1.049177185627468423e-01
-1.135271502791103393e-01 1.623357350685478429e-01
-9.401377075301151076e-02 2.477172928929025908e-01
-7.344598048369023469e-02 3.669263786446212983e-01
-6.207461832044889466e-02 4.459052159463796627e-01
-5.473951335915711730e-02 5.015570732313989755e-01
-4.795873687541154368e-02 5.560686763834647994e-01
-3.306137094062250315e-02 6.849602307804840695e-01
-2.346487702200157274e-02 7.734202962611569365e-01
-1.282753391312569866e-02 8.749508133846193303e-01
1.108487435680308338e-02 8.918275529766721554e-01
3.819611393293884799e-02 6.392437639952470718e-01
6.041502327605216549e-02 4.581829743380920750e-01
6.704662267715534585e-02 4.102538925775449652e-01
7.683128314320021579e-02 3.451936480310702215e-01
9.555131182070081275e-02 2.400338331623968757e-01
1.106792241559372142e-01 1.732018027681996031e-01
1.303214384352271993e-01 1.083568296075276410e-01
1.457849992064089995e-01 7.216248697758065322e-02
1.617994980668951144e-01 4.570340071564621409e-02
1.745897377093602321e-01 3.089272971943881133e-02
1.679513575317732876e-01 3.797067967827190416e-02
1.615197910369406131e-01 4.608412406141344092e-02
1.401569547249001679e-01 8.399390384723731673e-02
1.189483810778649286e-01 1.430714002061075629e-01
1.044087011025934958e-01 1.990066923687802136e-01
9.934346106923552799e-02 2.217990507576431680e-01
9.535127891443032078e-02 2.410239254426072286e-01
9.166423170139366416e-02 2.597848062557451265e-01
8.513942952990946611e-02 2.953849570036431449e-01
9.323398145738076570e-02 2.516785410124773859e-01
1.128117783600751795e-01 1.650160506666886739e-01
1.317555726615393941e-01 1.044939301020462175e-01
1.466309010727562534e-01 7.050713515678881660e-02
1.467224415552868255e-01 7.032986315455012905e-02
1.516673228060582967e-01 6.127889714603195620e-02
1.608671413003801010e-01 4.698277088017745878e-02
1.575225232997725933e-01 5.182007176186467778e-02
1.619418943730537852e-01 4.551058795816063929e-02
1.595398043036869162e-01 4.885547106917285942e-02
1.374141306372251015e-01 9.029859936235645756e-02
1.244899706592060146e-01 1.252269703222403940e-01
1.171463897273095495e-01 1.492719289607152000e-01
1.096248134127147666e-01 1.773584491474461677e-01
9.620057116901944982e-02 2.368397970685678644e-01
8.739064732251301815e-02 2.827534919298831939e-01
8.701431422766513213e-02 2.848394518625908534e-01
8.856880723656382348e-02 2.762895299254375936e-01
9.205073596096717548e-02 2.577724670858778100e-01
8.919772425543119609e-02 2.728801423329235698e-01
8.012335012605870110e-02 3.248562491736082247e-01
6.752466741925940152e-02 4.069168414184621829e-01
5.947588573305340881e-02 4.652130838752971398e-01
5.848589236642655342e-02 4.726877135908352789e-01
6.104733068316144096e-02 4.534831379971490106e-01
5.949114248014183287e-02 4.650984039669393555e-01
6.161013513131232550e-02 4.493226585255968297e-01
6.644482876422293238e-02 4.144776011364099677e-01
6.768571086074837151e-02 4.057962776976830055e-01
7.332731689522468954e-02 3.677031716385757987e-01
6.222379540309130180e-02 4.448107609911156057e-01
5.749759419392063559e-02 4.802143643212544166e-01
5.862659347846427282e-02 4.716214202934055910e-01
5.804175150674122097e-02 4.760622078018110770e-01
5.513618878345623309e-02 4.984571975221890883e-01
4.995398035575367851e-02 5.397359201150961905e-01
4.267651199457373618e-02 6.004253095049409961e-01
4.582787786539450209e-02 5.737709745666526029e-01
5.271375638463812741e-02 5.175438618964505189e-01
4.089825336171145492e-02 6.157062816892496793e-01
3.134244410199300140e-02 7.005339330298803180e-01
2.550589074360899364e-02 7.543155408086663627e-01
2.551436671421367444e-02 7.542365026922976945e-01
3.838428048036278406e-02 6.375926380633571977e-01
3.751634109044334892e-02 6.452233540585328164e-01
3.859787493960076948e-02 6.357205426959100514e-01
3.455314176704652601e-02 6.715509333132904102e-01
2.615006450956482154e-02 7.483159607064897578e-01
1.292415997801907128e-02 8.740166146140171399e-01
-1.881665474239397836e-04 9.981581615107917305e-01
-9.204904076684623793e-03 9.100884036613998695e-01
-2.745027840032303323e-02 7.362524705689013071e-01
-3.463112069660960468e-02 6.708527858572206348e-01
-4.317320387200809795e-02 5.961876533738793560e-01
-5.838587591329130744e-02 4.734464794242833063e-01
-6.164403901373104872e-02 4.490727136417229648e-01
-6.649229419960914211e-02 4.141435415833201183e-01
-5.260187357265632552e-02 5.184343600087164550e-01
-4.221372399955809762e-02 6.043857940934360684e-01
-2.560251680850236453e-02 7.534146574952128583e-01
-1.022880132573020413e-02 9.001364558368698532e-01
-5.870457240802734455e-03 9.425870466989911822e-01
-1.122896585708267787e-02 8.904301549488402578e-01
-1.672648039127940314e-02 8.374058824033033810e-01
-1.094078285652349061e-02 8.932252836491043624e-01
-4.137121252145271183e-02 6.116255350946979696e-01
-4.970648201409695599e-02 5.417489155776287202e-01
-5.399193275182417179e-02 5.074265014375456406e-01
-5.872830512572045636e-02 4.708514242061254684e-01
-5.131352604074466278e-02 5.287447774710183346e-01
-3.921153521137974579e-02 6.303548231730657925e-01
-1.660103602633011474e-02 8.386086314800232921e-01
1.330049307286695209e-02 8.703798249335084058e-01
2.065594036360996616e-02 7.999347055118508631e-01
-7.960631591917307834e-03 9.222010043126973589e-01
-2.935737178637648145e-02 7.186748916891865235e-01
-3.076607810087462688e-02 7.057843041281620655e-01
-4.626862833683795251e-02 5.700877997356124105e-01
-4.993194283218149732e-02 5.399150089773544492e-01
-3.467858613199582829e-02 6.704279641778152499e-01
-2.223755647844362707e-02 7.849751461726506285e-01
-1.363105592644954685e-02 8.671875821547796459e-01
4.507521167569873352e-03 9.559010548683699593e-01
5.236454639572523176e-03 9.487786282952451744e-01
2.359710216343461481e-03 9.769055229502386917e-01
-1.634167132582684369e-03 9.840052601551622091e-01
-3.680266436552912489e-03 9.639883754041538300e-01
1.178159914050794276e-03 9.884681553843801538e-01
2.007109839188691083e-02 8.054851488879573029e-01
1.759441978119883829e-02 8.290946075412811700e-01
8.104723092196902332e-03 9.207973502622661677e-01
-1.001012128412940953e-02 9.022607032696587925e-01
3.627715418803884040e-03 9.645022517639914028e-01
1.539405781222340057e-02 8.501997080686262143e-01
1.693837965639645449e-02 8.353750672380721998e-01
9.794831630770488295e-03 9.043526937083692374e-01
1.469224744615573071e-02 8.569543972280843080e-01
2.457522917121491082e-02 7.630092538617156972e-01
4.185942842828239280e-02 6.074256349319077097e-01
6.057776191166205915e-02 4.569707865913003042e-01
8.500720438847643445e-02 2.961383198103152425e-01
1.057377332934076181e-01 1.933174984320067402e-01
1.302926201351712887e-01 1.084355841848362728e-01
1.462511775896665200e-01 7.124636413150731151e-02
1.529861838321467937e-01 5.903332213959000541e-02
1.571461902049247350e-01 5.238929932268145823e-02
1.494008482663663206e-01 6.530125085406002228e-02
1.424132580998665187e-01 7.907634858745248019e-02
1.348662538734576866e-01 9.648761257008590941e-02
1.215030386181160937e-01 1.346189116149954790e-01
1.078245172562803111e-01 1.846247296349001477e-01
8.737708576954553163e-02 2.828284831568433355e-01
6.406477621842822379e-02 4.314296711619515223e-01
2.802494920732047715e-02 7.309408727232731273e-01
-1.296653983104248224e-02 8.736069330801902177e-01
-4.443103790974289868e-02 5.855169477661200661e-01
-7.227290615200224200e-02 3.746499931685796092e-01
-1.067802776777835028e-01 1.889381533492790199e-01
-1.211012776114541584e-01 1.359222675854688811e-01
-1.405977051963436253e-01 8.301450908134781759e-02
-1.522131753129997989e-01 6.034114294494586500e-02
-1.618978193259094089e-01 4.557019544311769615e-02
-1.634302748112359260e-01 4.353555101938599153e-02
-1.562206142148934440e-01 5.381133923916742168e-02
-1.566461079392484912e-01 5.315370471900240923e-02
-1.518504037711194132e-01 6.096304815774090946e-02
-1.443457793977339920e-01 7.505121328627624433e-02
-1.317877813498371797e-01 1.044084344649307133e-01
-1.330286634463626327e-01 1.011562828611514697e-01
-1.232812972509783611e-01 1.289646433131391989e-01
-1.208130946108949832e-01 1.368630899142245505e-01
-1.091721965824247464e-01 1.791651234023589612e-01
-8.860271111898253282e-02 2.761050053904469115e-01
-6.936225784635446923e-02 3.942393789492103506e-01
-4.155259829239290464e-02 6.100636691482553831e-01
5.251711386660950706e-03 9.486295955608035069e-01
2.594833640917339201e-02 7.501931737492915087e-01
5.358678135692036826e-02 5.106222935981997724e-01
6.231025030325906128e-02 4.441771695458658353e-01
7.153041112703210913e-02 3.795896718038588302e-01
7.540223449925083365e-02 3.542667083707747855e-01
7.919099335954367380e-02 3.305360972378004192e-01
7.839086173446170591e-02 3.354608558572835797e-01
6.558027976254535152e-02 4.205898154422477164e-01
5.104568536963671743e-02 5.309011597397084170e-01
3.558551498669679930e-02 6.623310076285990888e-01
2.470575911852701534e-02 7.617881032380118267e-01
1.056105937343374034e-03 9.896627512986891917e-01
-2.067119711069839716e-02 7.997900438350725727e-01
-3.388354008927665917e-02 6.775573936436238842e-01
-4.534983312329043253e-02 5.777783770832387589e-01
-7.420542744986972916e-02 3.619789180364373360e-01
-9.528855673195567311e-02 2.413349636325049230e-01
-1.103554420788383506e-01 1.744704575395681634e-01
-1.179261790229403084e-01 1.465642568911349197e-01
-1.138712746856604396e-01 1.610580337514755656e-01
-1.032407123532683019e-01 2.041056882391768801e-01
-9.262710196208553959e-02 2.547915379551330406e-01
-7.860445619369968440e-02 3.341416414766059662e-01
-7.722287298513651199e-02 3.427332705202698060e-01
-8.444948552268836950e-02 2.993299644473519927e-01
-7.626169791856557412e-02 3.487922276595571969e-01
-6.923003270492140981e-02 3.951436160458455804e-01
-6.511240618516692114e-02 4.239193361478224009e-01
-5.091176503408273435e-02 5.319810050789430811e-01
-4.993533322042337935e-02 5.398874549283771973e-01
-3.707220023075801646e-02 6.491425521550515665e-01
-2.793171353066897442e-02 7.318017766161775128e-01
-1.675529869133532412e-02 8.371296282060448624e-01
-3.305628535825969223e-04 9.967643437244479987e-01
1.991853092100263640e-03 9.805049646783188244e-01
-5.656862781564749032e-03 9.446726155333056152e-01
-1.107131280383559339e-02 8.919590899842384513e-01
1.723334343343938674e-02 8.325499835164916762e-01
3.704846751306490465e-02 6.493522470955408465e-01
4.173567925745403501e-02 6.084889870886294183e-01
4.635847362524758014e-02 5.693383703782077809e-01
4.497010964020067142e-02 5.809708256445264007e-01
4.346986284317196775e-02 5.936630830627387390e-01
2.941500838648831995e-02 7.181458916093277356e-01
1.964899505577374916e-02 8.094971758434970077e-01
1.264614814218550411e-02 8.767049497983381290e-01
8.499703322375082304e-03 9.169509519582822454e-01
-1.026609559639080592e-02 8.997742513320352575e-01
-2.364287240469989740e-02 7.717485777494840216e-01
-2.781644033044529743e-02 7.328666290533746297e-01
-1.679259296199592591e-02 8.367721522899002062e-01
2.407175651729680428e-04 9.976437755037572686e-01
3.333260199997233053e-02 6.825147026219378077e-01
4.865376646499546681e-02 5.503522624848897760e-01
6.526666885017212705e-02 4.228198764271087207e-01
8.168292871732016347e-02 3.154968686955776369e-01
1.119590957172441892e-01 1.682537561831611017e-01
1.376226395141002534e-01 8.980644599972019415e-02
1.508044689985016673e-01 6.278559296448465998e-02
1.351968167270402588e-01 9.566617392082382709e-02
1.241797501350746513e-01 1.261782183966166371e-01
1.057784179523100915e-01 1.931452248757133672e-01
9.575303992109225615e-02 2.390382280629232969e-01
8.651253676786796465e-02 2.876367249088793709e-01
7.009797209484086578e-02 3.892307888279791239e-01
4.973360512003194983e-02 5.415281324831535681e-01
2.328688163930325156e-02 7.750930560124370539e-01
1.278684925422322524e-02 8.753442119373296970e-01
8.608195746115010830e-03 9.158947635647414209e-01
9.442231253615717551e-03 9.077803594102169527e-01
7.065569096062892726e-03 9.309253797683955112e-01
1.412096702740016536e-02 8.624604709206359354e-01
1.560087149497763927e-02 8.482112474139331670e-01
2.157812596539936817e-02 7.912030925448816365e-01
2.488544969534627060e-02 7.601079995409223411e-01
3.211884300938186443e-02 6.934837468656007697e-01
3.563976119856675923e-02 6.618479283585186890e-01
5.703480619890499009e-02 4.837609591229832251e-01
5.256118891375384516e-02 5.187583717849487686e-01
4.482262775167920876e-02 5.822129498106208834e-01
4.366311497295871646e-02 5.920211160135118167e-01
7.585485132954085385e-02 3.513770329006274951e-01
7.219153683419730905e-02 3.751894001485406305e-01
5.218146543066409793e-02 5.217874683057444063e-01
3.649074864727682582e-02 6.542879676755893881e-01
2.362083488112772314e-02 7.719554956990178907e-01
2.490070644243469813e-02 7.599654006960064878e-01
2.332417590996385681e-02 7.747424871489122511e-01
2.617549242137887089e-02 7.480794417479460501e-01
4.050157793741233914e-02 6.191379447019689231e-01
5.176953325927655808e-02 5.250836514901378038e-01
5.524298601307523621e-02 4.976243423525724685e-01
5.103890459315296724e-02 5.309558089768742217e-01
4.971834837294351189e-02 5.416523175015526270e-01
8.409179956317079652e-02 3.013888004088935979e-01
1.043883587731422452e-01 1.990947032174626707e-01
1.070532039312542538e-01 1.878037452051338763e-01
1.085568411165248465e-01 1.816430701775054168e-01
1.160224760251287318e-01 1.532407723096041730e-01
1.184669459475189979e-01 1.447085001337123644e-01
7.651428184258510234e-02 3.471935271790204114e-01
-1.574835338349910713e-03 9.845859091609312497e-01
-4.836897385267815291e-02 5.526911307229989134e-01
-8.936046289104110363e-02 2.720025889286757925e-01
-1.028525128995738808e-01 2.058210797952479132e-01
-9.688034401151493502e-02 2.335276485190133644e-01
-6.339008895829553736e-02 4.363065792231074491e-01
-4.555495161192373021e-02 5.760572918318049851e-01
-2.881151927943496199e-02 7.236914207095295204e-01
-2.061525570470749275e-02 8.003205031945166414e-01
-1.079330096800202449e-02 8.946562421461237147e-01
7.984364309610418337e-04 9.921847481293077919e-01
1.347679326144433573e-02 8.686770318566370275e-01
3.047450471207356626e-02 7.084456842122329734e-01
4.407335195022532570e-02 5.885423962407270171e-01
5.642792670360977092e-02 4.884330451508461790e-01
7.444275462680083333e-02 3.604413635870167276e-01
9.066067678179931533e-02 2.650600073101128662e-01
1.125541088536928386e-01 1.659895084208083682e-01
1.222692663607793384e-01 1.321597303867111384e-01
1.333032848939543491e-01 1.004474558710805321e-01
1.346679161613081044e-01 9.698315096316285910e-02
1.271327782937458628e-01 1.173460935042970332e-01
1.106843097383000268e-01 1.731819308539997992e-01
8.349000565023836917e-02 3.048737368297596562e-01
5.182208427702558046e-02 5.246625643547049300e-01
1.231389009448197007e-02 8.799196836630882590e-01
-2.758080834763514122e-02 7.350448951507766449e-01
-5.994036892218997797e-02 4.617287014088562458e-01
-9.713631832377636610e-02 2.322888966423483359e-01
-1.128219495248008186e-01 1.649777121821610903e-01
-1.253138350019810943e-01 1.227275671797029982e-01
-1.159173739896306732e-01 1.536159402425082698e-01
-1.180973936291548759e-01 1.459747578662289047e-01
-1.234152175865323303e-01 1.285463325197671314e-01
-1.263190851156963945e-01 1.197303464781880877e-01
-1.249866625366403694e-01 1.237154698119102558e-01
-1.198112348854215581e-01 1.401725614452527524e-01
-1.183160736707556532e-01 1.452244483511492545e-01
-1.140679172036890565e-01 1.603313034916467594e-01
-1.094637699712258105e-01 1.779997274663845663e-01
-1.063683455063959421e-01 1.906597939620405802e-01
-9.580050535647845200e-02 2.388043877959093175e-01
-9.184392227821290555e-02 2.588479096754832676e-01
-7.926897228910674553e-02 3.300586316917057950e-01
-6.868418019797990770e-02 3.988896113154238865e-01
-5.098804876952487547e-02 5.313657683024228806e-01
-3.275284561061207744e-02 6.877459971507022818e-01
-7.670753397237184759e-03 9.250255484774091430e-01
-2.388528516399379860e-03 9.766235577580510974e-01
1.073566436789018773e-02 8.952155598155080440e-01
3.331056447640015628e-02 6.827132790745030766e-01
4.785702522815536014e-02 5.569076241142396633e-01
7.252888046426364532e-02 3.729562062652853616e-01
9.123026200643394312e-02 2.620570764403799546e-01
1.163784667905253534e-01 1.519751674106491757e-01
1.240068403347391462e-01 1.267108350400301953e-01
1.092772986179228051e-01 1.787443930779623047e-01
9.057761226987343095e-02 2.654998879734902784e-01
6.454790654289510599e-02 4.279567206803955859e-01
2.984389249908522834e-02 7.142137240164010414e-01
-9.577846783290629509e-03 9.064618217303921366e-01
-5.272901313172655147e-02 5.174224910866143112e-01
-8.544456447167804447e-02 2.936512812145534168e-01
-9.596154879796742199e-02 2.380121922175124916e-01
-9.886033074476865967e-02 2.240659881773376660e-01
-1.032949585651382618e-01 2.038668054171011434e-01
-1.037848696660888803e-01 2.017185152264321379e-01
-1.099401195192089287e-01 1.761078292857231054e-01
-9.889932020955019554e-02 2.238824363091660441e-01
-9.153031136583969496e-02 2.604845692543176772e-01
-8.990292500974075840e-02 2.690912357347993167e-01
-7.666006853698563439e-02 3.462728918543875878e-01
-6.374268933545031157e-02 4.337539298927042264e-01
-4.995058996751181035e-02 5.397634703313056725e-01
-3.298339201105943141e-02 6.856639269309932061e-01
-1.372768199134292294e-02 8.662548675231394046e-01
5.933179423277380824e-04 9.941924468233180878e-01
1.623826448444972564e-02 8.420889432735226832e-01
2.703326064657268421e-02 7.401147498039117867e-01
3.624833588798292983e-02 6.564379715305648233e-01
4.212218351702753244e-02 6.051705597486959354e-01
4.952001066079395747e-02 5.432680022264526620e-01
4.666021817877425565e-02 5.668248327821090449e-01
4.544476399406286588e-02 5.769815439552345993e-01
3.837919489799997141e-02 6.376372397342708886e-01
4.870462228862355858e-02 5.499351157203627993e-01
5.091346022820367884e-02 5.319673292702657985e-01
4.234086355862833051e-02 6.032965926663801381e-01
2.755199004757922024e-02 7.353114470591367580e-01
3.410222013087745030e-02 6.755935347170115568e-01
3.893013298730430005e-02 6.328129729742821841e-01
3.104239474258725651e-02 7.032654656554857553e-01
3.527529446256543605e-02 6.650962851103094930e-01
2.929634479802277480e-02 7.192351549281348344e-01
2.955401430440510527e-02 7.168706185219544391e-01
1.690447577397772780e-02 8.356999250173675620e-01
1.773003531087374851e-02 8.277976551010748363e-01
1.843693125930422755e-02 8.210448918498065574e-01
1.703670091541076639e-02 8.344331371004594100e-01
2.790459042473399445e-02 7.320522842154605359e-01
4.434458300957514615e-02 5.862475618007387812e-01
4.718233796802267371e-02 5.624880487121188821e-01
5.338505325652893874e-02 5.122173792986834950e-01
6.336296585236056433e-02 4.365032912442795565e-01
9.316786888666425681e-02 2.520163859748971169e-01
1.286194635378070661e-01 1.130853442001016479e-01
