-6.064726487062045701e-02 4.564536254922334502e-01
-6.400713961831638876e-02 4.318450652417271662e-01
-6.124566839531100232e-02 4.520144946382209650e-01
-6.379015477083653518e-02 4.334109580009525287e-01
-6.345789672313299767e-02 4.358150205237648622e-01
-6.148808115460490525e-02 4.502231066404908111e-01
-5.923008258551762384e-02 4.670628482493319744e-01
-5.869440124330172620e-02 4.711080132214385818e-01
-7.416474279096726963e-02 3.622429067532200175e-01
-8.456306352879110200e-02 2.986781588035379298e-01
-9.575303992109225615e-02 2.390382280629232969e-01
-8.506145060034640826e-02 2.958290940236948385e-01
-7.988432775500665939e-02 3.263063258622107554e-01
-4.951153469018928360e-02 5.433371014749578398e-01
-3.052705572982259558e-02 7.079657553115348279e-01
-8.821790205352997988e-03 9.138158239056156651e-01
1.627555875511032396e-02 8.417310121208884111e-01
1.336830083770440894e-02 8.697248336685887704e-01
1.082042407393700618e-02 8.943930517548177583e-01
6.197629706143458449e-03 9.393932452409696765e-01
3.998962931288954810e-03 9.608722887768614829e-01
5.851810105472433562e-03 9.427691048496509296e-01
1.501094394089177476e-02 8.538857340724995693e-01
1.825724068248497228e-02 8.227601982984640294e-01
2.464981771253611439e-02 7.623113817946286508e-01
2.935059100989273473e-02 7.187371357740528488e-01
3.085422819516331697e-02 7.049804000022124040e-01
3.455144657292559540e-02 6.715661135509328750e-01
4.017610066619255182e-02 6.219598238439157933e-01
5.165426005905288109e-02 5.260079259454020217e-01
5.643809786833538233e-02 4.883545440967536067e-01
6.327481575807186731e-02 4.371429545985198173e-01
8.273225387817979837e-02 3.092993210927790781e-01
1.117522820344899470e-01 1.690461114727823677e-01
1.425709111531135997e-01 7.874160160098865602e-02
1.537117269159075927e-01 5.782708704972177455e-02
1.524182938016331035e-01 5.999181538306740807e-02
1.535540738626604840e-01 5.808745008421977579e-02
1.548407262004511953e-01 5.599048582138601432e-02
1.417080573455569703e-01 8.058776373487618050e-02
1.232355270097130889e-01 1.291078501084208241e-01
9.784151907808590065e-02 2.289000805012566253e-01
7.539714891688802101e-02 3.542992608332873328e-01
5.043711068022054683e-02 5.358171546971080001e-01
2.085088768751765589e-02 7.980867637429396311e-01
3.156451453183567284e-03 9.691111896997850472e-01
-9.432060088890099198e-03 9.078792599239147165e-01
-1.785378448170210630e-02 8.266145914144666929e-01
-1.309876497247552257e-02 8.723289428023506265e-01
5.044897703906710273e-03 9.506499663594150107e-01
1.082720485042075291e-02 8.943272559543460343e-01
1.966255660874123914e-02 8.093681976757026719e-01
2.180867236584671520e-02 7.890241900875976100e-01
3.751803628456428646e-02 6.452084138721954076e-01
4.784176848106692220e-02 5.570335189147832544e-01
4.324779241332930152e-02 5.955524486602907785e-01
4.202725264625509910e-02 6.059848679993248277e-01
4.394790758527603036e-02 5.896051445777272804e-01
3.766721336720668667e-02 6.438942332568902138e-01
4.124576815650342343e-02 6.127067282504539136e-01
3.622968875265263067e-02 6.566034734614072388e-01
2.600258262104335888e-02 7.496882324648316276e-01
1.555510125371235668e-02 8.486512346336657631e-01
9.937227936929143510e-03 9.029689404913030515e-01
3.637886583529502827e-03 9.644027906776011516e-01
-7.143548025625967059e-03 9.301649596227956618e-01
-1.484820530528188111e-02 8.554524405679796439e-01
-3.294948812864070126e-02 6.859699660330889071e-01
-5.015570845614510803e-02 5.380979377469649050e-01
-6.154910814295862231e-02 4.497727561161067866e-01
-6.453604018404852927e-02 4.280418277430418916e-01
-7.660582232511566059e-02 3.466152738556668167e-01
-7.712963730848503008e-02 3.433180656880240322e-01
-8.445626629917211969e-02 2.992910243248229074e-01
-7.578195798234058089e-02 3.518414098460266315e-01
-6.884691883358980136e-02 3.977705846108026133e-01
-7.494961766896081345e-02 3.571712000264024578e-01
-8.158630265242679258e-02 3.160715962282916180e-01
-8.084889320981947236e-02 3.204800707196968634e-01
-8.895361630201638337e-02 2.742000639032899922e-01
-1.055037965047184029e-01 1.943102401118761702e-01
-1.236016889398353358e-01 1.279656143162176962e-01
-1.347950557203783650e-01 9.666526690338220207e-02
-1.456595548414597319e-01 7.241063136463243843e-02
-1.529794030556630713e-01 5.904469214917102554e-02
-1.483905125702882355e-01 6.716249962218825975e-02
-1.417148381220407205e-01 8.057312108167846709e-02
-1.289957966326549521e-01 1.120261747249464701e-01
-1.245221793475038002e-01 1.251285248386014570e-01
-1.176820710695254402e-01 1.474078461682891694e-01
-9.702782590003641849e-02 2.328133656316695443e-01
-7.342733334835993553e-02 3.670483790021543680e-01
-6.988776802384473463e-02 3.906578880126522213e-01
-6.841803472099287908e-02 4.007237242942495170e-01
-5.872830512572045636e-02 4.708514242061254684e-01
-5.300702496756012211e-02 5.152134025946750739e-01
-4.367667652592620992e-02 5.919059677957493326e-01
-1.720113474514159413e-02 8.328583662415047772e-01
-2.481764193050881723e-03 9.757113374212507129e-01
-4.543120244109537915e-04 9.955530574857708315e-01
-4.621099173672611055e-03 9.547910377913175761e-01
-4.131188072721993405e-03 9.595796152988131933e-01
-1.656035136742763786e-02 8.389987925749129438e-01
-1.468546666967198572e-02 8.570197113664740352e-01
-2.024739858046429794e-02 8.038109361565406452e-01
-2.474983416567136385e-02 7.613758990864563092e-01
-2.489562086007189243e-02 7.600129327471247809e-01
-1.845896878287640180e-02 8.208345822148843673e-01
-1.664680626759539733e-02 8.381697471963643897e-01
-1.503128627034301321e-02 8.536899357360779872e-01
-1.713671736854601238e-02 8.334752080425360532e-01
-2.146454795929662873e-02 7.922771177550698152e-01
-2.086614443460607995e-02 7.979421893155574930e-01
-1.214945626475114060e-02 8.815113773796353636e-01
9.698205565877113937e-03 9.052918331643372563e-01
2.527873473140351129e-02 7.564347089292670079e-01
4.461581406892496660e-02 5.839568443737139791e-01
5.582782798479828806e-02 4.930765059225616920e-01
6.545653059171699373e-02 4.214689675815564973e-01
7.053702737216338559e-02 3.862601414186858095e-01
6.786031585520480025e-02 4.045834148472345904e-01
6.215937802649572352e-02 4.452831803437071745e-01
6.403934830661417443e-02 4.316129049802668316e-01
7.308659933005172415e-02 3.692820637694902430e-01
7.582094744712211676e-02 3.515929743349535119e-01
8.298144741395745150e-02 3.078393128390011224e-01
9.280848773302573240e-02 2.538583520101194146e-01
1.033085201181057622e-01 2.038071161998403491e-01
1.035221145773437407e-01 2.028686715425626064e-01
1.016133259971693653e-01 2.113661771088498897e-01
9.877387584460091408e-02 2.244733743797079351e-01
8.776019964087714009e-02 2.807151159681735009e-01
7.419864667338599284e-02 3.620229078658336874e-01
5.994884489279465878e-02 4.616652521209321236e-01
5.530570819554987694e-02 4.971355472916954010e-01
4.635508323700570504e-02 5.693666422754126710e-01
4.989803894976277410e-02 5.401905877845185611e-01
4.352410905504193461e-02 5.932019717381142865e-01
3.196288515025572097e-02 6.948978579542447465e-01
1.976426825599742615e-02 8.084010250510073048e-01
1.449899531636898199e-02 8.588162285154623543e-01
3.600592312868902342e-03 9.647674839969211380e-01
-8.157274109945931648e-03 9.202854899273260614e-01
-1.612807686658885784e-02 8.431466555998513579e-01
-1.629929147280343577e-02 8.415032546048539785e-01
-1.866408727150970295e-02 8.188776984433514539e-01
-1.424641139234945897e-02 8.612508455135226004e-01
-6.228143200320313509e-03 9.390954261549084858e-01
-6.199324900264394263e-03 9.393766995156418442e-01
-9.355776353447961546e-03 9.086210587392378191e-01
-1.241729693585909115e-02 8.789189671874246823e-01
-1.556866280667985013e-02 8.485208631766782972e-01
-1.686209592095431684e-02 8.361060362596063333e-01
-2.093903778180634598e-02 7.972515396036869983e-01
-2.606360960939706900e-02 7.491203004534023879e-01
-2.373271769310952156e-02 7.709051556641798308e-01
-2.728245418235033387e-02 7.378060154342741539e-01
-2.653148318677551326e-02 7.447706501147989266e-01
-3.224428737433115977e-02 6.923470758825297500e-01
-3.618730889962921277e-02 6.569796762443504967e-01
-4.030493541938371532e-02 6.208421689849923375e-01
-4.994211399690712261e-02 5.398323489208509685e-01
-5.886561584951630066e-02 4.698130199592904788e-01
-6.878250145699421614e-02 3.982133085014907259e-01
-8.052172074447874750e-02 3.224486963397797945e-01
-9.447825394214809380e-02 2.453784064606119864e-01
-1.084653006339942743e-01 1.820138310667238635e-01
-1.173616793806684794e-01 1.485206271497751251e-01
-1.248256190951513994e-01 1.242039944522760897e-01
-1.238288449520408147e-01 1.272609250444120543e-01
-1.139068737622001004e-01 1.609262882196052791e-01
-1.068667325779512622e-01 1.885782667021954906e-01
-9.547672327937962999e-02 2.404026877634262149e-01
-8.617688833192255204e-02 2.895180817006408058e-01
-7.748054249151885287e-02 3.411203900998759364e-01
-6.608375241646347042e-02 4.170240002889027409e-01
-6.061844657056453256e-02 4.566680186022961108e-01
-5.806548422443432583e-02 4.758815613342659567e-01
-6.122871645410164071e-02 4.521399155817260596e-01
-6.694491102989916231e-02 4.109659751053742482e-01
-8.468172711725666102e-02 2.979981706490902327e-01
-1.043442837259979106e-01 1.992854899920223077e-01
-1.100248792252557645e-01 1.757727539445376741e-01
-1.171531705037932997e-01 1.492482221974015810e-01
-1.220743190368716591e-01 1.327821144527689123e-01
-1.329947595639438818e-01 1.012440652471584407e-01
-1.350662867797281785e-01 9.598987213597251489e-02
-1.368242030831392231e-01 9.170267883616926852e-02
-1.321471625034756903e-01 1.034582094930264068e-01
-1.266140488927393060e-01 1.188617511962169887e-01
-1.207910570873227951e-01 1.369352393700873638e-01
-1.149934931937203336e-01 1.569435888459379258e-01
-1.108572195386355319e-01 1.725072892858982854e-01
-1.015828125029925172e-01 2.115040543968001174e-01
-9.635483383402466961e-02 2.360852940575530745e-01
-9.193376756662255400e-02 2.583803316690403418e-01
-7.499708310434703706e-02 3.568659141598947704e-01
-6.589728106316046496e-02 4.183426101015770282e-01
-5.941146835645783053e-02 4.656974594683432889e-01
-5.343590908015703050e-02 5.118150144550461800e-01
-5.369188339241843383e-02 5.097922602813405035e-01
-6.266793626277664120e-02 4.415612669891099129e-01
-6.632107959339456071e-02 4.153492836174593750e-01
-6.256452942139952011e-02 4.423166242750958821e-01
-5.698055998703503017e-02 4.841775964264323218e-01
-4.068974448483628215e-02 6.175090737452710865e-01
-3.303255264056658563e-02 6.852202609115439769e-01
-1.827758301193620552e-02 8.225659704044414600e-01
-7.508014761627291971e-03 9.266116699765585274e-01
1.186635884655476212e-05 9.998838479214808839e-01
4.466836508667399071e-03 9.562986936355386547e-01
9.157438641298405388e-03 9.105501032988130294e-01
1.669596689710255155e-02 8.376984084798164698e-01
1.260037790092022152e-02 8.771476774422504175e-01
1.022371574336739496e-02 9.001858489572356348e-01
1.488210918770060780e-02 8.551259966472561924e-01
1.067633257365741342e-02 8.957913818748290957e-01
1.266140488927393337e-02 8.765573823963607181e-01
9.645654548128086356e-03 9.058026483618029090e-01
8.887902776069517286e-03 9.131724602146893410e-01
-5.448353904689572785e-03 9.467088902866164224e-01
-7.223222149309977205e-03 9.293880737979909323e-01
-7.389351173161744224e-03 9.277683993253970085e-01
4.295621902452823743e-03 9.579722069725340461e-01
5.360203810400880099e-03 9.475698588424685820e-01
2.027452168639928311e-03 9.801566132734282899e-01
-2.890305976196552544e-03 9.717145402842194413e-01
-2.167475203029274253e-02 7.902896783801935943e-01
-4.451918800403159571e-02 5.847724392449250574e-01
-6.782980236102795213e-02 4.047952165314533390e-01
-7.931982811273484424e-02 3.297474794218565597e-01
-8.729232606349869583e-02 2.832974806504474086e-01
-9.483763509578659046e-02 2.435793119469715495e-01
-9.391544949399721620e-02 2.482143603251760478e-01
-1.014658441086479096e-01 2.120331802887786554e-01
-1.042730855729185752e-01 1.995939633347484088e-01
-1.044070059084725444e-01 1.990140255307709938e-01
-1.092535659002296794e-01 1.788393330404525750e-01
-1.091552446412153848e-01 1.792330513541856574e-01
-1.076075324088004576e-01 1.855150332519748535e-01
-1.092806890061646663e-01 1.787308332567877078e-01
-1.132643951903651997e-01 1.633164065924133934e-01
-1.141645432685824135e-01 1.599751037018854183e-01
-1.070904982019148521e-01 1.876491202291666327e-01
-1.076566930383076187e-01 1.853130489584962626e-01
-9.826701280244092007e-02 2.268723198170168598e-01
-8.992157214507105756e-02 2.689915359020452756e-01
-7.940119743053979107e-02 3.292500271339978690e-01
-6.816375560285242718e-02 4.024807382357379337e-01
-7.247971983475648416e-02 3.732811382690740531e-01
-7.394097716700366585e-02 3.636969780946300856e-01
-7.939102626581416577e-02 3.293121823285981575e-01
-7.380875202557060644e-02 3.645578985155144558e-01
-6.518360433824624267e-02 4.234116876195016532e-01
-4.994380919102805322e-02 5.398185728544975248e-01
-5.112535949332071977e-02 5.302592429298942367e-01
-6.916731052244677602e-02 3.955729827222296269e-01
-9.358149625217274115e-02 2.499078322063027768e-01
-1.107453367266537092e-01 1.729435994733438398e-01
-1.095468344831516949e-01 1.776687498092429929e-01
-1.086500767931763423e-01 1.812660139613928023e-01
-7.178808063341443613e-02 3.778709709289140850e-01
-4.749086329803309248e-02 5.599328812775952180e-01
-2.416838258219018015e-02 7.668191727137569913e-01
-9.821954736705469993e-03 9.040890993656980346e-01
-3.634496195287630332e-03 9.644359443122115794e-01
2.000329062704945746e-04 9.980420097579791872e-01
-5.767050399425615106e-03 9.435966790662752013e-01
-4.548205826472347633e-03 9.555034269666162761e-01
-9.979607789952554472e-03 9.025571653261659222e-01
-1.971849801473214356e-02 8.088362169577520966e-01
-3.584996526956286955e-02 6.599773136207472968e-01
-4.140681159799237260e-02 6.113188624253926839e-01
-5.089820348111524784e-02 5.320904178956525898e-01
-5.286462866140146516e-02 5.163442808819355134e-01
-5.687884833977884663e-02 4.849593102892338914e-01
-5.234081367803211648e-02 5.205152337453990974e-01
-5.531926974851736345e-02 4.970298951789707820e-01
-6.264420354508352939e-02 4.417345629866070711e-01
-7.206439727512707616e-02 3.760331740344539098e-01
-7.464109233895038775e-02 3.591595251411575651e-01
-8.611925173181071702e-02 2.898419664854371414e-01
-1.010233984430834869e-01 2.140432206889039957e-01
-1.106181971675835041e-01 1.734403973698229739e-01
-1.103249285846615024e-01 1.745903698742015120e-01
-1.131186084959646676e-01 1.638624249245079212e-01
-1.052003567570707759e-01 1.956034379598502737e-01
-1.002317427886062068e-01 2.176736127604201321e-01
-8.673799758595250597e-02 2.863775801497151496e-01
-6.926393658734014691e-02 3.949116421299827540e-01
-5.401736066363820726e-02 5.072262760733514675e-01
-4.384280554977797173e-02 5.904962291131430341e-01
-4.645679488426189552e-02 5.685187741217074819e-01
-5.490733757712982360e-02 5.002443553491144890e-01
-5.846046445461250407e-02 4.728805572991845452e-01
-6.557010859781974010e-02 4.206620342860499795e-01
-7.149311685637151081e-02 3.798388248098142350e-01
-8.527843544782627572e-02 2.945943315357117953e-01
-8.531064413612406139e-02 2.944113383897370428e-01
-8.871798431920621675e-02 2.754782444746058379e-01
-8.445626629917211969e-02 2.992910243248229074e-01
-8.385616758036064378e-02 3.027501838528423583e-01
-6.629226129333863626e-02 4.155524319861279015e-01
-5.018961233856383125e-02 5.378228892334527833e-01
-2.340893561601067527e-02 7.739459088982549861e-01
2.125773427654238917e-03 9.791945195316367201e-01
1.259698751267834989e-02 8.771804735979253920e-01
3.173403394392930454e-02 6.969748151052810314e-01
4.495315769899130981e-02 5.811135360590058418e-01
5.638046126822355425e-02 4.887994724430204663e-01
7.386130304331964269e-02 3.642155869762074838e-01
7.741782030904420520e-02 3.415125554141460462e-01
7.281028268833908412e-02 3.710995903070311019e-01
8.254917291311866800e-02 3.103748622936698398e-01
9.168457403084488699e-02 2.596786259734789049e-01
1.093688391004533772e-01 1.783785437696034093e-01
1.174583054455618364e-01 1.481843597087202369e-01
1.347696278085643296e-01 9.672877761855702694e-02
1.373412372900248146e-01 9.047115896656580947e-02
1.467597358259474238e-01 7.025774509570768822e-02
1.577920591650014970e-01 5.141553812492988956e-02
1.673665155600502497e-01 3.865497268741867332e-02
1.795786940072760240e-01 2.634161560985620598e-02
1.820112975708197689e-01 2.433901072907368457e-02
1.704704159954847920e-01 3.513871268594362385e-02
1.615960747723827473e-01 4.598002910658766096e-02
1.390245650521146625e-01 8.655269040854066120e-02
1.041493364020902035e-01 2.001309408166718762e-01
7.450717200339641855e-02 3.600247286440380057e-01
5.059137334522575968e-02 5.345688946901006044e-01
3.491930369716879368e-02 6.682751196304407282e-01
2.939297086291614569e-02 7.183481405673498577e-01
2.894204922674706304e-02 7.224907370304982646e-01
1.665189184995820651e-02 8.381209853498710061e-01
-5.965388111575172132e-03 9.416602514435503668e-01
-2.351742803975060206e-02 7.729266326193012793e-01
-2.665692755172480513e-02 7.436058016123279213e-01
-2.191885998370758301e-02 7.879833784738807800e-01
-1.514655947056668499e-02 8.525805807063258079e-01
-1.276481173065105099e-03 9.875058604978347310e-01
1.413961416273046799e-02 8.622806414631690730e-01
2.813683201930227556e-02 7.299082308272688557e-01
3.484810554408946520e-02 6.689115961771459062e-01
4.275788131237867606e-02 5.997301631069145156e-01
4.287145931848142244e-02 5.987604582095160666e-01
5.531587936027549529e-02 4.970563070966891317e-01
5.277647856711277508e-02 5.170449863138097957e-01
3.978451082425624175e-02 6.253621997586809034e-01
3.647549190018840176e-02 6.544231991435761620e-01
2.879287214410466283e-02 7.238630019960194950e-01
3.398016615417003006e-02 6.766893735221548578e-01
2.502106522502118430e-02 7.588407377971526646e-01
1.219353131189548564e-02 8.810846910743097560e-01
9.111668400033121062e-03 9.109953419874639025e-01
4.363429667290278854e-03 9.573094070729386562e-01
3.139499511974203072e-03 9.692769987820821775e-01
1.169175385209831296e-02 8.859443410095508842e-01
1.920654939020935079e-02 8.137078792970837693e-01
2.636704935704468206e-02 7.462984214419846607e-01
4.019135741328098282e-02 6.218274248537793980e-01
5.446489191156542869e-02 5.037090458026691753e-01
8.073531520371673986e-02 3.211625964100240371e-01
1.172701388981379073e-01 1.488397281892977764e-01
1.474056047860242136e-01 6.901829235469841839e-02
1.709501559317097852e-01 3.462012981215654289e-02
1.859170248254571889e-01 2.139697258534641044e-02
2.031978336942827923e-01 1.176403602575287408e-02
2.173899988747623191e-01 6.949098600212413532e-03
2.226959564732932106e-01 5.660249176146112463e-03
2.269661504639319816e-01 4.782812398650257771e-03
2.303531483175629280e-01 4.175739131429377290e-03
2.158219443128961412e-01 7.376970730120857925e-03
1.980902138079014552e-01 1.410727205227753009e-02
1.791108204298975659e-01 2.674253246476897272e-02
1.535608546391442619e-01 5.807623186100415585e-02
1.460545350716379032e-01 7.163164386079555468e-02
1.374039594724994762e-01 9.032266169452596305e-02
1.392025604348129941e-01 8.614640744400395289e-02
1.326709774868450320e-01 1.020854161884199862e-01
1.323488906038671198e-01 1.029278184518170741e-01
1.276074326476080434e-01 1.159724163960802884e-01
1.247256026420161673e-01 1.245081431732213001e-01
1.071769531020825977e-01 1.872910292773634633e-01
1.007962424308780219e-01 2.150804655803640886e-01
8.267800766630983844e-02 3.096177454529250861e-01
7.083707673156912354e-02 3.842379125982130494e-01
3.158146647304502924e-02 6.983607045848627681e-01
-1.491770826424027258e-04 9.985398032433250304e-01
-1.551272140068894745e-02 8.490586718394428356e-01
-4.734846699187443553e-02 5.611114968167791872e-01
-6.118972698932009791e-02 4.524284576415605885e-01
-8.797379410011513245e-02 2.795414881968644183e-01
-1.091196455646757241e-01 1.793757617601242083e-01
-1.348374355734017760e-01 9.655948909936758195e-02
-1.379820206677387917e-01 8.896320171611354910e-02
-1.200790755565295104e-01 1.392818848839075252e-01
-1.027440204758339332e-01 2.063023392310893156e-01
-8.695837282167424853e-02 2.851504045480445781e-01
-9.268643375631831216e-02 2.544860306268703631e-01
-1.147273477167333189e-01 1.579121611330986663e-01
-1.235626994750538138e-01 1.280868699168519198e-01
-1.206842598577038128e-01 1.372852983038149177e-01
-1.087721307698837486e-01 1.807732828216071508e-01
-8.201010118266088833e-02 3.135559109088831287e-01
-5.994884489279465878e-02 4.616652521209321236e-01
-3.243245392175510278e-02 6.906433555389386303e-01
-3.011512355843505226e-02 7.117308424494286356e-01
-4.482601813992108386e-02 5.821843814473601775e-01
-5.306635676179289468e-02 5.147425794096471829e-01
-5.369018819829748934e-02 5.098056423663771541e-01
-5.976576392773352842e-02 4.630368287616858369e-01
-5.905378239694023673e-02 4.683920588191875511e-01
-6.427328509530340350e-02 4.299288388108570835e-01
-5.757218273524183222e-02 4.796440679818070318e-01
-5.414450022270844015e-02 5.062257658761891710e-01
-4.985735429086030068e-02 5.405213742845413893e-01
-5.130335487601905137e-02 5.288265847022659560e-01
-5.239336469578114580e-02 5.200960143023731774e-01
-6.114904233041762449e-02 4.527296547949669625e-01
-7.627186908329119941e-02 3.487277611325653170e-01
-8.505636501798359561e-02 2.958580748470003852e-01
-9.365099921113112513e-02 2.495547269346513330e-01
-1.073193494082412824e-01 1.867023217821646430e-01
-1.101655803372934561e-01 1.752175685439785469e-01
-1.086992374226835034e-01 1.810674342395631742e-01
-1.092908601708902916e-01 1.786901583387771053e-01
-1.161038453429336648e-01 1.529507938508128384e-01
-1.017608078856908210e-01 2.107006771438835191e-01
-9.364252324052643739e-02 2.495977700634173513e-01
-8.446643746389774499e-02 2.992326204156289804e-01
-7.055397931337274720e-02 3.861457200465898687e-01
-4.756884222759617808e-02 5.592879529346836964e-01
-2.335977498650351411e-02 7.744078956389094381e-01
-2.644502828660775162e-04 9.974114724508575947e-01
1.876579891876588996e-02 8.179077561467998914e-01
3.640598894123001084e-02 6.550393956417591701e-01
5.451913812343538862e-02 5.032835827036233889e-01
4.550240059417470784e-02 5.764980026987032158e-01
3.491760850304784919e-02 6.682902710926148515e-01
5.324774253273308749e-02 5.133045796317597942e-01
6.085068816513281714e-02 4.549418567147072157e-01
6.402070117128387527e-02 4.317473048227387089e-01
7.086419983750411045e-02 3.840554288592975540e-01
7.598538127685294796e-02 3.505464353003174827e-01
5.673645203362018968e-02 4.860548457686898471e-01
5.233403290154837323e-02 5.205693391306971396e-01
4.641611022535942210e-02 5.688578496701715004e-01
4.218151531126030501e-02 6.046618637800784679e-01
4.983701196140906398e-02 5.406868051277562426e-01
6.072015821782071610e-02 4.559115871641338247e-01
6.528870637374430130e-02 4.226629458353966529e-01
5.617534277959024269e-02 4.903846466571440965e-01
4.560411224143089137e-02 5.756451565077067567e-01
2.806224347798107546e-02 7.305966050145142887e-01
1.691634213282428370e-02 8.355862216352473171e-01
3.554991591015713159e-02 6.626481040283719315e-01
3.882503095180624836e-02 6.337321099044619377e-01
3.611950113479176633e-02 6.575817797262960562e-01
4.224762788197682084e-02 6.040952549467698551e-01
3.720273017807011751e-02 6.479897223814170548e-01
1.634336651994777734e-02 8.410803112104776602e-01
-1.864713533030034004e-04 9.981747546215478106e-01
-1.385482155041315409e-02 8.650278925112513395e-01
-2.763844494774697971e-02 7.345118861330464100e-01
-3.361230902992683178e-02 6.799962038236326833e-01
-2.024570338634336039e-02 8.038270301270117324e-01
2.642807634539839565e-03 9.741357588632287845e-01
2.252912986724468422e-02 7.822257150741007692e-01
4.987939181443247494e-02 5.403421858174157766e-01
7.854681959358784937e-02 3.344972932699891155e-01
1.130253728193131718e-01 1.642123359962676110e-01
1.388194465634813579e-01 8.702278137843418027e-02
1.501433432913364674e-01 6.396044157375821437e-02
1.440711579501423034e-01 7.561289916429554669e-02
1.396416157121354862e-01 8.515076248192637864e-02
1.337762440536955644e-01 9.923589234695751049e-02
1.194552441200249226e-01 1.413630779705639662e-01
1.108555243445145944e-01 1.725138939594814125e-01
1.029643957115556757e-01 2.053256273096812357e-01
9.146080840688129709e-02 2.608482458550532845e-01
7.676008499012088038e-02 3.456421843268319138e-01
6.103037874195207241e-02 4.536087866040806604e-01
4.994211399690712261e-02 5.398323489208509685e-01
4.234594914099113622e-02 6.032530427935609563e-01
3.552618319246402673e-02 6.628595348950887534e-01
4.267142641221093047e-02 6.004687681273122024e-01
4.740101800962345791e-02 5.606763932002984951e-01
4.423270019759334426e-02 5.871936831623092434e-01
4.574820374171047893e-02 5.744379686949768749e-01
3.875213760460598234e-02 6.343699047025864735e-01
3.089660804818672793e-02 7.045940236352752351e-01
2.334790862765696168e-02 7.745194215364387125e-01
1.084415679163011625e-02 8.941627696033839223e-01
-5.616178122662274751e-03 9.450699097471884080e-01
-1.704009130365263802e-02 8.344006609372031091e-01
-3.090508401879141220e-02 7.045167574126284249e-01
-4.690941171455191572e-02 5.647530250577627031e-01
-5.284259113782929784e-02 5.165194115344874382e-01
-6.205936157336047060e-02 4.460172343720646415e-01
-6.293408173976365594e-02 4.396205177932963615e-01
-5.511245606576312128e-02 4.986423760566773833e-01
-4.284772660078831064e-02 5.989630249278670160e-01
-2.966589711638690369e-02 7.158447463836619118e-01
-1.965916622049937099e-02 8.094004417371829518e-01
-1.090009819762101720e-02 8.936199966518452165e-01
-5.382241333973053488e-03 9.473546109817427840e-01
-4.812656109338423957e-03 9.529191172014487288e-01
-7.723304414986213208e-03 9.245134261237684115e-01
-2.195615425436818133e-02 7.876311885506961374e-01
-4.167295707497938734e-02 6.090282596672874638e-01
-6.325786381686250570e-02 4.372660280081145379e-01
-8.076413350377266431e-02 3.209893293194235331e-01
-8.634301735577432080e-02 2.885858820647516088e-01
-9.914003777472314705e-02 2.227515601532040201e-01
-8.201010118266088833e-02 3.135559109088831287e-01
-7.207626363397362512e-02 3.759543727716584405e-01
-7.764667151537062162e-02 3.400830619539435551e-01
-7.847901182875038906e-02 3.349160162990530987e-01
-7.688891974331205081e-02 3.448308164633088202e-01
-7.239156974046778714e-02 3.738642093366926211e-01
-5.892155725550720508e-02 4.693903258656362265e-01
-5.850284430763590809e-02 4.725591749368864836e-01
-5.470052389437558144e-02 5.018623063736818990e-01
-4.549731501181189519e-02 5.765406604912499677e-01
-3.678401723019882746e-02 6.516907058889775950e-01
-3.305119977589688479e-02 6.850520019027659391e-01
-3.200526500327913193e-02 6.945134843809555036e-01
-3.792827326183089570e-02 6.415970694746218062e-01
-5.163052734135976929e-02 5.261983198918394056e-01
-7.785348519812486379e-02 3.387944944397954794e-01
-9.825345124947341968e-02 2.269367533258881686e-01
-1.079024961858433829e-01 1.843055426819862619e-01
-1.179058366934890439e-01 1.466344160403449393e-01
-1.220115968543969975e-01 1.329828367587497506e-01
-1.173837169042406536e-01 1.484438838356316182e-01
-1.122116796412637035e-01 1.672897917428123604e-01
-9.980116348188834696e-02 2.196664753475036647e-01
-7.108457507322583913e-02 3.825746957599369669e-01
-5.317993476789562718e-02 5.138419071422550832e-01
-3.952514612375297720e-02 6.276200850608182336e-01
-2.567541015570263402e-02 7.527352635554793725e-01
-1.004232997242720214e-02 9.019477857383513264e-01
3.319190088793460506e-03 9.675194908046058639e-01
3.476843142040545419e-03 9.659776545977325490e-01
1.052037471453126476e-02 8.973052297454381376e-01
-1.219353131189548564e-02 8.810846910743097560e-01
-3.000832632881605955e-02 7.127081175989153916e-01
-3.180184170876676486e-02 6.963591851047535863e-01
-4.460733809832028579e-02 5.840283667978425353e-01
-6.772809071377176859e-02 4.055016960821049565e-01
-9.578016302702722917e-02 2.389045854783349854e-01
-1.045595733793568127e-01 1.983548237722491947e-01
-1.246696612360252560e-01 1.246785108760841698e-01
-1.179719492642055806e-01 1.464064917634835261e-01
-1.148460113051988640e-01 1.574797613092432103e-01
-1.010437407725347375e-01 2.139505076552319640e-01
-9.018771762205805842e-02 2.675712835422794922e-01
-7.681263600786991663e-02 3.453110862933951308e-01
-5.204076431862637853e-02 5.229121391773301486e-01
-3.796387233837056341e-02 6.412840822249856743e-01
-2.147132873578037546e-02 7.922129858702753324e-01
-4.319354620145933812e-03 9.577402237122711881e-01
1.773512089323656116e-02 8.277490284035935453e-01
3.903523502280235868e-02 6.318943970785901865e-01
5.123046152881878534e-02 5.294130564457585342e-01
5.245608687825579347e-02 5.195958813289356382e-01
5.721619196984519679e-02 4.823692277416685714e-01
6.118125101871541710e-02 4.524911978033766546e-01
5.923347297375949894e-02 4.670373068217006374e-01
6.035060589945658721e-02 4.586632915147229594e-01
5.542776217225729718e-02 4.961851048524809071e-01
6.500560895554792495e-02 4.246814694044682703e-01
6.211360778523043746e-02 4.456190187278387116e-01
5.989290348680375436e-02 4.620841064969282153e-01
5.854013857829651335e-02 4.722764569855698591e-01
6.312563867542947404e-02 4.382266780879796597e-01
7.191182980424279392e-02 3.770472321466914467e-01
6.937242901108008064e-02 3.941698736348689946e-01
6.846889054462097779e-02 4.003728697365067646e-01
6.024380866983758409e-02 4.594602221915141671e-01
3.757397769055518394e-02 6.447154672913908424e-01
2.321398829210298900e-02 7.757783897936065820e-01
1.940997268472171655e-03 9.810026159106541854e-01
-9.660911295216512151e-03 9.056543431913063325e-01
-3.447346764336252367e-02 6.722645477782187573e-01
-5.166104083553663129e-02 5.259535340786940516e-01
-5.902157370864244412e-02 4.686351191703169716e-01
-5.321553384443529489e-02 5.135597740760216023e-01
-4.399876340890412213e-02 5.891741950923030657e-01
-4.628558027804732106e-02 5.699463623348162145e-01
-4.742305553319563910e-02 5.604939785464790880e-01
-3.469384287908425235e-02 6.702914364979492001e-01
-2.851994589063390137e-02 7.263758960936759213e-01
-2.264101267922648611e-02 7.811714134934184539e-01
-7.789416985702733373e-03 9.238691871795084998e-01
1.491770826424027203e-03 9.853988312819408346e-01
1.037628321425167199e-02 8.987042226596227978e-01
5.570407881396993027e-03 9.455168819015555837e-01
9.569370812685946970e-03 9.065442228962661275e-01
9.598189112741867951e-03 9.062640630009530796e-01
1.139679007505538071e-02 8.888030222293811233e-01
5.472086622382681988e-03 9.464771015454842562e-01
1.603314599581642103e-02 8.440581401941942286e-01
1.484990049940281866e-02 8.554361177898006652e-01
1.315470637846642178e-02 8.717883537074557765e-01
1.433456148663815252e-02 8.604010310176786192e-01
7.377484814315189189e-03 9.278840806129842189e-01
9.596493918620930402e-03 9.062805426754804161e-01
7.594469661795048843e-03 9.257690065762105291e-01
-7.065569096062892726e-03 9.309253797683955112e-01
1.012030890199027691e-03 9.900941389340489618e-01
1.493805059369150874e-02 8.545874178683556810e-01
2.142386330039415532e-02 7.926619382698552041e-01
2.887593665603054721e-02 7.230987911703721238e-01
3.052366534158072048e-02 7.079967150036157175e-01
2.131537087665422506e-02 7.936883705303465764e-01
8.181006827639041717e-03 9.200543378997454447e-01
-1.996938674463072817e-03 9.804551999650373828e-01
-1.662815913226509124e-02 8.383485458960565628e-01
-2.072374812844742648e-02 7.992918168089402364e-01
-3.047619990619449687e-02 7.084302008444878229e-01
-3.830799674492064294e-02 6.382617994642503234e-01
-4.870970787098636429e-02 5.498934095281180490e-01
-6.151350906641894767e-02 4.500354298572694089e-01
-6.694830141814102353e-02 4.109422273212931520e-01
-6.166777173142416052e-02 4.488977987026867567e-01
-5.535825921329889931e-02 4.967262113441249793e-01
-5.000992176174457599e-02 5.392814421941323211e-01
-5.163900331196445009e-02 5.261303180518572820e-01
-5.325791369745870585e-02 5.132240054965411247e-01
-7.199997989853149094e-02 3.764611284315276807e-01
-7.919438374778554890e-02 3.305153286688896630e-01
-7.579043395294526864e-02 3.517873927661168132e-01
-8.176768842336699927e-02 3.149932816209128905e-01
-9.697527488228739612e-02 2.330677040538214062e-01
-1.147798987344823413e-01 1.577205600717202783e-01
-1.061411894941904771e-01 1.916140532746847536e-01
-1.116556559695965761e-01 1.694172587017523102e-01
-1.065904159362386083e-01 1.897302515791990107e-01
-9.501224009024304695e-02 2.427085434952131193e-01
-5.976745912185445903e-02 4.630241186710487566e-01
-1.676886024430281757e-02 8.369996331078443097e-01
1.944048617889857292e-02 8.114808580645845870e-01
4.525998783488079796e-02 5.785329946527792977e-01
6.864519073319835796e-02 3.991579898014069316e-01
8.318317551434888102e-02 3.066607138658605236e-01
9.878235181520558794e-02 2.244334114003319891e-01
1.291381929388136229e-01 1.116274339236901642e-01
1.484752722763350297e-01 6.700471149949689675e-02
1.626030200802189574e-01 4.462425410474702564e-02
1.640744485771917505e-01 4.270325219525827193e-02
1.621470128616870898e-01 4.523403904567272621e-02
1.592465357207649146e-01 4.927749569740681734e-02
1.507400516219060682e-01 6.289928303053179959e-02
1.281854938428473312e-01 1.143164092679957999e-01
9.188121654887353162e-02 2.586537502731970917e-01
6.291882499267523188e-02 4.397316397887299777e-01
3.887588677543434013e-02 6.332872962465108113e-01
1.847931111232763851e-02 8.206404615614762976e-01
-6.797728424954941956e-04 9.933462215469470724e-01
-1.585345541899716229e-02 8.457840155167474228e-01
-2.588561422669874781e-02 7.507771442154070884e-01
-4.462429003952965434e-02 5.838853259875251833e-01
-6.668215594115402267e-02 4.128088813020363013e-01
-7.061161591348458222e-02 3.857568406617819523e-01
-7.195590485138714243e-02 3.767541106882785762e-01
-7.967242848988960457e-02 3.275953318483608712e-01
-8.384091083327219196e-02 3.028384703215446505e-01
-8.241694777168563635e-02 3.111531603597344486e-01
-7.165076990961859182e-02 3.787862660455285635e-01
-6.975215249416982788e-02 3.915802650893025483e-01
-7.026579631281355820e-02 3.880936690756892071e-01
-5.902665929100525677e-02 4.685967366259378153e-01
-3.915220341714697322e-02 6.308727720592239852e-01
-2.599410665043867460e-02 7.497671225461306488e-01
-1.541440014167463728e-02 8.500040797289383221e-01
-2.493461032485342829e-02 7.596485432970445650e-01
-2.766048247131915397e-02 7.343081220101117523e-01
-2.483628906583911639e-02 7.605675395959857754e-01
-8.196263574727467513e-03 9.199057436979084512e-01
1.855559484776977269e-02 8.199126060709451824e-01
3.086778974813081389e-02 7.048567513616271762e-01
4.836727865855720843e-02 5.527050669969872931e-01
6.669741268824244673e-02 4.127017414527639483e-01
8.143203998742158667e-02 3.169905531075439264e-01
8.047425530909252389e-02 3.227349474201114399e-01
8.312723410835798354e-02 3.069872552600388382e-01
6.765350217245057196e-02 4.060202443389161475e-01
3.599575196396340160e-02 6.586811855962957374e-01
7.355447290743016668e-03 9.280989212916904707e-01
-2.017111484502215682e-02 8.045352462467745269e-01
-3.717221668389326245e-02 6.482591403603079616e-01
-4.680261448493291260e-02 5.656405009600015132e-01
-4.707893112664555263e-02 5.633456963638918680e-01
-7.171688248033511459e-02 3.783453998808845586e-01
-9.099463002362379038e-02 2.632965261307262383e-01
-1.051613672922892539e-01 1.957700548262895357e-01
-1.105436086262622936e-01 1.737323431245871574e-01
-1.104673248908201594e-01 1.740312998241542453e-01
-1.005826479716400434e-01 2.160590521384107843e-01
-7.515473615759413195e-02 3.558530974006064440e-01
-4.759935572177302621e-02 5.590356868712689220e-01
-3.459382642594900636e-02 6.711866474155082640e-01
-3.211884300938186443e-02 6.934837468656007697e-01
-2.464981771253611439e-02 7.623113817946286508e-01
-3.124751323122056459e-02 7.013977341954382716e-01
-2.837415919623337279e-02 7.277193847562877238e-01
-3.037109787069644865e-02 7.093903950099650357e-01
-3.195779956789290832e-02 6.949439880039440798e-01
-2.884881355009556031e-02 7.233482993824904561e-01
-3.063046257119971666e-02 7.070217144809040066e-01
-3.031007088234273159e-02 7.099481370086535570e-01
-2.969302022232188712e-02 7.155961264967413138e-01
-2.708920205256358515e-02 7.395962598492802353e-01
-2.892509728553770143e-02 7.226466318243025544e-01
-3.646532073546278341e-02 6.545133596938792486e-01
-4.111862859743319054e-02 6.138033843937842349e-01
-5.427503017002054120e-02 5.051996456475992270e-01
-5.863337425494802302e-02 4.715700658473764850e-01
-5.565491818446277605e-02 4.944187840706879555e-01
-5.479545476514801478e-02 5.011193000634905914e-01
-6.228312719732407438e-02 4.443758884083680583e-01
-7.205761649864331209e-02 3.760782078593325473e-01
-7.147107933279933656e-02 3.799860983611418330e-01
-8.091500578053598125e-02 3.200832121707286038e-01
-6.883505247474323852e-02 3.978521169347012387e-01
-4.824861507009166328e-02 5.536810300343746327e-01
-4.164244358080253228e-02 6.092906845910945890e-01
-1.903194439575290123e-02 8.153710496177528633e-01
-8.984528840962892023e-05 9.991205630072851340e-01
2.383612453448664265e-02 7.699347564628364893e-01
4.514810502289899607e-02 5.794733477247798747e-01
5.097448721655738896e-02 5.314751176190192217e-01
5.230182421325058062e-02 5.208263788834726071e-01
6.674148773538679524e-02 4.123923179883004497e-01
8.738556174015020550e-02 2.827816120763153029e-01
8.832808967139083034e-02 2.776020477509272277e-01
9.623617024555912447e-02 2.366655313978785757e-01
8.211520321815894696e-02 3.129340453742189276e-01
7.206270208100615249e-02 3.760444321816881486e-01
4.182721973998460019e-02 6.077023187789336589e-01
3.487183826178257701e-02 6.686994111279684905e-01
2.148658548286879952e-02 7.920686942190837687e-01
2.064915958712622290e-02 7.999990017720748359e-01
1.079160577388108867e-02 8.946726919271063005e-01
-7.967412368401053963e-05 9.992201218787279959e-01
-1.359037126754707690e-02 8.675803589548911621e-01
-3.117631507814123612e-02 7.020458359731223119e-01
-4.285281218315111634e-02 5.989196151847706595e-01
-4.348850997850226691e-02 5.935045577257724858e-01
-5.973016485119386765e-02 4.633037851422475706e-01
-5.871135318451108781e-02 4.709797091681328096e-01
-6.126431553064130148e-02 4.518765540926370505e-01
-7.820778076940057555e-02 3.365942501221267369e-01
-8.777715158208651558e-02 2.806218500681566530e-01
-1.092484803178668806e-01 1.788596821485317623e-01
-1.258376499853504638e-01 1.211586170993101952e-01
-1.354816093393576004e-01 9.496292664789200699e-02
-1.432269512779159593e-01 7.736086076560647062e-02
-1.586650841372837240e-01 5.012318288751142770e-02
-1.652932931501450153e-01 4.116488233391454865e-02
-1.668952515944299442e-01 3.921389510497615138e-02
-1.633014400580447556e-01 4.370362832176954981e-02
-1.622249917912501616e-01 4.512927334263999030e-02
-1.548424213945721606e-01 5.598776475678940434e-02
-1.452221947582581218e-01 7.328119768924612476e-02
-1.291093746387576846e-01 1.117080418580111145e-01
-1.083144283572309297e-01 1.826261122583197338e-01
-8.695159204519048446e-02 2.851881112200564949e-01
-5.753658365870217145e-02 4.799162092312384553e-01
-5.793156388888034275e-02 4.769014108028363230e-01
-5.445641594096074095e-02 5.037755413877064159e-01
-4.157972139832788461e-02 6.098302698872694050e-01
-2.227824113734609701e-02 7.845913442716961894e-01
-1.032373219650264268e-02 8.992145214055863311e-01
3.912508031121198805e-03 9.617175536365086819e-01
1.693668446227552041e-02 8.353913094671356898e-01
2.370898497541641323e-02 7.711279203886467482e-01
2.870302685569503520e-02 7.246899042538603730e-01
3.488709500887100107e-02 6.685630202853511950e-01
3.871992891630818973e-02 6.346518066911611688e-01
4.552952370010968780e-02 5.762705193662096548e-01
4.668225570234643684e-02 5.666414663802730178e-01
4.874361175340508751e-02 5.496154076838294378e-01
5.044728184494615825e-02 5.357348071080365592e-01
4.548375345884440868e-02 5.766544218093097030e-01
4.304436911881693445e-02 5.972855443166367184e-01
4.091859569116269857e-02 6.155305221639177926e-01
3.817746679760854189e-02 6.394074856872717927e-01
3.364451771822462439e-02 6.797064210227768966e-01
3.321563360562771600e-02 6.835689337707828717e-01
3.405984027785403934e-02 6.759739573178910055e-01
3.497863549140156625e-02 6.677449027859382324e-01
3.207137757399564776e-02 6.939140168980642009e-01
2.540248390223187255e-02 7.552800107361716808e-01
2.311736222720961464e-02 7.766871219356218381e-01
2.099497918779724692e-02 7.967216126360372463e-01
2.571270442636323234e-02 7.523877399261925669e-01
2.305972562709777615e-02 7.772293168735310287e-01
3.086778974813081389e-02 7.048567513616271762e-01
3.223920179196835406e-02 6.923931438207178157e-01
3.886063002834590913e-02 6.334207265725624314e-01
4.556342758252841102e-02 5.759862241809019512e-01
4.967257813167823277e-02 5.420249569734414408e-01
5.487851927707389915e-02 5.004696431617587926e-01
5.931653748568538331e-02 4.664117814730367462e-01
7.259160264673829299e-02 3.725418897346588487e-01
7.547173745820921764e-02 3.538220121910483629e-01
8.003180964352812898e-02 3.254111063747099353e-01
8.332726701462847552e-02 3.058206719299536580e-01
8.362223079167140083e-02 3.041057720985995139e-01
8.530555855376124874e-02 2.944402270280004341e-01
8.164563444665956515e-02 3.157186127764303185e-01
7.448682967394518184e-02 3.601562652190731795e-01
7.025223475984605781e-02 3.881854830524166244e-01
6.993014787686815947e-02 3.903699133949682931e-01
6.393424627111611580e-02 4.323707450010975117e-01
6.571080970985747338e-02 4.196636469232599698e-01
5.619907549728334756e-02 4.902010981804438838e-01
4.572616621813830468e-02 5.746225205569086558e-01
3.098475814247542495e-02 7.037906025650020325e-01
1.274616459532075009e-02 8.757376409901278524e-01
3.354789165333124743e-03 9.671713235297563216e-01
-7.575822526464747082e-03 9.259507505646898951e-01
-1.380566092090599641e-02 8.655022848180484729e-01
-2.013382057436155850e-02 8.048894139088653699e-01
-2.311566703308867363e-02 7.767030673097027327e-01
-2.451250698874026315e-02 7.635962484891544166e-01
-2.269186850285457788e-02 7.806923169837149956e-01
-3.038974500602674433e-02 7.092200045780270301e-01
-2.684000851678593896e-02 7.419067952418771927e-01
-3.700778285416243124e-02 6.497117881353293711e-01
-4.382415841444767257e-02 5.906543888341418969e-01
-4.245783195297293811e-02 6.022952999861912460e-01
-4.298164693634228678e-02 5.978203730582081210e-01
-4.239850015874016553e-02 6.028031094357766406e-01
-4.396316433236445442e-02 5.894758446261282314e-01
-4.516166657586648953e-02 5.793593277238200390e-01
-4.682634720262602440e-02 5.654432267903244380e-01
-3.920136404665412050e-02 6.304436016477170668e-01
-4.302741717760756590e-02 5.974300713833451404e-01
-4.595840781270658926e-02 5.726790253695571709e-01
-5.440556011733265612e-02 5.041746112094467325e-01
-5.585325589661232354e-02 4.928792752251619502e-01
-4.887244650659625100e-02 5.485596266526058251e-01
-3.993538310101958644e-02 6.240503865426314523e-01
-2.863521909085757489e-02 7.253141920807020249e-01
-2.190021284837728038e-02 7.881594895346674123e-01
-2.185952818947480697e-02 7.885437690525778365e-01
-2.356489347513681873e-02 7.724808210440223810e-01
-2.623482421561163999e-02 7.475276554900354142e-01
