-2.206227340633880041e-01 6.135982568020178531e-03
-2.226942612791723008e-01 5.660624315230026495e-03
-2.150048607466047701e-01 7.609069645458729422e-03
-1.886344210013182476e-01 1.953567337754865893e-02
-1.676275754546744379e-01 3.834824885680055556e-02
-1.542660553934537826e-01 5.691923083075803996e-02
-1.292297334213441673e-01 1.113716865525192085e-01
-1.241136375643581286e-01 1.263816617382345353e-01
-1.308164351185406304e-01 1.070110874849368038e-01
-1.404417473372175096e-01 8.336001154395045187e-02
-1.468258483966639605e-01 7.013004708800364695e-02
-1.514588139291830893e-01 6.164024682593111787e-02
-1.666714859704662988e-01 3.948165236223011992e-02
-1.659866275456080009e-01 4.031071737304246783e-02
-1.757458600998388354e-01 2.978251773935990804e-02
-1.906669587523209808e-01 1.823660012281575968e-02
-2.063305524297732729e-01 1.050241094371894349e-02
-2.048099633032933187e-01 1.109908149650212089e-02
-2.030791701058172749e-01 1.181433546037476481e-02
-1.984699372909912163e-01 1.392000360341463794e-02
-1.866561294621854883e-01 2.087616936462553807e-02
-1.733454652245929040e-01 3.212669613602969765e-02
-1.711332368967709017e-01 3.442393890073234403e-02
-1.608111998943891896e-01 4.706047223929177986e-02
-1.484583203351257097e-01 6.703624493111554061e-02
-1.248103623480629754e-01 1.242503528908874971e-01
-9.719904050625098602e-02 2.319860669916545826e-01
-7.523441028127814123e-02 3.553419271389613998e-01
-3.989300324799617548e-02 6.244187544695782854e-01
-1.232745164744946005e-02 8.797884313046432370e-01
1.004911074891094713e-02 9.018819102835389234e-01
3.077455407147931116e-02 7.057069915093862056e-01
3.980824354194935355e-02 6.251557691115368076e-01
4.182721973998460019e-02 6.077023187789336589e-01
4.606690023644652299e-02 5.717721751536891661e-01
5.199499407736109247e-02 5.232782614256723530e-01
5.487512888883203099e-02 5.004961511117635986e-01
5.620924666200897285e-02 4.901224457476426322e-01
5.218655101302690363e-02 5.217468406283651827e-01
5.400888469303352646e-02 5.072930132960080662e-01
5.134742992316338600e-02 5.284721327704272609e-01
3.268503784577462407e-02 6.883588179118106387e-01
3.003205904650916788e-02 7.124909049176602061e-01
2.633823105698876108e-02 7.465662770829559758e-01
3.729427066060068144e-05 9.996349506217006020e-01
-8.664137152105913509e-03 9.153502237384745222e-01
-1.611112492537949276e-02 8.433094054874132883e-01
-1.758255342235228585e-02 8.292081128778598931e-01
1.247662873009186503e-03 9.877879106449874991e-01
1.249866625366403798e-02 8.781316526895031060e-01
4.157972139832788461e-02 6.098302698872694050e-01
5.105416134024139130e-02 5.308328521669616329e-01
6.322056954620189351e-02 4.375368590091307519e-01
6.912323547530242751e-02 3.958748667446225777e-01
8.173208934682732463e-02 3.152047244592289799e-01
8.025896565573360786e-02 3.240353596952183501e-01
7.622948923026778845e-02 3.489964211054422671e-01
6.606849566937503249e-02 4.171317953239996879e-01
5.812651121278802901e-02 4.754172127440698947e-01
5.185768335356524816e-02 5.243774090928858822e-01
4.523964550542956820e-02 5.787039151131687653e-01
3.856566625130297687e-02 6.360026956635793649e-01
1.946591409071262227e-02 8.112388811665419697e-01
-1.019150705506960408e-02 9.004986809321031682e-01
-3.402593639543531612e-02 6.762783543871633274e-01
-4.856561637070676979e-02 5.510756820628002206e-01
-6.022007595214447923e-02 4.596374220974320801e-01
-6.143383494273493839e-02 4.506236304677307958e-01
-6.558197495666630294e-02 4.205777796690736148e-01
-7.785179000400391236e-02 3.388050438426980504e-01
-1.106097211969788163e-01 1.734735547321465121e-01
-1.192009650018844430e-01 1.422181457456748177e-01
-1.134864656202078798e-01 1.624872924715994038e-01
-9.726515307696752266e-02 2.316671686633732241e-01
-6.957754749971337138e-02 3.927697506296858876e-01
-5.662965480400120044e-02 4.868773662448995232e-01
-3.862838843377762454e-02 6.354532881621367535e-01
-2.723159835872224210e-02 7.382769963462647578e-01
-2.327501528045669565e-02 7.752046101731535632e-01
-2.007957436249159511e-02 8.054046376204655466e-01
-2.184596663650731699e-02 7.886718735517160850e-01
-2.283426480901323830e-02 7.793512857493467560e-01
-2.985745405205271832e-02 7.140895085133827092e-01
-3.442430701385536251e-02 6.727050090179063080e-01
-3.471588040265642661e-02 6.700942488820036402e-01
-3.433276653132479733e-02 6.735254744637383384e-01
-4.332916173113424835e-02 5.948598468461228084e-01
-4.842491525866904345e-02 5.522313294455496457e-01
-5.606345996760844774e-02 4.912504391938091741e-01
-4.730778233297196211e-02 5.614484622917377266e-01
-3.733326012538221161e-02 6.468377275963166362e-01
-2.997103205815545429e-02 7.130494984199831077e-01
-2.444808961214468487e-02 7.641992479053604237e-01
-2.626703290390943260e-02 7.472281679851835445e-01
-3.394626227175129990e-02 6.769938936330642809e-01
-3.402424120131437163e-02 6.762935756161559953e-01
-3.605169336995430601e-02 6.581841032600102004e-01
-3.919288807604944663e-02 6.305175877452806610e-01
-4.210353638169723328e-02 6.053304748332862806e-01
-4.639746309002912295e-02 5.690132912586457481e-01
-4.517522812883398298e-02 5.792453181487592362e-01
-4.031849697235120877e-02 6.207245714342979337e-01
-2.856741132602012151e-02 7.259386606957864974e-01
-7.307981855356798263e-03 9.285616726660408382e-01
4.322745008387806199e-04 9.957687653308711084e-01
-2.827583793721906175e-03 9.723281132334482546e-01
4.136273655084802691e-04 9.959512875934189990e-01
1.099841945663532911e-02 8.926661517345468866e-01
2.565337263213045976e-02 7.529406417544560748e-01
4.352919463740474032e-02 5.931587508801792197e-01
6.312733386955039772e-02 4.382143544637495669e-01
8.967407380341434198e-02 2.703168700161726612e-01
1.064480196300799514e-01 1.903259129596005794e-01
1.114742701986563833e-01 1.701156069199967480e-01
1.235321859808769518e-01 1.281818272809662207e-01
1.316877648967019476e-01 1.046741008267329243e-01
1.226574658144737734e-01 1.309270411944468415e-01
1.202706324921953285e-01 1.386475324270641518e-01
1.069328451486677711e-01 1.883033971957425445e-01
1.112284670511205775e-01 1.710653720785085263e-01
1.091925389118759970e-01 1.790836348799412503e-01
1.102774631492752927e-01 1.747770212332730722e-01
1.091111695940710502e-01 1.794097527524410318e-01
1.132321865020674140e-01 1.634369215242358619e-01
1.251578771428549508e-01 1.231977208065109519e-01
1.307842264302428448e-01 1.070982522081666694e-01
1.281753226781217336e-01 1.143453871043481895e-01
1.228456323618977025e-01 1.303327225146994617e-01
1.224116626669379954e-01 1.317065352801224110e-01
1.212945297412409140e-01 1.352941378719240972e-01
1.208571696580393179e-01 1.367188781157978872e-01
1.170056886152718162e-01 1.497644865646585721e-01
1.275752239593102300e-01 1.160652327027045239e-01
1.244052109531592065e-01 1.254863229900390065e-01
1.276091278417289809e-01 1.159675329275941247e-01
1.386702694808389646e-01 8.736594548965787022e-02
1.424641139234945897e-01 7.896824071200712891e-02
1.367953847830832848e-01 9.177171140163353780e-02
1.370394927364981530e-01 9.118827122937396557e-02
1.375683933022303074e-01 8.993427968494074887e-02
1.346882584907593827e-01 9.693223397309895517e-02
1.318250756204977781e-01 1.043095082406492041e-01
1.243713070707404694e-01 1.255901800165640514e-01
1.198247964383890585e-01 1.401273598909472951e-01
1.150663865409205927e-01 1.566790905451790339e-01
1.084059688397614879e-01 1.822544357092723000e-01
1.025016077165400302e-01 2.073805755395132788e-01
8.132354756368165294e-02 3.176378905449547263e-01
7.221865994013226819e-02 3.750095450603322389e-01
5.699412154000252362e-02 4.840734190448727770e-01
3.809609747980359507e-02 6.401221110668152692e-01
2.512447206639830191e-02 7.578748812437900995e-01
1.457358385769018383e-02 8.580975342690549956e-01
3.666704883585421640e-03 9.641209872491265376e-01
-9.150657864814658662e-03 9.106160628346893215e-01
-2.656369187507330587e-02 7.444715121230158772e-01
-3.977264446540969278e-02 6.254654259917533654e-01
-5.846894042521718488e-02 4.728162712998675854e-01
-7.897400851206380634e-02 3.318670246237952481e-01
-9.803816159611451753e-02 2.279613661616300135e-01
-1.134932463966916161e-01 1.624620255677179936e-01
-1.268005202460422975e-01 1.183151673735263615e-01
-1.294433278805821597e-01 1.107767230911779477e-01
-1.472988075564052035e-01 6.922200520939481017e-02
-1.648694946199109335e-01 4.169442476320048968e-02
-1.734302249306397259e-01 3.204133105604708986e-02
-1.682785299971140125e-01 3.759234122576950166e-02
-1.681513904380438074e-01 3.773898497819973968e-02
-1.601178654989262318e-01 4.803241261356135799e-02
-1.623385697973528941e-01 4.497704220818928705e-02
-1.630217330280902266e-01 4.407040111374636165e-02
-1.524894919547124250e-01 5.987095004279226890e-02
-1.333168464469217940e-01 1.004125538888176600e-01
-1.180041579525033524e-01 1.462955489919001983e-01
-1.158834701072119361e-01 1.537371095190830650e-01
-1.033559855534919719e-01 2.035983031058400394e-01
-9.146419879512315831e-02 2.608304974706587842e-01
-7.208812999282018796e-02 3.758755816028654939e-01
-5.955895024497928625e-02 4.645889038070138977e-01
-4.790788105178345191e-02 5.564880739344086891e-01
-3.439209832555757684e-02 6.729936473793769469e-01
-1.621283657263567629e-02 8.423330057689027983e-01
-4.132883266842930087e-03 9.595630432378035035e-01
8.231862651267131750e-03 9.195590346699858975e-01
7.636849514818457203e-03 9.253559663344277375e-01
1.679428815611686346e-02 8.367559041768546368e-01
2.528721070200819557e-02 7.563556028003856069e-01
2.922006106258063368e-02 7.199356940357737322e-01
3.930816127627312362e-02 6.295116913355454091e-01
5.220519814835720279e-02 5.215978862613017686e-01
6.234923976804059714e-02 4.438915991831294816e-01
7.655666169560851331e-02 3.469257417991752357e-01
9.301530141577997457e-02 2.527972226037360493e-01
1.055004061164765139e-01 1.943246548506495641e-01
1.130711430605784440e-01 1.640404918977510507e-01
1.138424563856045152e-01 1.611647439615731259e-01
1.283651844196666003e-01 1.138054105252529480e-01
1.523030206014094334e-01 6.018792678231413285e-02
1.714417622267813135e-01 3.409544870444597420e-02
1.863289569968447357e-01 2.110534350463132494e-02
1.919688678372001300e-01 1.744442480343386115e-02
1.977121855189326316e-01 1.429588711673900232e-02
2.069136992073753734e-01 1.028119331735942096e-02
2.173662661570691934e-01 6.955406414074538461e-03
2.231689156330344814e-01 5.556448504667201548e-03
2.316177631317814511e-01 3.967449394867384078e-03
2.461031968951829796e-01 2.166028319100779184e-03
2.467694081847109644e-01 2.104766253615910927e-03
2.465558137254729998e-01 2.124233999367061004e-03
2.457505965180281915e-01 2.199102810733246250e-03
2.464083318369514886e-01 2.137771262384971505e-03
2.374763540137376505e-01 3.119265257362331071e-03
2.335079045766255690e-01 3.673518348378370171e-03
2.311685366897333338e-01 4.040345166901522858e-03
2.243470755470852729e-01 5.305233742233925708e-03
2.174323787277857023e-01 6.937847298394876107e-03
2.125247917476748294e-01 8.353734674539007796e-03
2.049337124741217042e-01 1.104943229838734921e-02
1.965458919637283752e-01 1.489175034863614300e-02
1.848473573351463173e-01 2.217052200009862403e-02
1.827537925957898879e-01 2.375439898634235797e-02
1.750626968691014751e-01 3.043437184451820710e-02
1.723724237991754171e-01 3.312058904062505776e-02
1.716078912506331100e-01 3.391967074445222802e-02
1.696295997115003229e-01 3.606344334171115995e-02
1.672292048362544192e-01 3.881712800910793598e-02
1.648983129199668440e-01 4.165823585074732854e-02
1.563494489680846145e-01 5.361150879323363372e-02
1.546745971765994543e-01 5.625767958407584118e-02
1.414029224037884058e-01 8.124890068639005480e-02
1.328947431108086774e-01 1.015033732988255832e-01
1.278752733187159818e-01 1.152028109761923103e-01
1.169785655093368432e-01 1.498595783885430244e-01
1.013963411496894979e-01 2.123480365828458172e-01
8.987749709792670905e-02 2.692272305188347370e-01
8.087940670399632048e-02 3.202968656860996077e-01
6.757552324288748635e-02 4.065627819158423861e-01
5.251033309012576727e-02 5.191635321046763618e-01
4.010659770723416090e-02 6.225631280177122973e-01
3.304102861117126644e-02 6.851437776269331259e-01
3.080506756565616275e-02 7.054286909898854763e-01
3.054231247691101964e-02 7.078264426115977725e-01
2.917090043307347946e-02 7.203872760149692134e-01
2.866912297327630504e-02 7.250020255452249707e-01
2.453793490055430904e-02 7.633582614576555070e-01
2.368525225772330489e-02 7.713507038007995087e-01
2.981337900490836981e-02 7.144932363070838344e-01
3.655008044150959839e-02 6.537621743332184820e-01
3.630597248809475791e-02 6.559265256535899979e-01
4.225271346433964043e-02 6.040516794309898074e-01
4.047106444323548408e-02 6.194022607861795482e-01
5.126775579947938366e-02 5.291129602299964318e-01
5.918770273249421981e-02 4.673821807976257237e-01
5.516839747175402570e-02 4.982059417176278870e-01
5.251033309012576727e-02 5.191635321046763618e-01
4.801467828140244115e-02 5.556075154916730874e-01
3.765704220248106832e-02 6.439838015323378073e-01
3.889792429900650744e-02 6.330945844026191205e-01
3.685521538327815594e-02 6.510607858998502806e-01
3.472605156738204496e-02 6.700032468024327281e-01
4.064227904945006548e-02 6.179197849275889221e-01
4.285959295963486654e-02 5.988617377240273987e-01
5.377325271022337372e-02 5.091501343010945702e-01
4.704502724422682247e-02 5.636270281346886790e-01
5.612448695596215092e-02 4.907780879891519010e-01
8.357646055040612865e-02 3.043714619731701654e-01
1.086788950932322528e-01 1.811495857578390989e-01
1.245967678888249969e-01 1.249007751470858768e-01
1.216030550712513397e-01 1.342959392679907993e-01
1.350069549854954198e-01 9.613729430612696913e-02
1.425387024648157863e-01 7.880989783146134797e-02
1.306147070181492287e-01 1.075579321007559680e-01
1.113403498631024141e-01 1.706325788601058546e-01
9.159981432479807895e-02 2.601212401225642123e-01
8.605313916109419425e-02 2.902137786694146127e-01
9.089291837636762073e-02 2.638327759686305285e-01
7.858580905836937136e-02 3.342566788667136191e-01
7.265602002333386433e-02 3.721166694852700019e-01
6.961823215861585867e-02 3.924923953817259781e-01
6.920290959898643679e-02 3.953292538826890246e-01
6.432753130717337731e-02 4.295388710154496303e-01
5.870965799039015026e-02 4.709925387143996112e-01
5.787223209464757018e-02 4.773536212699686088e-01
5.081683416331030101e-02 5.327471316687510949e-01
4.741457956259095136e-02 5.605641346603205122e-01
5.082700532803591936e-02 5.326650202479156215e-01
4.895381582440120477e-02 5.478933287983129841e-01
4.440391480380791872e-02 5.857461149473056627e-01
3.555839188076181934e-02 6.625725994529083618e-01
3.655177563563054288e-02 6.537471541645698547e-01
3.392931033054193829e-02 6.771461732983099502e-01
3.649244384139777031e-02 6.542729426502080781e-01
2.079155589328487985e-02 7.986490627574212020e-01
3.466671977314927065e-03 9.660771241625170092e-01
-1.318521987264327684e-02 8.714935118991635754e-01
-3.370554470657833451e-02 6.791574873534209633e-01
-4.085587350868804396e-02 6.160725174568562057e-01
-4.217642972889749930e-02 6.047054588496947325e-01
-3.508882310926243753e-02 6.667606499869453973e-01
-1.811145398808444024e-02 8.241524788330041318e-01
-1.352764908507242923e-02 8.681859532336906327e-01
-6.728225465996550379e-03 9.342157339490094747e-01
-1.900651648393885534e-02 8.156133277957101635e-01
-3.482945840875915910e-02 6.690783313688360989e-01
-4.910299290704361191e-02 5.466728122961661551e-01
-5.000992176174457599e-02 5.392814421941323211e-01
-5.588037900254730350e-02 4.926689419572320983e-01
-6.728564504820737369e-02 4.085833587364522401e-01
-7.433087181481902450e-02 3.611657044038095732e-01
-7.349514111319739584e-02 3.666048613123141786e-01
-6.700424282413193489e-02 4.105505053695628348e-01
-5.742131045847849447e-02 4.807980002538825293e-01
-4.492603459305632985e-02 5.813419064948206483e-01
-2.707733569371703272e-02 7.397062327851904318e-01
-2.471253989501075859e-02 7.617246828558935645e-01
-3.781808564397003136e-02 6.425662390197043328e-01
-5.132030681722840604e-02 5.286902428603357240e-01
-5.176783806515561359e-02 5.250972377968098348e-01
-5.665338752169429837e-02 4.866945196011603914e-01
-4.374278909664272574e-02 5.913447660787178872e-01
-2.785373460110589922e-02 7.325220621518631070e-01
1.423963061586571441e-03 9.860624523417570453e-01
2.881151927943496199e-02 7.236914207095295204e-01
5.712973706967743731e-02 4.830323074626586832e-01
7.254244201723113183e-02 3.728666003807913354e-01
1.018642147270679699e-01 2.102349580863718537e-01
1.181245167350898628e-01 1.458815369681676910e-01
1.315301118434548666e-01 1.050939416678138699e-01
1.467783829612777091e-01 7.022170859969903423e-02
1.638303406237769100e-01 4.301706867036521331e-02
1.626996461451123421e-01 4.449592859362250935e-02
1.685158571740451305e-01 3.731989039968907490e-02
1.679852614141920109e-01 3.793132530183189466e-02
1.706399354075784358e-01 3.495472284039981975e-02
1.698838788296407609e-01 3.578164464815129092e-02
1.819384042236194821e-01 2.439706402736088395e-02
1.725588951524784087e-01 3.292812897882987921e-02
1.585209926370041433e-01 5.033460757366641641e-02
1.556272962725656905e-01 5.473957243002559869e-02
1.480531689402219131e-01 6.779349961462972918e-02
1.462359208425780821e-01 7.127619622352993067e-02
1.458917964360279818e-01 7.195177265442793957e-02
1.346831729083965423e-01 9.694496123608294103e-02
1.351713888152262510e-01 9.572916406387271815e-02
1.305875839122142279e-01 1.076316242205747342e-01
1.262224590508030098e-01 1.200159541270817976e-01
1.150765577056462180e-01 1.566422104260404846e-01
1.076753401736379179e-01 1.852364763678259196e-01
9.847213129107422469e-02 2.258993378057142232e-01
8.754830037576009916e-02 2.818826980112659752e-01
8.079464699794951243e-02 3.208059359596129867e-01
7.801283344549288234e-02 3.378037825311628328e-01
7.657700402505976389e-02 3.467972510581697199e-01
6.864688592731929551e-02 3.991463189349586660e-01
6.065913122946701291e-02 4.563653622611529848e-01
4.769428659254546649e-02 5.582512091048941194e-01
3.698235494234838883e-02 6.499365423106613360e-01
2.741806971202524756e-02 7.365505430985298529e-01
1.476005521099318755e-02 8.563013092509326185e-01
3.412425765444962369e-03 9.666076372967647989e-01
2.464812251841517945e-03 9.758771933596213088e-01
-5.505990504801410411e-03 9.461459825577944738e-01
-2.707903088783796680e-02 7.396905220431375660e-01
-3.087287533049361959e-02 7.048103851114431162e-01
-4.643645255481065881e-02 5.686882999390019400e-01
-5.749759419392063559e-02 4.802143643212544166e-01
-7.083368634332724845e-02 3.842607267579267738e-01
-6.570741932161558441e-02 4.196876882240460072e-01
-6.345450633489112258e-02 4.358395909470522689e-01
-5.260865434914007571e-02 5.183803681158644094e-01
-5.187633048889554732e-02 5.242280734325468483e-01
-3.625681185858761063e-02 6.563627488968963863e-01
-1.921502536081403506e-02 8.136271639689688362e-01
-1.117811003345458611e-02 8.909233160029925713e-01
-2.250878753779344404e-02 7.824174488954429574e-01
-3.523460980366296263e-02 6.654592802772736349e-01
-6.138297911910684662e-02 4.509993029103795958e-01
-7.465804428015976324e-02 3.590500980304439649e-01
-8.445965668741398091e-02 2.992715555184802256e-01
-8.471563099967537036e-02 2.978040765316540273e-01
-8.396466000410056363e-02 3.021228577083419631e-01
-6.953177725844809920e-02 3.930819158238074706e-01
-6.047265987616400745e-02 4.577534537455592023e-01
-4.515319060526180872e-02 5.794305890027737771e-01
-2.716718098212665689e-02 7.388737117812163024e-01
-1.927605234916774171e-02 8.130460714985158210e-01
-7.440206996789836859e-03 9.272726395279565770e-01
-3.271724653407241234e-03 9.679837233617999415e-01
-7.292725108268369866e-03 9.287104192663693247e-01
-1.469394264027666652e-02 8.569380688449904637e-01
-3.127972191951835373e-02 7.011046159059786120e-01
-4.523964550542956820e-02 5.787039151131687653e-01
-5.323757136800747608e-02 5.133851602878325426e-01
-6.898083916914377056e-02 3.968511255010656047e-01
-7.394606274936646462e-02 3.636638909330660585e-01
-8.748218780504357639e-02 2.822476501438672680e-01
-9.040809285777978710e-02 2.663991473544497501e-01
-9.497664101370338618e-02 2.428859027107529711e-01
-9.710750002372042777e-02 2.324281276777525052e-01
-9.428500181236133815e-02 2.463496500711840342e-01
-9.816021557282192389e-02 2.273800834478153787e-01
-1.048969170094231629e-01 1.969028705488740094e-01
-1.030881448823840335e-01 2.047786270658248642e-01
-1.028084378524295184e-01 2.060164939593021605e-01
-1.077109392501775786e-01 1.850903566774940723e-01
-9.641247043413649076e-02 2.358038242260658002e-01
-8.515977185936073057e-02 2.952691679210160958e-01
-8.116928489867644703e-02 3.185597994528482357e-01
-7.871125342331868058e-02 3.334832779363838817e-01
-7.683636872556301456e-02 3.451616237903152307e-01
-7.002677394176153036e-02 3.897138090233849272e-01
-6.752636261338035295e-02 4.069050365019587501e-01
-6.358503628220321668e-02 4.348942006762752666e-01
-6.675335409423335808e-02 4.123090349402174226e-01
-5.939621160936939259e-02 4.658122206200235871e-01
-6.572776165106682111e-02 4.195434524421023381e-01
-6.631090842866894930e-02 4.154209764079597189e-01
-7.713641808496876640e-02 3.432755138628815761e-01
-7.957241203675437247e-02 3.282048777530852668e-01
-8.372563763304852191e-02 3.035060714066753484e-01
-8.514621030639323018e-02 2.953463572980807306e-01
-7.941814937174913880e-02 3.291464518681535001e-01
-6.964535526455084558e-02 3.923075572132476152e-01
-6.634481231108768640e-02 4.151820285853511372e-01
-6.055402919396894734e-02 4.571474527975016855e-01
-5.525146198367991007e-02 4.975582741666951803e-01
-4.622794367793547909e-02 5.704273170781259950e-01
-3.398525173653284270e-02 6.766437000178270322e-01
-2.750961019455581275e-02 7.357034924845328172e-01
-2.957096624561446688e-02 7.167151507833955382e-01
-2.722651277635943640e-02 7.383240997898792290e-01
-2.822328691947003504e-02 7.291106121192187928e-01
-1.845557839463452671e-02 8.208669367137371164e-01
-1.527878461199972532e-02 8.513084407791304820e-01
-1.379209936793850642e-02 8.656331601127617015e-01
-1.412605260976297801e-02 8.624114258228988694e-01
-1.887768173074769185e-02 8.168411383465321585e-01
-2.091869545235510927e-02 7.974442632746996384e-01
-2.626364251566756097e-02 7.472596912074689346e-01
-3.021344481744936070e-02 7.108315431098588544e-01
-2.834703609029839283e-02 7.279694277092310095e-01
-3.484471515584759704e-02 6.689419104645745184e-01
-3.895895128736022450e-02 6.325610495141131828e-01
-4.612284164243742740e-02 5.713048447842530297e-01
-4.787058678112284665e-02 5.567957291486307358e-01
-4.685686069680288640e-02 5.651896366740580824e-01
-4.292401033623044482e-02 5.983120271141002533e-01
-3.123225648413213706e-02 7.015365950614638191e-01
-2.889458379136084984e-02 7.229272711763321535e-01
-2.732483403537374483e-02 7.374136057596847316e-01
-1.843184567694141837e-02 8.210934266517728730e-01
-1.344967015550935577e-02 8.689389609775084455e-01
6.475641541977026705e-04 9.936614811283399629e-01
1.203248787040652953e-02 8.826439019573524281e-01
1.625352123153814971e-02 8.419425129839307465e-01
1.861662183612348628e-02 8.193304322037617826e-01
1.962356714395970328e-02 8.097390237137089830e-01
1.386668790925970826e-02 8.649133912311470773e-01
1.050681316156377477e-02 8.974368862624847454e-01
5.928093840914572948e-03 9.420243403218755418e-01
-3.025921505871464502e-03 9.703879532028901744e-01
-1.487024282885405363e-02 8.552402492301203196e-01
-2.580085452065192242e-02 7.515665180605149986e-01
-3.437345119022727075e-02 6.731607756036590562e-01
-4.681956642614228115e-02 5.654995874989949822e-01
-6.257639578024606908e-02 4.422299067734892786e-01
-7.254922279371488203e-02 3.728218023897630351e-01
-7.764836670949155917e-02 3.400724873004041804e-01
-7.998603940226284292e-02 3.256887636973675448e-01
-7.830610202841487011e-02 3.359852726209013873e-01
-7.652275781318979009e-02 3.471399596886685091e-01
-7.794502568065542203e-02 3.382251366328566933e-01
-7.872820536452804219e-02 3.333788520428123681e-01
-7.837560498737326797e-02 3.355552123430556311e-01
-7.451903836224296751e-02 3.599480127681831121e-01
-7.760768205058908575e-02 3.403263365726679757e-01
-7.654649053088288801e-02 3.469899984177774455e-01
-8.035728691474790242e-02 3.234410520056035798e-01
-8.308315906121364891e-02 3.072446908186281522e-01
-8.485294172347122854e-02 2.970188507206330542e-01
-9.236265167921946240e-02 2.561562984345919780e-01
-9.818564348463597324e-02 2.272591146630217329e-01
-9.411378720614677063e-02 2.472123635153522236e-01
-9.047929101085913639e-02 2.660212059920659122e-01
-7.932999927746046953e-02 3.296852715449531956e-01
-6.945040794064313849e-02 3.936372435097882372e-01
-5.599565220277098049e-02 4.917755572399995501e-01
-4.042698939609113556e-02 6.197841366883888314e-01
-2.605513363879238473e-02 7.491991718524748656e-01
-1.685361995034963256e-02 8.361872637021382504e-01
5.153390127646639667e-04 9.949557144113825302e-01
1.225794868849107086e-02 8.804611341298116400e-01
2.369203303420705162e-02 7.712870494914211283e-01
2.445487038862842813e-02 7.641357676085772654e-01
2.945230265714891826e-02 7.178036686868896066e-01
3.128819789012303454e-02 7.010274868322717845e-01
2.600088742692241786e-02 7.497040102737242417e-01
1.240543057701253699e-02 8.790337938084580305e-01
1.340559510836500726e-02 8.693646261578571455e-01
8.701431422766513560e-03 9.149872190204979550e-01
2.746214475916959347e-03 9.731241238706889174e-01
1.033729374947013439e-02 8.990828274486947214e-01
2.618227319786261414e-02 7.480163739888334717e-01
3.436667041374353443e-02 6.732215534660201950e-01
3.902336866395580278e-02 6.319980791278032584e-01
2.249353079070501998e-02 7.825612578510363626e-01
1.123405143944548705e-02 8.903808411484461782e-01
-8.340355075007060710e-04 9.918363091904631723e-01
-7.038445990127910161e-03 9.311898884011633459e-01
-1.065768543832711253e-02 8.959723657624154569e-01
-1.384295519156659819e-02 8.651423965968133567e-01
-1.501094394089177476e-02 8.538857340724995693e-01
-2.599749703868054623e-02 7.497355662025722012e-01
-3.639920816474626064e-02 6.550995248360734768e-01
-4.992346686157682345e-02 5.399838971480994676e-01
-5.964710033926798327e-02 4.639270134679075452e-01
-8.498855725314614917e-02 2.962446656185178662e-01
-1.082330590394259828e-01 1.829569581955550472e-01
-1.250103952543334951e-01 1.236436024098607617e-01
-1.307960927890893799e-01 1.070661324123963754e-01
-1.326387687985472463e-01 1.021694111678209116e-01
-1.329015238872923999e-01 1.014857765625958586e-01
-1.216488253125166119e-01 1.341483363538771012e-01
-1.114183287926654720e-01 1.703314157057091438e-01
-1.029355774114997513e-01 2.054531617233465446e-01
-9.516819794936920429e-02 2.419326039441564158e-01
-9.467489646017671068e-02 2.443928563201342163e-01
-9.606326044522359164e-02 2.375128057365319401e-01
-9.095903094708411574e-02 2.634841288024913908e-01
-8.612603250829446722e-02 2.898038498630545745e-01
-7.233223794623501457e-02 3.742569749748704266e-01
-5.109484599914386471e-02 5.305050372916545465e-01
-5.208822975401259520e-02 5.225325944417038571e-01
-5.854013857829651335e-02 4.722764569855698591e-01
-6.765858775481338461e-02 4.059848763273901096e-01
-7.629221141274244999e-02 3.485988505633372814e-01
-9.011143388661592424e-02 2.679778394917948781e-01
-1.118963735347695415e-01 1.684937684853077544e-01
-1.076719497853960428e-01 1.852503969333237077e-01
-1.096570221010125523e-01 1.772303981623787328e-01
-1.101960938314703320e-01 1.750973380056257134e-01
-1.166785161499311052e-01 1.509145758978900353e-01
-1.183957477944396625e-01 1.449518077811423333e-01
-1.091603302235782114e-01 1.792126709782768945e-01
-1.067158603011879175e-01 1.892066299442164701e-01
-9.117601579456398320e-02 2.623420631358642230e-01
-8.276107217823572282e-02 3.091302453258687466e-01
-7.744155302673731700e-02 3.413641349548836024e-01
-7.581755705888024166e-02 3.516145730547427517e-01
-7.282723462954844573e-02 3.709879276170227058e-01
-6.803661604378220817e-02 4.033609573006021742e-01
-7.436308050311682405e-02 3.609570894661127127e-01
-7.059805436051708183e-02 3.858483203801768013e-01
-6.955720517026214855e-02 3.929084723462294981e-01
-7.323069083033131865e-02 3.683364515230130865e-01
-7.493436092187238939e-02 3.572693621972634626e-01
-7.060822552524269324e-02 3.857797093616825990e-01
-6.283406528662839607e-02 4.403492747593288348e-01
-6.293916732212646858e-02 4.395834806746869994e-01
-5.765524724716771660e-02 4.790093959935226575e-01
-6.833836059730886980e-02 4.012737639477272911e-01
-6.077609962381161357e-02 4.554958475037982346e-01
-4.373092273779617678e-02 5.914454767626111664e-01
-2.874032112635563352e-02 7.243466231464326111e-01
-2.558895525553487454e-02 7.535410772424073755e-01
-1.293941672510749881e-02 8.738691254038020162e-01
-2.529907706085475147e-02 7.562448584669734242e-01
-4.010490251311322335e-02 6.225778458910556923e-01
-4.804010619321648357e-02 5.553979580374349689e-01
-5.794682063596878069e-02 4.767851656562333007e-01
-6.123719242470631458e-02 4.520772026759056761e-01
-5.301719613228574740e-02 5.151326743275548292e-01
-4.675345385542576532e-02 5.660492443968119236e-01
-5.158645229421542078e-02 5.265520011204056772e-01
-6.471742595498873596e-02 4.267419707050333910e-01
-6.953347245256903675e-02 3.930703514966316092e-01
-6.935208668162883006e-02 3.943088916055725868e-01
-6.583286368656487975e-02 4.187986940090168142e-01
-6.274421999821877538e-02 4.410045052705983126e-01
-5.307313753827663794e-02 5.146887851433377126e-01
-3.381403713031826130e-02 6.781820212532645442e-01
-2.576695063823319573e-02 7.518823397205787185e-01
-2.767404402428664395e-02 7.341827379082371818e-01
-3.489726617359661942e-02 6.684720990731090051e-01
-3.546854659235218477e-02 6.633731205572175327e-01
-2.350217129266217106e-02 7.730699449608933183e-01
-5.429706769359272239e-02 5.050265116619718775e-01
-7.861632255254624724e-02 3.340684490255303452e-01
-1.134288290200960309e-01 1.627021796738065684e-01
-1.409214872734424751e-01 8.230088405561972187e-02
-1.540897552048763886e-01 5.720668609146379452e-02
-1.699754193121713608e-01 3.568065330864576140e-02
-1.753051096283953780e-01 3.020169334457215374e-02
-1.757458600998388354e-01 2.978251773935990804e-02
-1.747524763449701257e-01 3.073435751463524795e-02
-1.737370550665292002e-01 3.173391720206799466e-02
-1.613011109953398359e-01 4.638361908654453636e-02
-1.540253378282808172e-01 5.731201555240044571e-02
-1.481616613639618329e-01 6.759004042588498407e-02
-1.375633077198674947e-01 8.994627152360003264e-02
-1.373497132606295301e-01 9.045108041150523581e-02
-1.194603297023877353e-01 1.413460165992486139e-01
-1.077024632795728909e-01 1.851251394204543876e-01
-9.528516634371378413e-02 2.413517844737810003e-01
-9.583101885065532788e-02 2.386541463211830916e-01
-8.648880405017485284e-02 2.877694812385844791e-01
-8.360358365634111555e-02 3.042139977075738466e-01
-7.696689867287512254e-02 3.443403101808099054e-01
-7.404268881425984938e-02 3.630355890713795608e-01
-7.061500630172645732e-02 3.857339727816969654e-01
-7.025392995396699536e-02 3.881740055889498775e-01
-6.664486167049342435e-02 4.130708473913650147e-01
-6.818070754406178879e-02 4.023634619012537161e-01
-6.347484866434235928e-02 4.356921802700194357e-01
-3.998284853640580311e-02 6.236379249134278435e-01
-1.448204337515961865e-02 8.589795842933414249e-01
1.270717513053921249e-02 8.761147056983851211e-01
3.354619645921030902e-02 6.805911677368194912e-01
3.899624555802082282e-02 6.322350935709970532e-01
4.141020198623424076e-02 6.112896590223328985e-01
4.003539955415483242e-02 6.231814072166690366e-01
4.541764088812788591e-02 5.772091582386055242e-01
5.204584990098918423e-02 5.228714669675267324e-01
3.572282571049263666e-02 6.611084832763971519e-01
1.191721467018285428e-02 8.837602455628796871e-01
2.322415945682860996e-03 9.772704233172762045e-01
-2.678406711079503368e-03 9.737874863477592458e-01
-1.890650003080360936e-02 8.165664577584381689e-01
-2.741467932378337594e-02 7.365819214384097258e-01
-3.837241412151622816e-02 6.376967106495181614e-01
-4.561258821203557218e-02 5.755741126315887524e-01
-5.927415763266197235e-02 4.667308695184115841e-01
-5.816550067756957876e-02 4.751206744730958054e-01
-6.622445352850118983e-02 4.160306572781168333e-01
-6.914357780475366422e-02 3.957355185416672194e-01
-7.234410430508157741e-02 3.741784016412890157e-01
-8.889597970190453446e-02 2.745123411665247870e-01
-9.723633477691159821e-02 2.318061377157918101e-01
-1.039357419428522250e-01 2.010602340689945366e-01
-1.071227068902126378e-01 1.875156553638846479e-01
-1.021913871924086809e-01 2.087663130691663205e-01
-1.012590304258936674e-01 2.129710522679951479e-01
-9.514616042579701616e-02 2.420421426130156539e-01
-7.858580905836937136e-02 3.342566788667136191e-01
-6.506324555565975998e-02 4.242700609700662540e-01
-4.909790732468079927e-02 5.467143988548066602e-01
-2.747062072977427341e-02 7.360642344774912527e-01
-2.068136827542401551e-02 7.996936064950020961e-01
-1.076278747382516943e-02 8.949523450592722362e-01
-5.456829875294254457e-03 9.466261080796826155e-01
-5.139828574679148818e-03 9.497225432663831679e-01
-7.748732326800259959e-03 9.242656360906764679e-01
-5.214417116000349788e-03 9.489939009312826634e-01
1.764697079894786717e-03 9.827278622984694234e-01
3.603982701110774838e-03 9.647343297561417064e-01
1.631624341401279737e-02 8.413405787027802285e-01
2.428874136477666285e-02 7.656914856896362975e-01
3.143567977864450413e-02 6.996859299151136913e-01
1.608230662532357524e-02 8.435860954966318825e-01
4.275279573001587036e-03 9.581710525725445349e-01
1.040849190254946070e-03 9.898120774556065093e-01
-1.978630577956959694e-02 8.081915091266183016e-01
-2.952180561610731266e-02 7.171660392226130165e-01
-4.104404005611198697e-02 6.144471545328369366e-01
-4.621268693084704809e-02 5.705546606700715451e-01
-5.786375612404289631e-02 4.774182417227840203e-01
-7.443597385031708313e-02 3.604852373176495872e-01
-9.693798061162678392e-02 2.332483206057258673e-01
-1.075549813910514352e-01 1.857311256876549299e-01
-1.169853462858205934e-01 1.498358011590019134e-01
-1.173633745747894030e-01 1.485147227531428971e-01
-1.170633252153836651e-01 1.495625677595258385e-01
-1.148714392170128995e-01 1.573872198745008555e-01
-1.075210775086326981e-01 1.858706379095160510e-01
-1.089806396467589283e-01 1.799338128589261787e-01
-1.111013274920503724e-01 1.715581698319073589e-01
-1.008267559250548701e-01 2.149409260531354171e-01
-8.964356030923747998e-02 2.704805737768720131e-01
-8.671426486825939417e-02 2.865099478536994870e-01
-7.709234303782441788e-02 3.435521603546407565e-01
-6.783319274926982723e-02 4.047716797698555080e-01
-5.619059952667868063e-02 4.902666470080587757e-01
-4.044394133730049717e-02 6.196372493173567531e-01
-4.062024152587789122e-02 6.181105124698672570e-01
-2.918954756840377515e-02 7.202159749214088746e-01
-1.781140462867869881e-02 8.270197064838685774e-01
-1.183415015825696991e-02 8.845648114427316910e-01
-3.259858294560686633e-03 9.680997831856162916e-01
-9.805002795496104914e-03 9.042538446054391166e-01
-1.853525251831853946e-02 8.201066858796554060e-01
-1.870646712453311739e-02 8.184735223805131854e-01
-1.366835019711015037e-02 8.668275652680135224e-01
-2.140691135918479371e-02 7.928222949140795173e-01
-2.717735214685228218e-02 7.387794831928109485e-01
-2.822498211359096912e-02 7.290949754346844891e-01
-3.681622591849662007e-02 6.514057115667291065e-01
-3.794861559128212547e-02 6.414182118925338960e-01
-3.510407985635085465e-02 6.666244135294907558e-01
-2.922684183906438041e-02 7.198734144539300495e-01
-1.851830057710917438e-02 8.202684273862199671e-01
-1.322420933742481444e-02 8.711167953188468926e-01
-6.616342654014747623e-03 9.353072557030575052e-01
-3.085253300104238050e-04 9.969800530865919885e-01
-3.546346100998937212e-03 9.652979600123599013e-01
4.421066267402116480e-03 9.567460501144200435e-01
-1.072040762080176020e-02 8.953636231369361820e-01
-1.854203329480228271e-02 8.200419913975739439e-01
-1.967103257934592342e-02 8.092875889238618781e-01
-1.004063477830626459e-02 9.019642547065174210e-01
-1.076617786206704105e-02 8.949194440192319577e-01
-3.173403394392930628e-03 9.689453819394400202e-01
-2.207142745459186178e-03 9.783983266191447203e-01
-1.400399863305555777e-02 8.635886526693113963e-01
-2.233079215509512633e-02 7.840956769095639434e-01
-3.136617681968611321e-02 7.003180425809532039e-01
-3.836224295679060980e-02 6.377859213518031201e-01
-3.204764485630254289e-02 6.941291885615008539e-01
-2.996933686403451674e-02 7.130650170827187440e-01
-2.956927105149352933e-02 7.167306970343639838e-01
-1.998633868584009238e-02 8.062903737204675236e-01
-3.145093652573292820e-02 6.995472010291374776e-01
-2.199853410739159229e-02 7.872310249129887971e-01
-2.466507445962454192e-02 7.621686587814954228e-01
-3.681283553025474498e-02 6.514357085954298743e-01
-3.150518273760289506e-02 6.990540232010351573e-01
-2.221043337250864363e-02 7.852310428716336999e-01
-1.305468992533117406e-02 8.727549030752727033e-01
-2.617379722725793247e-03 9.743845279386416092e-01
-5.343251869191515888e-03 9.477354366988434142e-01
7.853834362298316857e-03 9.232415147287353907e-01
3.987096572442399775e-03 9.609883029653274455e-01
-4.736372373896286306e-03 9.536645420646887583e-01
-1.734522624542118863e-02 8.314789578295929129e-01
-2.372254652838390321e-02 7.710006239709912279e-01
-3.926069584088689307e-02 6.299258017160961343e-01
-4.786719639288097849e-02 5.568237018731110322e-01
-6.126262033652037087e-02 4.518890931684639289e-01
-7.781280053922237649e-02 3.390477377129169634e-01
-9.131502171248076505e-02 2.616122087913379524e-01
-9.367812231706609816e-02 2.494170234331945513e-01
-7.863836007611840762e-02 3.339325473455668769e-01
-5.648725849784254349e-02 4.879752172991470571e-01
-4.120508349760094308e-02 6.130575649610542355e-01
-3.567536027510641999e-02 6.615309832885687413e-01
-2.020501872744088698e-02 8.042133101037118870e-01
-2.566523899097701480e-03 9.748820734664572774e-01
6.987590166499819261e-03 9.316858623454963295e-01
2.142725368863602695e-02 7.926298679825453108e-01
2.919632834488752188e-02 7.201536870615132813e-01
1.929808987273991597e-02 8.128362575728742545e-01
1.754525915169168407e-02 8.295648669044466406e-01
7.363923261347697473e-03 9.280162896464656530e-01
-9.510039018453173530e-04 9.906914495975314150e-01
-4.668564609058831194e-03 9.543271756541038542e-01
-5.253406580781887387e-03 9.486130364778245783e-01
-8.518350457705383197e-03 9.167694091978948467e-01
-1.037967360249354362e-02 8.986713015814846717e-01
-1.299874851934027312e-02 8.732955975459106845e-01
-5.319519151498406685e-03 9.479672494505665403e-01
-2.125773427654238917e-03 9.791945195316367201e-01
-4.616013591309802745e-03 9.548407382079486805e-01
3.749769395511305149e-03 9.633087552555312794e-01
-6.221362423836567868e-04 9.939103709660213060e-01
-1.496686889374742972e-02 8.543099943544785191e-01
-2.320042673913549555e-02 7.759059128447750586e-01
-4.819267366410075887e-02 5.541414165415209370e-01
-6.639905852295764632e-02 4.147998793581573196e-01
-7.182537490407504832e-02 3.776226054073570371e-01
-8.288821173730594183e-02 3.083850449093105683e-01
-9.952315164605478326e-02 2.209600733740071654e-01
-9.741772054785179102e-02 2.309324260173122589e-01
-9.728888579466062059e-02 2.315527675491156623e-01
-9.384594653503880446e-02 2.485661521167810695e-01
-8.203213870623306259e-02 3.134254530830914987e-01
-6.990471996505411012e-02 3.905426828356804991e-01
-6.119481257168291055e-02 4.523908158803469082e-01
-5.579053371413768281e-02 4.933658533161523474e-01
-3.831477752140439313e-02 6.382023066257100918e-01
-2.799104532490174699e-02 7.312538899330695008e-01
-1.444983468686182777e-02 8.592899767318049609e-01
-1.116115809224522276e-02 8.910877123144524958e-01
-1.756221109290104611e-03 9.828108089151748050e-01
1.046443330854036381e-02 8.978483308800080387e-01
2.640095323946340874e-02 7.459833360113793388e-01
3.923018234671004495e-02 6.301920763597763653e-01
4.762986921594988127e-02 5.587834755190372871e-01
5.842486537807283636e-02 4.731506105014928742e-01
7.159482850362769435e-02 3.791595510341797537e-01
8.386803393920717886e-02 3.026815283160619319e-01
8.720417596921001269e-02 2.837857910369023240e-01
8.052850152096248382e-02 3.224078167184529775e-01
7.029122422462760755e-02 3.879215531781092796e-01
5.684155406911824832e-02 4.852461081941622512e-01
4.574481335346860383e-02 5.744663594812425833e-01
2.455488684176367759e-02 7.631996157340070752e-01
2.013551576848249605e-02 8.048733145182296322e-01
2.071527215784274220e-03 9.797253262554113107e-01
3.715865513092577160e-03 9.636402740125646904e-01
3.220868829779149792e-05 9.996847300796104507e-01
-1.912178968416253060e-03 9.812846215369812608e-01
-7.726694803228087438e-03 9.244803870332087836e-01
-2.138317864149168190e-02 7.930468087881558104e-01
-6.141688300152557678e-02 4.507488351181231367e-01
-7.898078928854757041e-02 3.318253813116208706e-01
-7.594469661795047455e-02 3.508051905405540349e-01
-1.068124863660812746e-01 1.888040193804587374e-01
-1.355019516688088232e-01 9.491285201714594333e-02
-1.479378957399982153e-01 6.801022119514568698e-02
-1.617757653492019887e-01 4.573560232623258281e-02
-1.675970619604975897e-01 3.838399364708763861e-02
-1.672664991069149898e-01 3.877302932885728221e-02
-1.724487075346175513e-01 3.304174048014871246e-02
-1.735929635662496473e-01 3.187796958346868909e-02
-1.721740860870258627e-01 3.332634178538788211e-02
-1.626301431861539581e-01 4.458820174301202782e-02
-1.505959601216264876e-01 6.315419979388972593e-02
-1.356731662750234046e-01 9.449222007286019187e-02
-1.190585686957258138e-01 1.426986981223405115e-01
-9.995542614689356675e-02 2.189510120129070925e-01
-8.372733282716947334e-02 3.034962467342883219e-01
-6.628717571097583749e-02 4.155882877286616317e-01
-5.392921056934952412e-02 5.079205662968593327e-01
-4.749933926863778022e-02 5.598627630817575307e-01
-3.214766130943778888e-02 6.932225592095454525e-01
-2.466168407138267030e-02 7.622003743148210164e-01
-1.583480828366685966e-02 8.459631578971993360e-01
-4.734677179775350492e-03 9.536811075198532439e-01
1.066277102068992171e-03 9.895632007262591401e-01
6.753653377810597130e-03 9.339676778244833111e-01
1.146120745165096419e-02 8.881785890236097991e-01
1.612807686658885784e-02 8.431466555998513579e-01
1.389381101519469169e-02 8.646516845667850948e-01
2.613989334483920318e-03 9.744176973356131199e-01
-2.053388638690254592e-02 8.010922431805009847e-01
-2.995068972870422105e-02 7.132357301317417964e-01
-4.282738427133707393e-02 5.991366780194318231e-01
-4.588042888314351753e-02 5.733312412089204280e-01
-4.991329569685119816e-02 5.400665687006845905e-01
-5.745012875853441198e-02 4.805774706215218961e-01
-6.492763002598485322e-02 4.252384480239416176e-01
-7.525814299897123916e-02 3.551897523663219980e-01
-9.261184521499711553e-02 2.548701377828918591e-01
-9.291528496264471471e-02 2.533100090839432994e-01
-7.741782030904420520e-02 3.415125554141460462e-01
-5.975559276300790312e-02 4.631130933491599544e-01
-4.231204525857240606e-02 6.035434017156771080e-01
-3.261214449857435804e-02 6.890178262056875225e-01
-2.109330044681155883e-02 7.957904507960646967e-01
-1.557035800080078421e-02 8.485045670329276479e-01
-1.266649047163673908e-02 8.765081942061201392e-01
4.773666644556887224e-03 9.533001070775978247e-01
