1.135983484321896747e-01 1.620707637579667793e-01
1.174057544278128279e-01 1.483671705088544790e-01
1.145578283046396750e-01 1.585314187903772154e-01
1.128083879718333044e-01 1.650288316369868669e-01
1.081228714215651115e-01 1.834056794586953199e-01
1.096180326362310165e-01 1.773854159400042041e-01
1.094417324476536363e-01 1.780876140825279619e-01
1.118014426639971082e-01 1.688575141107991617e-01
1.143374530689179464e-01 1.593391725508462031e-01
1.155952871066527471e-01 1.547699542666177985e-01
1.128016071953495542e-01 1.650543957908856274e-01
1.108843426445705049e-01 1.724016399708016567e-01
1.095434440949098198e-01 1.776822502146611360e-01
1.114980029163494812e-01 1.700241129963157294e-01
1.140984306978659185e-01 1.602187552866209952e-01
1.108521339562727054e-01 1.725271038683599267e-01
1.070311664076820796e-01 1.878951582578806956e-01
1.055834706284023983e-01 1.939717173629037783e-01
1.033373384181616866e-01 2.036803184258712540e-01
1.035102482184971917e-01 2.029207254661047899e-01
9.908070598049038835e-02 2.230299206046013616e-01
8.890784606075108343e-02 2.744480291382613846e-01
7.703470643771256898e-02 3.439141414937978425e-01
7.103710963783962939e-02 3.828933298032252130e-01
8.049968322090657324e-02 3.225815782281215016e-01
8.513603914166760489e-02 2.954042581106896548e-01
8.231862651267132791e-02 3.117327203345493514e-01
8.101163184542936602e-02 3.195037606728532431e-01
6.768910124899023273e-02 4.057727065124121513e-01
5.594649157326383321e-02 4.921564542411601684e-01
5.116265376398132503e-02 5.299589053831643692e-01
4.061685113763601612e-02 6.181398574307491733e-01
3.483962957348479134e-02 6.689873828974388648e-01
2.962860284572630537e-02 7.161866474384512848e-01
2.503123638974680612e-02 7.587457189658016743e-01
2.540926467871561928e-02 7.552167552166206832e-01
2.952858639259105938e-02 7.171038419080572046e-01
2.925905052736216608e-02 7.195776115821563845e-01
3.201543616800475028e-02 6.944212462898406990e-01
3.677215087135227850e-02 6.517957164993871677e-01
4.055412895516136151e-02 6.186828479530352976e-01
4.251207816484290497e-02 6.018311841238397353e-01
4.697721947938936216e-02 5.641898926934217906e-01
5.382580372797240303e-02 5.087356509779084046e-01
5.189836801246772158e-02 5.240516136576744977e-01
4.845203836460403729e-02 5.520084624338533752e-01
5.299685380283451069e-02 5.152941373654202906e-01
6.162369668427981895e-02 4.492226711989769639e-01
6.693473986517353702e-02 4.110372232980126217e-01
7.329510820692688999e-02 3.679141902956953869e-01
7.909945287701311556e-02 3.310971646361614562e-01
8.790768152939862357e-02 2.799044005072156560e-01
9.694815177635240921e-02 2.331990518037092841e-01
1.033441191946454230e-01 2.036504919189164597e-01
1.126931147716096482e-01 1.654638237246368049e-01
1.271836341173739338e-01 1.171983117606777702e-01
1.393856413998741106e-01 8.573010910284478703e-02
1.446831230278003422e-01 7.436586301652177433e-02
1.551051764833173141e-01 5.556731604211719022e-02
1.575225232997725933e-01 5.182007176186467778e-02
1.496686889374742868e-01 6.481495811597186296e-02
1.409570863499821358e-01 8.222272406002746614e-02
1.305909743004560752e-01 1.076224105415301141e-01
1.179177030523356207e-01 1.465934867796895580e-01
1.115132596634379053e-01 1.699653147595394098e-01
1.069481018957561952e-01 1.882400073472984547e-01
1.067887536483881628e-01 1.889028481941879001e-01
1.080957483156301385e-01 1.835162576254028011e-01
1.090637041586848266e-01 1.796001899251892797e-01
1.061835693472138881e-01 1.914357564007078405e-01
1.024439711164281952e-01 2.076375339688291410e-01
1.024321047575816462e-01 2.076904655453505610e-01
9.477830330155383176e-02 2.438756981935851775e-01
9.668539668760726957e-02 2.344741738670439168e-01
8.808059132973414251e-02 2.789559144735111462e-01
8.805007783555726664e-02 2.791231369003926988e-01
8.395618403349587588e-02 3.021718367036408393e-01
8.748049261092263884e-02 2.822570120599104948e-01
8.713806339849348992e-02 2.841523938873414257e-01
8.952659191489285850e-02 2.711087281193877430e-01
8.814161831808783876e-02 2.786216720435312211e-01
8.643625303242583047e-02 2.880635872858164359e-01
8.431895557537626151e-02 3.000802140716671840e-01
8.660577244451946044e-02 2.871155782594513317e-01
1.049121737565115869e-01 1.968373869113002328e-01
1.097383914188175130e-01 1.769072046367460571e-01
1.093756198769371135e-01 1.783514657818071059e-01
1.145985129635421484e-01 1.583826312166415062e-01
1.218064783657636929e-01 1.336408769432665677e-01
1.233355434628483210e-01 1.287950749852068699e-01
1.305909743004560752e-01 1.076224105415301141e-01
1.365241537237334990e-01 9.242345707534772858e-02
1.386651838984761242e-01 8.737766329328398862e-02
1.455425864471151243e-01 7.264263192869722940e-02
1.560036293674135766e-01 5.414928707366039456e-02
1.700940829006369059e-01 3.555009695975363399e-02
1.778885854687024537e-01 2.781454963848289247e-02
1.854745791598928217e-01 2.171406693043850811e-02
1.887852932780816062e-01 1.943656783188856332e-02
1.959051085860144537e-01 1.522826093402882171e-02
1.902109515337890855e-01 1.852134794849554997e-02
1.831453824377262118e-01 2.345096310320780170e-02
1.778970614393071414e-01 2.780699092331396366e-02
1.695651823349047516e-01 3.613512899082271801e-02
1.572275595227296541e-01 5.226578650110701857e-02
1.430489558952176554e-01 7.773353551296140196e-02
1.260241213386534553e-01 1.206038559539676230e-01
1.056004225696117599e-01 1.938997465793816932e-01
8.785343531752864976e-02 2.802024113590976806e-01
7.762971957416124613e-02 3.401888199651911249e-01
6.908255081639995410e-02 3.961536511635374014e-01
7.184910762176814625e-02 3.774646064896198805e-01
6.904186615749746680e-02 3.964325529161522033e-01
7.571584541162407200e-02 3.522629215229809985e-01
8.423419586932943959e-02 3.005680532668884020e-01
8.063699394470241755e-02 3.217541980546201885e-01
7.770261292136151909e-02 3.397342085590233651e-01
7.523271508715718980e-02 3.553527983237969590e-01
6.850618481528157611e-02 4.001156925977755741e-01
6.687201768269888935e-02 4.114767475708785982e-01
6.276286713354907454e-02 4.408684685639023826e-01
5.026420087988504176e-02 5.372180286058783061e-01
3.428360590181765005e-02 6.739662536463471021e-01
1.131542075725043214e-02 8.895918775673428147e-01
-4.988956297915809329e-03 9.511965146106957647e-01
-1.784361331697649142e-02 8.267118148685979051e-01
-3.406323066609591443e-02 6.759435204939368003e-01
-4.343765415487417514e-02 5.939369447352890186e-01
-4.875039252988884464e-02 5.495598155470491353e-01
-4.491247304008884333e-02 5.814561072954234078e-01
-3.050501820625042132e-02 7.081670018501162733e-01
-1.801991350555387505e-02 8.250269818564621715e-01
-2.163067698314839402e-03 9.788295951854524279e-01
-1.000164531352472873e-04 9.990210041493983173e-01
4.826217662305915673e-03 9.527866014761789959e-01
-7.860615138782061848e-03 9.231754466902666323e-01
-2.082376458158267246e-02 7.983438018722748275e-01
-3.393439591290474400e-02 6.771004880265631964e-01
-4.394621239115509975e-02 5.896195120380458565e-01
-5.728569492880358077e-02 4.818365190406250775e-01
-6.345789672313299767e-02 4.358150205237648622e-01
-7.433595739718183715e-02 3.611327602271783288e-01
-8.185244812941382120e-02 3.144902178088090361e-01
-9.380187148789446983e-02 2.487894184011433807e-01
-9.755164088340576023e-02 2.302888375944391885e-01
-9.976386921122776252e-02 2.198396935789128093e-01
-1.036441685540511609e-01 2.023338185772010078e-01
-1.016675722090393252e-01 2.111212208049498273e-01
-1.061615318236416999e-01 1.915284556883480871e-01
-1.027406300875920719e-01 2.063173916139693920e-01
-9.235417570861477465e-02 2.562001237448937596e-01
-9.972148935820433768e-02 2.200366502461621188e-01
-9.631923475748502272e-02 2.362592605619404096e-01
-9.616497209247980293e-02 2.370141525160826268e-01
-9.289324743907255433e-02 2.534230922869489810e-01
-9.312718422776175564e-02 2.522244461001160176e-01
-1.015811173088715796e-01 2.115117161330530848e-01
-1.095247969595795345e-01 1.777565159616346369e-01
-1.173277754982497423e-01 1.486387523557924362e-01
-1.280600494778980636e-01 1.146742027537111103e-01
-1.365309345002172214e-01 9.240711870426265850e-02
-1.360105099050897270e-01 9.366777948902241246e-02
-1.324421262805186572e-01 1.026834042462396596e-01
-1.348306547969180258e-01 9.657640738502337729e-02
-1.257647566381501769e-01 1.213760147928812094e-01
-1.123116960943989495e-01 1.669092252001596333e-01
-9.361540013459145049e-02 2.497355425883781843e-01
-7.253396604662645797e-02 3.729226025113682175e-01
-5.934366059162036328e-02 4.662076280539013684e-01
-4.894194946555464887e-02 5.479904725633188978e-01
-4.337493197239952053e-02 5.944704184432918481e-01
-3.564654197505050942e-02 6.617875532418164841e-01
-2.292919567978567510e-02 7.784576257390328768e-01
-1.730454158651871521e-02 8.318683859784858914e-01
-4.071856278489219966e-03 9.601596482780649922e-01
6.226448006199377695e-03 9.391119714388236339e-01
1.460240215774610308e-02 8.578198880944748472e-01
2.156117402419000656e-02 7.913633699545347122e-01
3.626528782919228450e-02 6.562875297120847051e-01
5.597870026156162582e-02 4.919068833374758976e-01
6.068286394716011778e-02 4.561888643020544087e-01
6.988946321796567218e-02 3.906463665752106795e-01
8.201688195914463853e-02 3.135157662718310867e-01
8.789242478231019950e-02 2.799881944974977332e-01
8.670748409177564398e-02 2.865477747103696293e-01
8.705160849832573045e-02 2.846322762777053206e-01
8.541913655986398124e-02 2.937954955494070375e-01
8.839250704798641556e-02 2.772503993182874882e-01
8.471563099967537036e-02 2.978040765316540273e-01
7.739578278547203094e-02 3.416504110187218446e-01
7.312897918307512124e-02 3.690037875157344827e-01
7.076418338436885058e-02 3.847285978325728495e-01
6.385796253567398162e-02 4.329212676126997783e-01
5.428689652886709710e-02 5.051064158091086442e-01
4.322066930739432156e-02 5.957833968302153060e-01
3.238668368048981672e-02 6.910576316207248659e-01
2.878439617349998203e-02 7.239409980319128080e-01
2.619074916846729842e-02 7.479375416376472518e-01
2.623990979797445264e-02 7.474803654795134644e-01
2.917768120955722619e-02 7.203249830999878256e-01
2.514650958997047617e-02 7.576690912672610079e-01
2.910139747411508507e-02 7.210258842711676497e-01
4.059989919642664757e-02 6.182865912810566744e-01
3.474808909095421922e-02 6.698060920806161445e-01
4.389705176164793859e-02 5.900362378779531181e-01
4.378516894966613671e-02 5.909851487791444313e-01
4.408691350319281221e-02 5.884275570162598168e-01
3.443447817858098087e-02 6.726138699776209595e-01
3.786724627347718558e-02 6.421337657406280819e-01
3.226123931554052138e-02 6.921935242270047528e-01
3.014733224673284487e-02 7.114362005885062068e-01
3.205273043866535554e-02 6.940830782923754771e-01
3.762822390242515080e-02 6.442376061082150107e-01
3.844700266283742479e-02 6.370426576511387662e-01
4.049310196680765833e-02 6.192113609479301672e-01
4.091181491467894837e-02 6.155891062467990782e-01
4.417845398572337740e-02 5.876526604637739570e-01
5.086599479281745523e-02 5.323503185511038183e-01
5.324774253273308749e-02 5.133045796317597942e-01
5.545658047231320775e-02 4.959608349581393627e-01
6.251875918013423405e-02 4.426511962759434038e-01
7.189657305715436986e-02 3.771487296955957635e-01
7.795180645713915835e-02 3.381829861931194836e-01
7.420203706162785406e-02 3.620009125366191460e-01
7.658547999566443776e-02 3.467437221022882099e-01
7.753478870338881279e-02 3.407814503962284247e-01
6.897914397502283301e-02 3.968627562845201684e-01
7.313406476543793389e-02 3.689704030447521488e-01
6.324938784625781796e-02 4.373275721174817443e-01
4.736541893308380408e-02 5.609711231376763862e-01
3.327666059398142612e-02 6.830188237661707351e-01
1.887598653662675083e-02 8.168572967221623404e-01
1.449730012224804791e-02 8.588325638241006699e-01
2.873354034987189200e-03 9.718803691916855225e-01
-8.542083175398493267e-03 9.165383609913886342e-01
-1.974731631478805760e-02 8.085622004038317545e-01
-1.894548949558514522e-02 8.161948665916106682e-01
-2.718243772921508788e-02 7.387323703549586451e-01
-2.754520927109547698e-02 7.353741697429656554e-01
-3.526851368608169279e-02 6.651567789101811012e-01
-3.455144657292559540e-02 6.715661135509328750e-01
-3.309357962892029575e-02 6.846696525997527649e-01
-2.742654568262992837e-02 7.364720991517830218e-01
-2.421923840581826845e-02 7.663426254330476528e-01
-2.548724360827869448e-02 7.544894336313821004e-01
-2.521092696656606139e-02 7.570676488721080899e-01
-2.522787890777542300e-02 7.569093987451841476e-01
-2.463795135368955849e-02 7.624223941155261475e-01
-2.467524562435016028e-02 7.620735145541992495e-01
-2.470236873028514024e-02 7.618198140231069448e-01
-2.614158853896013726e-02 7.483948055715989867e-01
-2.440231937087939534e-02 7.646277809271150305e-01
-1.681632567968903424e-02 8.365446849835277421e-01
-5.390717304577734292e-03 9.472718243550993789e-01
-6.475641541977026705e-04 9.936614811283399629e-01
4.317659426024997131e-03 9.577567938278680471e-01
1.159173739896306871e-02 8.869135011912310240e-01
1.869460076568656148e-02 8.185866868686452191e-01
2.533637133151534979e-02 7.558968371270182729e-01
3.756719691407144068e-02 6.447752101628347887e-01
4.705011282658962818e-02 5.635848240959676625e-01
5.785867054168008367e-02 4.774570162688918096e-01
6.933004915805666968e-02 3.944595275467488449e-01
7.234240911096062598e-02 3.741896257847114882e-01
8.089974903344755719e-02 3.201747666631096223e-01
7.834509149319640597e-02 3.357439760644141957e-01
8.102688859251779008e-02 3.194123304826722576e-01
8.019624347325894631e-02 3.244148546728610194e-01
7.985211906670885984e-02 3.265020441781613103e-01
7.519881120473846658e-02 3.555702656487479407e-01
7.153719190351584545e-02 3.795443819495741833e-01
6.483269915521241988e-02 4.259170786687895838e-01
6.074219574139289729e-02 4.557477857117721021e-01
6.131686654839033079e-02 4.514879393568365096e-01
5.637029010349792896e-02 4.888780116529441999e-01
5.367832183945094038e-02 5.098993220575606111e-01
5.242218299583707025e-02 5.198661929650953972e-01
4.800620231079776035e-02 5.556773764689533213e-01
3.887419158131339564e-02 6.333021212551895873e-01
4.209675560521349003e-02 6.053886304200921664e-01
4.159836853365818377e-02 6.096698306822900815e-01
3.589234512258628051e-02 6.596004278359518525e-01
2.494817187782091827e-02 7.595218115162700734e-01
1.957271132033161151e-02 8.102227733983441427e-01
6.668893671763776072e-03 9.347945561241151058e-01
2.986932041089927336e-03 9.707693388408096258e-01
8.967576899753528299e-03 9.123971993699340199e-01
8.545473563640366629e-03 9.165053546740538071e-01
4.215947778768813596e-03 9.587510335793815175e-01
-1.766392274015723182e-03 9.827112729972832250e-01
-1.095095402124911070e-02 8.931266094854466431e-01
-1.721469629810908758e-02 8.327285177771381885e-01
-2.062373167531217702e-02 8.002401246964825354e-01
-2.010500227430564099e-02 8.051631160760776007e-01
-2.026435052167365955e-02 8.036500009816437418e-01
-2.127468621775175164e-02 7.940733739582667150e-01
-2.287833985615757987e-02 7.789363361856771473e-01
-2.639247726885872447e-02 7.460621034288137388e-01
-2.509226337810051277e-02 7.581756817654572433e-01
-3.003205904650916788e-02 7.124909049176602061e-01
-3.212562378586561462e-02 6.934222877012130581e-01
-3.192898126783699081e-02 6.952054127368604286e-01
-3.462942550248866713e-02 6.708679599876739008e-01
-3.811813500337576932e-02 6.399285340235143504e-01
-4.459038615711092418e-02 5.841714237577502189e-01
-5.669068179235490362e-02 4.864072634041652909e-01
-5.743656720556691853e-02 4.806812424746191859e-01
-6.241704753287804358e-02 4.433952023795499908e-01
-7.230341964617910400e-02 3.744478379853393157e-01
-6.824342972653643646e-02 4.019297158900754230e-01
-6.933513474041948232e-02 3.944247623475977127e-01
-7.370704037831443678e-02 3.652210021964260589e-01
-8.248475553652308279e-02 3.107538740720224846e-01
-9.402224672361619850e-02 2.476744745714872797e-01
-9.892813850960610611e-02 2.237468359689107067e-01
-1.111826968098553192e-01 1.712426582275880516e-01
-1.234559022454348315e-01 1.284194577390543601e-01
-1.411113490149873417e-01 8.188471907483457768e-02
-1.531336657206682494e-01 5.878646927184264653e-02
-1.612892446364932730e-01 4.639991704886394647e-02
-1.631488725871604872e-01 4.390336854837590536e-02
-1.595957457096778276e-01 4.877531137704834568e-02
-1.650017197613439790e-01 4.152859816547111588e-02
-1.660679968634129755e-01 4.021145576677181976e-02
-1.690057682749957213e-01 3.676273418384703312e-02
-1.672936222128499906e-01 3.874098403639901489e-02
-1.655509626565273562e-01 4.084568631856547172e-02
-1.666952186881594244e-01 3.945318122077677570e-02
-1.612248272598976739e-01 4.648847500461556620e-02
-1.533574313446318671e-01 5.841355479379198301e-02
-1.441728695973984731e-01 7.540447262898217207e-02
-1.333541407175824201e-01 1.003166227834569740e-01
-1.227863005676649161e-01 1.305198961546716330e-01
-1.125880127361115757e-01 1.658611781103319360e-01
-9.544960017344464309e-02 2.405369146878607589e-01
-9.332382674579040027e-02 2.512199198427441105e-01
-7.938085510108855436e-02 3.293743450494385216e-01
-6.215598763825384149e-02 4.453080523614733055e-01
-4.042868459021207311e-02 6.197694472751132944e-01
-2.062542686943311457e-02 8.002240492481791367e-01
-2.942856993945580993e-03 9.712004783961820653e-01
1.279363003070697023e-02 8.752786433912584929e-01
1.794023938186986578e-02 8.257882984423013939e-01
2.427009422944636022e-02 7.658661656524021755e-01
4.049649235504952649e-02 6.191819939982241561e-01
4.964545502574325281e-02 5.422458400934526690e-01
5.704497736363061539e-02 4.836828610730462552e-01
6.356469395275199386e-02 4.350414570819169935e-01
6.599899271041664850e-02 4.176230673595455745e-01
7.257465070552893138e-02 3.726538393226432877e-01
7.872481497628615321e-02 3.333997355500980531e-01
8.000977211995595473e-02 3.255447742002078870e-01
8.634640774401619590e-02 2.885668784621891469e-01
8.893835955492794543e-02 2.742827021387542752e-01
8.593786596087052421e-02 2.908628264082690484e-01
8.590904766081459976e-02 2.910252392552016287e-01
8.548355393645956646e-02 2.934302438946088665e-01
8.749405416389013923e-02 2.821821225684022494e-01
8.696515359815798485e-02 2.851127012139271222e-01
8.601245450219173472e-02 2.904427440601175525e-01
8.766526877010470675e-02 2.812377900896696481e-01
8.888750373129984672e-02 2.745582845681014406e-01
8.904685197866787916e-02 2.736954183997387102e-01
9.386798405861096484e-02 2.484545710180617317e-01
1.004334708889976363e-01 2.167443891478426643e-01
1.059258998408315472e-01 1.925216692241801808e-01
1.003419304064670642e-01 2.171657028234217357e-01
1.032864825945335879e-01 2.039041175733888323e-01
1.101893130549865957e-01 1.751240506342870429e-01
1.204740557867076955e-01 1.379762985923609353e-01
1.213030057118456018e-01 1.352666392337875390e-01
1.295806386043780178e-01 1.103955605570521165e-01
1.349476231912626334e-01 9.628489580322355246e-02
1.412978203682903611e-01 8.147763221301236591e-02
1.472818556151958558e-01 6.925438550141985172e-02
1.504637349801934421e-01 6.338886660997107569e-02
1.516842747472676445e-01 6.124959562149558806e-02
1.485820695059540397e-01 6.680632876177217128e-02
1.349713559089557313e-01 9.622583367643104679e-02
1.336084198357228858e-01 9.966447359569419184e-02
1.254036802903907288e-01 1.224573484818537866e-01
1.070023481076261551e-01 1.880147474503352789e-01
8.708381718662351612e-02 2.844534331554408046e-01
7.499538791022608564e-02 3.568768144233805950e-01
5.985560921614315605e-02 4.623634593684579075e-01
5.768406554722363411e-02 4.787893097872852888e-01
2.814191760166508821e-02 7.298613040615313796e-01
2.360388293991835806e-02 7.721146742805244934e-01
2.696545288173523083e-02 7.407433792209836554e-01
2.760793145357012118e-02 7.347940516231170616e-01
3.358518592399185182e-02 6.802402677469714387e-01
4.021000454861128198e-02 6.216656203195800590e-01
4.944033653710995513e-02 5.439177061225528576e-01
6.049130701149430661e-02 4.576145391168534582e-01
6.674996370599146911e-02 4.123328290893943926e-01
7.593961103558767578e-02 3.508375433723065484e-01
7.441732671498679785e-02 3.606059071854060827e-01
7.506997645154729615e-02 3.563973992776480193e-01
6.899270552799031953e-02 3.967697157181996337e-01
6.718054301270931505e-02 4.093174252291928994e-01
5.894020439083750423e-02 4.692494741115234014e-01
5.396820003413105998e-02 5.076134155099345513e-01
5.442590244678387895e-02 5.040149634707589144e-01
4.440221960968698811e-02 5.857604392645934244e-01
4.335798003119016586e-02 5.946146377348604517e-01
4.085417831456711335e-02 6.160871688568729798e-01
4.931658736628159734e-02 5.449275787152810802e-01
5.262391109622849977e-02 5.182588968788242045e-01
5.609058307354342771e-02 4.910404754871625643e-01
6.037772900539157411e-02 4.584610186503847995e-01
6.183051036703405418e-02 4.476994136621874620e-01
7.406133594959013466e-02 3.629144153129824080e-01
8.231523612442945281e-02 3.117527177198766708e-01
9.121500525934551906e-02 2.621372075366628085e-01
9.440197020670594574e-02 2.457614739522159253e-01
9.033519951057954189e-02 2.667864661298173234e-01
8.575817538405126894e-02 2.918765036459647355e-01
7.214068101056921034e-02 3.755267706278836437e-01
6.734328164831920871e-02 4.081811358284853641e-01
6.271031611580005216e-02 4.412519057388748500e-01
5.925551049733168013e-02 4.668713062374917344e-01
5.173223898861595976e-02 5.253825913793551683e-01
3.953362209435765801e-02 6.275462432254742540e-01
3.673824698893354140e-02 6.520957844813998205e-01
2.705868855838673009e-02 7.398790580434089215e-01
1.995582519166323732e-02 8.065803044838212310e-01
1.270378474229734087e-02 8.761474952508216951e-01
1.197654646441562686e-02 8.831856282610686115e-01
1.459392618714142227e-02 8.579015469280697470e-01
1.986767509737454376e-02 8.074180299401627625e-01
2.224603244904830787e-02 7.848951831713660843e-01
2.515329036645422289e-02 7.576057746944370175e-01
2.510752012518894030e-02 7.580331927868605435e-01
3.062198660059503239e-02 7.070990781198200903e-01
2.653317838089644734e-02 7.447549050593043063e-01
1.595686226037427990e-02 8.447907330755466404e-01
7.458854132120136017e-03 9.270908679287800380e-01
6.909611236936744928e-03 9.324464066700485221e-01
9.120144370637802951e-04 9.910730674687249220e-01
1.051020354980564640e-04 9.989712247260178479e-01
-5.821296611295579369e-03 9.430670245679675379e-01
-1.104249450377967415e-02 8.922386158928270472e-01
-1.163072686374460457e-02 8.865356729911559874e-01
-6.058623788226673995e-03 9.407500822151901865e-01
-1.101537139784469245e-02 8.925017112106566897e-01
-2.101193112900661200e-02 7.965610470111904595e-01
-2.712988671146605857e-02 7.392192498126379796e-01
-2.574321792054009087e-02 7.521034393634391524e-01
-3.302746705820377993e-02 6.852661524155898576e-01
-3.534818780976569513e-02 6.644461131628417450e-01
-3.693319431284122767e-02 6.503711564600473949e-01
-3.611780594067082184e-02 6.575968351341479057e-01
-3.459213123182806882e-02 6.712018244682063095e-01
-2.411413637032021329e-02 7.673275860684841687e-01
-2.245962690828629330e-02 7.828808596423790789e-01
-2.073391929317304483e-02 7.991953951070998041e-01
-2.179850120112110032e-02 7.891202838325077629e-01
-1.918790225487905163e-02 8.138854599120705080e-01
-1.586023619548090902e-02 8.457188747893202851e-01
2.519058463711482208e-03 9.753464580264892270e-01
2.115093704692339385e-02 7.952447310399565206e-01
3.526851368608169279e-02 6.651567789101811012e-01
5.232216654270182427e-02 5.206640304577696554e-01
4.606859543056745360e-02 5.717580109839882629e-01
4.980649846723220892e-02 5.409349983658553462e-01
4.360717356696781899e-02 5.924962099845411112e-01
4.372414196131242659e-02 5.915030292279543911e-01
3.849616329234458595e-02 6.366117302314919790e-01
3.970653189469317002e-02 6.260406766294064340e-01
3.296474487572912532e-02 6.858322421232724286e-01
3.348855985909847399e-02 6.811100148594857462e-01
3.547363217471499047e-02 6.633277978706659805e-01
3.508882310926243753e-02 6.667606499869453973e-01
3.236973173928045511e-02 6.912110904597705829e-01
3.538039649806348774e-02 6.641589074577736174e-01
3.413612401329618046e-02 6.752892556776055599e-01
3.329191734106985018e-02 6.828813222885474765e-01
2.951672003374450348e-02 7.172126884270759728e-01
3.554822071603620098e-02 6.626632053507981457e-01
3.482267763227542279e-02 6.691389663535035615e-01
4.083892156747867541e-02 6.162190382713882419e-01
4.048123560796110243e-02 6.193141500101773111e-01
3.839445164508840241e-02 6.375034386191702485e-01
4.300198926579352349e-02 5.976468914893249273e-01
3.795031078540306996e-02 6.414033080238188411e-01
3.137295759616985646e-02 7.002563639971564058e-01
3.588725954022346787e-02 6.596456496162828032e-01
4.286976412436048489e-02 5.987749262407551232e-01
5.093549775177584615e-02 5.317895598044268812e-01
5.513279839521436493e-02 4.984836493817429437e-01
5.424621186996463063e-02 5.054260983264228235e-01
5.055746946280702259e-02 5.348431129458179889e-01
4.541255530576507327e-02 5.772518405783942930e-01
3.775875384973725185e-02 6.430883493137872220e-01
3.208493912696314121e-02 6.937910726277669582e-01
2.392427462877533967e-02 7.691078123606209793e-01
2.133571320610546523e-02 7.934958874735686951e-01
2.233248734921606388e-02 7.840796890823695797e-01
2.103735904082065789e-02 7.963202145606772531e-01
1.245120081827781958e-02 8.785909050285937161e-01
7.458854132120136017e-03 9.270908679287800380e-01
9.543942900871900652e-04 9.906582655332145659e-01
3.858261819251234109e-03 9.622479377129425915e-01
1.207317252930900295e-02 8.822499533059551258e-01
1.750287929866827658e-02 8.299703114386798308e-01
1.977274422660210695e-02 8.083204403925772219e-01
2.379713506970510678e-02 7.703006028919996417e-01
3.225954412141959077e-02 6.922088788290267081e-01
3.735190726071251771e-02 6.466732252109843593e-01
3.955905000617170042e-02 6.273247398765091631e-01
4.761461246886145721e-02 5.589095743547949358e-01
4.192554099899890863e-02 6.068578793904542135e-01
4.758748936292646337e-02 5.591337838404855098e-01
4.510742036399652266e-02 5.798154702611444389e-01
3.286472842259388627e-02 6.867352868163534296e-01
2.293767165039035591e-02 7.783778487499252163e-01
7.272382778817133159e-03 9.289087519020877703e-01
-1.741303401025864547e-02 8.308300019764915945e-01
-3.275793119297488315e-02 6.877000437716471737e-01
-4.888939844780561955e-02 5.484207819403379425e-01
-6.292730096327990574e-02 4.396699033765765208e-01
-8.349000565023836917e-02 3.048737368297596562e-01
-9.525973843189976253e-02 2.414779668294178561e-01
-1.018082733210770446e-01 2.104868128035056463e-01
-1.092027100766016084e-01 1.790429008529476895e-01
-1.133288125669607849e-01 1.630755757343726742e-01
-1.216810340008143976e-01 1.340445421162147210e-01
-1.201960439508741180e-01 1.388942744826738573e-01
-1.183618439120209531e-01 1.450677775584071905e-01
-1.220810998133554093e-01 1.327604286623753904e-01
-1.259647895444206689e-01 1.207801569496550209e-01
-1.211979036763475293e-01 1.356079246347784706e-01
-1.148121074227801408e-01 1.576032133791407941e-01
-1.084703862163570731e-01 1.819932186706672561e-01
-1.076956825030891407e-01 1.851529690614403256e-01
-1.025558539284100040e-01 2.071389410399874786e-01
-9.783982388396496310e-02 2.289081846924421737e-01
-1.025321212107168922e-01 2.072446312324819906e-01
-1.014844912439782226e-01 2.119487634978454160e-01
-1.076261795441307567e-01 1.854383995542754349e-01
-1.137780390090089300e-01 1.614034638270304411e-01
-1.312792231135562759e-01 1.057648026113046369e-01
-1.302078604291244668e-01 1.086674752041942027e-01
-1.212979201294827752e-01 1.352831379036154580e-01
-9.948416218127324739e-02 2.211419240175856171e-01
-8.533607204793809686e-02 2.942669234149757340e-01
-7.528357091078528851e-02 3.550267531570553414e-01
-5.787053690052663957e-02 4.773665449814488149e-01
-4.621607731908892319e-02 5.705263609353303789e-01
-4.067787812598972624e-02 6.176117404477263761e-01
-3.889961949312745193e-02 6.330797614354874980e-01
-4.180518221641242593e-02 6.078916608413751366e-01
-3.998454373052674066e-02 6.236231963005873791e-01
-4.050157793741233914e-02 6.191379447019689231e-01
-4.818589288761700867e-02 5.541972335681076833e-01
-4.635677843112664259e-02 5.693525062438733464e-01
-4.778074149271321902e-02 5.575372353283685189e-01
-4.989464856152089900e-02 5.402181494963154140e-01
-5.991833139861781066e-02 4.618936921170906373e-01
-6.681607627670799188e-02 4.118689885694202246e-01
-7.404099362013891183e-02 3.630466061106619735e-01
-7.599046685921576061e-02 3.505140993222866097e-01
-7.970463717818740412e-02 3.273991923521019087e-01
-7.665328776050188420e-02 3.463156779382459138e-01
-7.639900864236143230e-02 3.479225619699396477e-01
-7.423763613816751483e-02 3.617700116340576422e-01
-6.467504610196532500e-02 4.270454714877174318e-01
-6.118803179519916036e-02 4.524410052846173924e-01
-4.888261767132186936e-02 5.484763177632014930e-01
-3.837071892739529755e-02 6.377115787391354207e-01
-3.062368179471596646e-02 7.070836051524335142e-01
-1.738252051608178694e-02 8.311220180041147820e-01
1.578225726591783642e-03 9.845527289970810170e-01
1.997616752111447402e-02 8.063870143818125946e-01
3.145263171985386574e-02 6.995317873212394399e-01
4.988617259091622513e-02 5.402870568226674219e-01
6.422242927167530480e-02 4.302946184233108484e-01
6.530565831495367679e-02 4.225422529840907604e-01
7.721439701453183813e-02 3.427864076531944582e-01
7.951308024252159989e-02 3.285668167437004739e-01
8.670239850941283133e-02 2.865761470441032799e-01
7.561752415260974969e-02 3.528903700448952074e-01
6.603120139871444805e-02 4.173953627569946256e-01
4.520574162301083110e-02 5.789888347359075649e-01
3.779604812039785017e-02 6.427601453093715334e-01
2.835720725502400771e-02 7.278756582408569820e-01
2.179172042463735359e-02 7.891843480936922006e-01
1.841319854161111574e-02 8.212713933925650522e-01
1.415826129806076888e-02 8.621008190717258657e-01
1.138661891032976062e-02 8.889016232009779861e-01
2.081359341685705411e-02 7.984401967516649989e-01
2.014229654496623931e-02 8.048089177748822820e-01
1.928452831977242599e-02 8.129653722617794509e-01
2.080511744625236983e-02 7.985205281415993506e-01
1.969307010291809767e-02 8.090780155465893131e-01
1.909127618998567727e-02 8.148058018686792359e-01
2.239012394932789890e-02 7.835361566857412807e-01
2.415651622334362425e-02 7.669303796515567484e-01
2.834195050793558018e-02 7.280163139553726959e-01
3.843005072162807012e-02 6.371912815038915934e-01
4.589229524199008037e-02 5.732319684806035376e-01
4.779091265743883737e-02 5.574532673517169634e-01
4.929794023095129124e-02 5.450798311776952065e-01
4.058125206109634842e-02 6.184480159255281162e-01
3.909456681703513126e-02 6.313760943648674129e-01
3.764517584363451241e-02 6.440883043234774119e-01
2.738925141196933005e-02 7.368172728462902832e-01
1.201723112331810200e-02 8.827916401163335980e-01
9.984693372315364083e-04 9.902268741736912627e-01
-1.694007485051739204e-02 8.353588250785186631e-01
-3.246974819241570109e-02 6.903058650575196742e-01
-4.756206145111242095e-02 5.593440194874499394e-01
-5.336640612119863264e-02 5.123649539865162694e-01
-5.863167906082707853e-02 4.715829041727084281e-01
-6.412919359502380900e-02 4.309656786872296808e-01
-6.732124412474704833e-02 4.083348993592403886e-01
-7.271196142932478956e-02 3.717476410332656300e-01
-7.380366644320780767e-02 3.645910359985848892e-01
-7.343241893072273430e-02 3.670151036952969958e-01
-7.412236293794385866e-02 3.625180219333966614e-01
-7.108287987910490158e-02 3.825860727757032231e-01
-6.782302158454420193e-02 4.048422924853537497e-01
-6.565825869210843713e-02 4.200363771445296823e-01
-6.126601072476223903e-02 4.518640152115739328e-01
-6.241026675639430032e-02 4.434448279249459945e-01
-5.817567184229519017e-02 4.750433331945225213e-01
-5.779255797096356090e-02 4.779612405612476689e-01
-5.488021447119484364e-02 5.004563894631617327e-01
-5.520399654829368646e-02 4.979283155545821682e-01
-6.092697190057495826e-02 4.543756640552639725e-01
-6.054555322336426654e-02 4.572105570740855329e-01
-6.862484840374713513e-02 3.992980560570857929e-01
-6.694830141814102353e-02 4.109422273212931520e-01
-6.666689919406559861e-02 4.129160374659430754e-01
-6.772130993728803228e-02 4.055488206378558003e-01
-7.072349872546639105e-02 3.850026335436756986e-01
-8.301365610225523717e-02 3.076509343475707925e-01
-9.017415606909058579e-02 2.676435294600251202e-01
-1.036323021952045981e-01 2.023857734798452379e-01
-1.185957807007101683e-01 1.442690168501120362e-01
-1.254613168905025777e-01 1.222842431244173245e-01
-1.284431633492296720e-01 1.135842111879481892e-01
-1.377090944142680129e-01 8.960301043173751756e-02
-1.375938212140443428e-01 8.987433960153087820e-02
-1.402840942839704008e-01 8.371044049784816254e-02
-1.382210430387907918e-01 8.840587026942890725e-02
-1.357901346693680122e-01 9.420570909393502501e-02
-1.325234955983235763e-01 1.024704710211983005e-01
-1.285872548495092804e-01 1.131763555261398047e-01
-1.228015573147533401e-01 1.304717460819974362e-01
-1.062412059473257092e-01 1.911934666204208877e-01
-9.212023891992555946e-02 2.574117376682426572e-01
-8.103536456312247782e-02 3.193615432569389401e-01
-7.228985809321161748e-02 3.745376764878619591e-01
-6.645330473482759237e-02 4.144179360765513076e-01
-6.285779800432152176e-02 4.401762873359285066e-01
-5.718737366978927233e-02 4.825901998737629484e-01
-5.946062898596497781e-02 4.653277793449209776e-01
-5.950131364486745122e-02 4.650219593407906027e-01
-6.049639259385711232e-02 4.575766573754591615e-01
-5.818075742465800282e-02 4.750046651208288395e-01
-5.312568855602568113e-02 5.142719776734576698e-01
-5.134573472904245539e-02 5.284857633218380535e-01
-4.113727573276348276e-02 6.136424878778334868e-01
-2.716548578800572281e-02 7.388894169234527798e-01
-1.494991695253806291e-02 8.544731824992432001e-01
-1.058648728524778405e-02 8.966634443739462945e-01
-1.227659582382136828e-02 8.802806444806069441e-01
-1.458036463417393055e-02 8.580322041926696786e-01
-1.560595707734044844e-02 8.481623628328387454e-01
-2.163745775963214421e-02 7.906421904759224351e-01
-3.919627846429131479e-02 6.304879928660789279e-01
-5.672797606301550888e-02 4.861200979764395136e-01
-7.363245183699324015e-02 3.657077518393490045e-01
-9.431382011241724872e-02 2.462046465211490398e-01
-1.127134571010608849e-01 1.653869984087217304e-01
-1.310690190425601587e-01 1.063294605091844452e-01
-1.388279225340860457e-01 8.700331580249744123e-02
-1.427353449828444309e-01 7.839367399943374115e-02
-1.460426687127913403e-01 7.165494746590540809e-02
-1.387923234575463571e-01 8.708509460921155798e-02
-1.238305401461617522e-01 1.272556774295627025e-01
-1.183872718238349886e-01 1.449807936315415935e-01
-1.044782040615518798e-01 1.987062010461115580e-01
-8.089466345108474454e-02 3.202052885938846960e-01
-6.058793307638767056e-02 4.568950841289390885e-01
-3.646871112370465851e-02 6.544833056226846413e-01
-1.590261604850431651e-02 8.453117689148780256e-01
-4.202386225801321880e-03 9.588836037128388723e-01
1.085432795635573634e-02 8.940640799551702322e-01
1.417012765690732305e-02 8.619863903239497471e-01
1.326997957869009877e-02 8.706745997515844548e-01
1.357850490870051927e-02 8.676949249558811861e-01
1.339542394363939064e-02 8.694628619114420642e-01
3.980315795958653917e-03 9.610545971546671229e-01
-5.080496780446374511e-03 9.503021748769957533e-01
-2.386324764042162955e-02 7.696802844884991224e-01
-4.294604785980261907e-02 5.981240202863864486e-01
-5.702293984005844807e-02 4.838520820746529116e-01
-6.799762657900065843e-02 4.036311196845927540e-01
-6.864519073319835796e-02 3.991579898014069316e-01
-5.970134655113794320e-02 4.635199548685970949e-01
-5.085073804572903117e-02 5.324734515936584422e-01
-4.586008655369228776e-02 5.735014418040804696e-01
-5.056255504516984911e-02 5.348019757299740107e-01
-4.866054724147920313e-02 5.502966340055353012e-01
-3.906744371110015129e-02 6.316130105038153530e-01
-3.812152539161764442e-02 6.398987550931460877e-01
-3.309357962892029575e-02 6.846696525997527649e-01
-2.502276041914212185e-02 7.588249010748504553e-01
-2.482781309523443558e-02 7.606467790997560874e-01
-2.228841230207171883e-02 7.844954018953831376e-01
-2.529399147849194229e-02 7.562923197173221368e-01
-1.367174058535202373e-02 8.667948378151544286e-01
-4.432932626248671515e-03 9.566300675042713753e-01
-1.186635884655476165e-03 9.883851982546806303e-01
2.547876763767401020e-03 9.750645092612552078e-01
-2.027452168639928311e-03 9.801566132734282899e-01
-1.039662554370290870e-02 8.985066987814896988e-01
-1.580429478949000807e-02 8.462563169754657721e-01
-1.763679963422224925e-02 8.286892601879074505e-01
-3.117292468989935755e-02 7.020767033185413286e-01
-5.031336150939218904e-02 5.368195556001920110e-01
-5.976406873361259781e-02 4.630495390448819970e-01
-7.226782056963942935e-02 3.746836921923667463e-01
-9.098276366477724142e-02 2.633590502118051124e-01
-1.061818741530929505e-01 1.914428859547166739e-01
-1.153562647356007054e-01 1.556305592899285828e-01
-1.221878970429743916e-01 1.324192354807104399e-01
-1.151409750822418032e-01 1.564087876680596012e-01
-1.055580427165883628e-01 1.940797099375672907e-01
-1.047629966738691937e-01 1.974783491650810574e-01
-9.862978434432130570e-02 2.251535154734670696e-01
-1.037916504425726305e-01 2.016888962066228086e-01
-1.075566765851723727e-01 1.857241520892333464e-01
-1.226591610085947109e-01 1.309216776990833886e-01
-1.296942166104807226e-01 1.100810536537409345e-01
-1.342763263193718359e-01 9.796743598914214868e-02
-1.388313129223279208e-01 8.699553054644128258e-02
-1.448577280222567987e-01 7.401312750500818605e-02
-1.378684426616360315e-01 8.922901341553585164e-02
-1.236355928222540729e-01 1.278602465103717833e-01
-1.032712258474451639e-01 2.039712918530100783e-01
-7.740934433843951745e-02 3.415655726288846505e-01
-5.100839109897611218e-02 5.312017655063314692e-01
-2.700274715239582915e-02 7.403976118046540211e-01
-5.900970734979589516e-03 9.422891397712527262e-01
6.580743577475083386e-03 9.356545834258941374e-01
1.818095694704283116e-02 8.234886485682976209e-01
2.894713480910987569e-02 7.224439708161644047e-01
3.650261500612338172e-02 6.541827954102928944e-01
3.171538680859900539e-02 6.971441480148935499e-01
2.480577557166226133e-02 7.608528134429001222e-01
4.339357910772983357e-02 5.943117955055869928e-01
5.835875280735632054e-02 4.736523606869942338e-01
6.612952265772875649e-02 4.167007127689619228e-01
7.176095752747946310e-02 3.780516629648157378e-01
8.470376464082883528e-02 2.978719999578973709e-01
9.496646984897776089e-02 2.429365933366949004e-01
9.935702262220301451e-02 2.217356529988856739e-01
1.002436091474527696e-01 2.176188741752683176e-01
9.598528151566054767e-02 2.378956031041245811e-01
7.823320868121461102e-02 3.364366885973434362e-01
6.968603992345330511e-02 3.920303979702173258e-01
6.220345307364005816e-02 4.449599154653637312e-01
5.707210046956559535e-02 4.834746327230006191e-01
4.791127144002532007e-02 5.564601093480388005e-01
3.750956031395960566e-02 6.452831162215691974e-01
3.141703264331419804e-02 6.998555009189209031e-01
2.347674338084813211e-02 7.733088158859652284e-01
1.675699388545625820e-02 8.371133785779353298e-01
2.160524907133435160e-02 7.909466668700719794e-01
1.376667145612446054e-02 8.658785611205058741e-01
8.170835662913421846e-04 9.920022323064652259e-01
-2.736043311191340994e-03 9.732236270799905498e-01
-7.170671131560948756e-03 9.299004804187971374e-01
-2.642807634539839565e-03 9.741357588632287845e-01
-6.204410482627204307e-04 9.939269636429910459e-01
4.868597515329325769e-03 9.523724981807917267e-01
7.085911425514129433e-03 9.307270032490008171e-01
3.831138713316251977e-03 9.625131359683851695e-01
1.108148396856121175e-02 8.918604369524572029e-01
2.356489347513681873e-02 7.724808210440223810e-01
3.259519255736499643e-02 6.891711174605692491e-01
5.561253833143935815e-02 4.947480687363443597e-01
7.169993053912573910e-02 3.784584126552104077e-01
9.566658502092449667e-02 2.394645622312474020e-01
1.125998790949581385e-01 1.658162799626728134e-01
1.265699738455949575e-01 1.189912296280055820e-01
1.444101967743295911e-01 7.491994942412878722e-02
1.558697090318596212e-01 5.435873795791162921e-02
1.705619564780153363e-01 3.503925678127972621e-02
1.850846845120774076e-01 2.199684682517910952e-02
1.911551746591506618e-01 1.793595367445064565e-02
2.076612798147083327e-01 1.000360953676057013e-02
2.097294166422507544e-01 9.269822806502530169e-03
2.084631066339112382e-01 9.713248816606272901e-03
2.098667273660465848e-01 9.222832122829052737e-03
2.040488211429928589e-01 1.140879468666339790e-02
2.075782153027824484e-01 1.003412232856302697e-02
2.075171883144287521e-01 1.005659215234022165e-02
2.020196737802320286e-01 1.227187184105518573e-02
1.940047959764447383e-01 1.626549333957415591e-02
1.751966172046554304e-01 3.030564142004815373e-02
1.686090928506966125e-01 3.721331235324334269e-02
1.695244976760022781e-01 3.618046607174633250e-02
1.709111664669282493e-01 3.466203311048515062e-02
1.706653633193924435e-01 3.492719472352271565e-02
1.654492510092711866e-01 4.097143580421974685e-02
1.589905614085035113e-01 4.964832343741473752e-02
1.571088959342641089e-01 5.244599006046963413e-02
1.471174217854650246e-01 6.956911391514271348e-02
1.395585512002096296e-01 8.533841787274490387e-02
1.361664677642158983e-01 9.328856693849754689e-02
1.264174063747106891e-01 1.194402694802280812e-01
1.249408922953750972e-01 1.238541623809261416e-01
1.238152833990733281e-01 1.273029119642623830e-01
1.189771993779208531e-01 1.429738529413168979e-01
1.101893130549865957e-01 1.751240506342870429e-01
1.042544384375882760e-01 1.996748110057100789e-01
1.000181483293682144e-01 2.186605836468406283e-01
1.014929672145828826e-01 2.119104001788046920e-01
9.968758547578562834e-02 2.201943058015162213e-01
9.269999530928581255e-02 2.544162358201939589e-01
8.809245768858067760e-02 2.788909017525367795e-01
8.662780996809163470e-02 2.869924903977079111e-01
8.288990693142689326e-02 3.083751168570742496e-01
7.978600649599235095e-02 3.269040183066285188e-01
7.331206014813626548e-02 3.678031185400023606e-01
6.212547414407698643e-02 4.455319357992885143e-01
5.321553384443529489e-02 5.135597740760216023e-01
4.298334213046321739e-02 5.978059153958155125e-01
3.791471170886340225e-02 6.417163193034562951e-01
2.943535071593955665e-02 7.179592176157409966e-01
2.405141418784556909e-02 7.679155626085045760e-01
1.515842582941323916e-02 8.524663987436849055e-01
1.256477882438055728e-02 8.774920474797506253e-01
7.450378161515454345e-03 9.271734909165070260e-01
2.547876763767401020e-03 9.750645092612552078e-01
-2.610598946242047823e-03 9.744508667763852605e-01
-5.917922676188953728e-03 9.421236393734973014e-01
-3.329361253519079293e-03 9.674200138119921633e-01
-8.565815893091601602e-03 9.163073197643976098e-01
-1.289534167796315203e-02 8.742952171652751403e-01
-1.442610196916871944e-02 8.595187007288882519e-01
-1.836573310622489907e-02 8.217244407205628320e-01
-2.275459068532922208e-02 7.801015448105399486e-01
-2.255794816730060520e-02 7.819541145859520981e-01
-1.699432106238735543e-02 8.348391127139186407e-01
-1.783344215225086959e-02 8.268090409527246720e-01
-1.975748747951368289e-02 8.084654942266169542e-01
