4.150761183013187972e-02 6.104508724027611910e-01
3.646740182218729392e-02 6.544949118504775898e-01
3.587443593889969723e-02 6.597596845177695624e-01
4.091464594684428302e-02 6.155646465962631986e-01
4.921616831287065758e-02 5.457477395487861926e-01
6.107548597862261924e-02 4.532744925576422945e-01
6.937700834464900768e-02 3.941385828586921880e-01
5.722120773725323378e-02 4.823307735484855252e-01
4.002519712191288104e-02 6.232700258990213626e-01
1.808545944027174779e-02 8.244007875952082953e-01
-2.964829416437991284e-03 9.709855443841508560e-01
-2.342215238986013193e-02 7.738217178513379091e-01
-4.832671948793926253e-02 5.530385568064644097e-01
-6.848755951971760569e-02 4.002441182705143152e-01
-8.271874071861996802e-02 3.093786230691373818e-01
-9.546750720930331779e-02 2.404482904223856909e-01
-9.783937074245370458e-02 2.289103510540752284e-01
-1.028795807503982973e-01 2.057011360082986462e-01
-1.052514442835486980e-01 1.953852772556970430e-01
-9.576399015094712308e-02 2.389842671542324326e-01
-8.390467248519514754e-02 3.024696123114706259e-01
-7.056294011122418719e-02 3.860852451760948822e-01
-6.137196892026642453e-02 4.510806584565586475e-01
-5.544231008739043676e-02 4.960718833131317895e-01
-4.891968537122685229e-02 5.481727599670809248e-01
-4.803023654629545725e-02 5.554792916008994830e-01
-4.447244124656987013e-02 5.851672042832731790e-01
-4.328650947999467674e-02 5.952228501484999601e-01
-3.528147005561209359e-02 6.650411922526084929e-01
-2.549753298136672730e-02 7.543934791309931942e-01
-1.571359590712135407e-02 8.471278327644229389e-01
-8.894488249313972986e-03 9.131083778348803026e-01
1.778897649862794857e-03 9.825888946481970976e-01
7.115590599451179429e-03 9.304375823302792892e-01
1.719601061534034928e-02 8.329074296730538673e-01
2.134677179835354002e-02 7.933912541585084188e-01
4.239706065506327476e-02 6.028154322422107914e-01
7.115590599451178389e-02 3.820961561382232308e-01
9.013081425971493366e-02 2.678745115430254953e-01
1.096986884082056801e-01 1.770648480050676654e-01
1.310454602065592167e-01 1.063928922966449753e-01
1.437942266972425664e-01 7.618274388474718939e-02
1.491309196468309783e-01 6.579434407797711548e-02
1.473520219969681744e-01 6.912043905713827208e-02
1.387540166892980154e-01 8.717316216680862095e-02
1.209650401906700451e-01 1.363664197559419922e-01
9.694992191752231647e-02 2.331904780420603340e-01
7.085942305286800635e-02 3.840875631652067579e-01
4.032168006355668632e-02 6.206969709910064026e-01
1.986435709013454134e-02 8.074495665615314399e-01
1.867842532355934448e-02 8.187409513033527819e-01
1.867842532355934448e-02 8.187409513033527819e-01
2.520105003972292548e-02 7.571598568220951897e-01
2.935181122273611623e-02 7.187259347034499202e-01
3.468850417232450384e-02 6.703392096267499767e-01
2.905532828109231788e-02 7.214492841993171979e-01
2.460808415643532879e-02 7.627018295362357758e-01
2.193973768164113672e-02 7.877862138133687742e-01
1.689952767369655093e-02 8.357473386901990153e-01
7.115590599451179429e-03 9.304375823302792892e-01
2.371863533150392854e-03 9.767866116195857984e-01
-4.447244124656986493e-03 9.564901871408936218e-01
-1.452766414054615894e-02 8.585399777232740615e-01
-3.202015769753030483e-02 6.943784302114590634e-01
-4.595485595478886881e-02 5.727087255311262837e-01
-6.137196892026642453e-02 4.510806584565586475e-01
-6.996997422793659049e-02 3.900994064801895922e-01
-7.263832070273078256e-02 3.722334733269203610e-01
-7.293480364437458785e-02 3.702798501657540431e-01
-6.552273010327960834e-02 4.209985332258585622e-01
-6.878404246136139710e-02 3.982027141488467814e-01
-6.196493480355402123e-02 4.467108895906160004e-01
-5.633175891232183874e-02 4.891756009938119654e-01
-6.226141774519781957e-02 4.445349800368063597e-01
-6.018603715369122420e-02 4.598916382854670859e-01
-5.722120773725323378e-02 4.823307735484855252e-01
-4.803023654629545725e-02 5.554792916008994830e-01
-4.002519712191288104e-02 6.232700258990213626e-01
-4.239706065506327476e-02 6.028154322422107914e-01
-5.366341243752763973e-02 5.100170378774893098e-01
-4.328650947999467674e-02 5.952228501484999601e-01
-3.557795299725589194e-02 6.623983605342298464e-01
-2.697994768958572598e-02 7.406089869392304958e-01
-2.935181122273611623e-02 7.187259347034499202e-01
-1.185931766575196514e-02 8.843210255678012333e-01
8.894488249313974287e-04 9.912939342373472407e-01
8.598005307670174638e-03 9.159939626331864426e-01
1.867842532355934448e-02 8.187409513033527819e-01
2.875884533944851953e-02 7.241761344400822198e-01
4.536189007150127211e-02 5.776771447487902833e-01
5.840713950382842717e-02 4.732851096142309810e-01
8.509060425177035480e-02 2.956629946257112174e-01
1.180002107742320477e-01 1.463091416155722080e-01
1.310454602065592167e-01 1.063928922966449753e-01
1.348997384479286021e-01 9.640415098633114965e-02
1.343067725646410193e-01 9.789062531314113302e-02
1.280806307901212193e-01 1.146154408126618257e-01
1.206685572490262398e-01 1.373368257292598982e-01
1.049549613419049066e-01 1.966538221146454657e-01
1.091057225249180834e-01 1.794315995123113017e-01
1.165177960660130768e-01 1.514819803124435593e-01
1.150353813577940781e-01 1.567915539631364319e-01
1.369751190394352114e-01 9.134184281666862804e-02
1.437942266972425664e-01 7.618274388474718939e-02
1.740354867449100951e-01 3.143732336671218458e-02
1.977541220764140184e-01 1.427485506754250580e-02
2.019048832594272092e-01 1.232236446879479697e-02
2.107993715087411735e-01 8.909193616551239897e-03
2.063521273840842052e-01 1.049415236734180766e-02
2.155430985750419748e-01 7.455462441339327437e-03
2.116888203336726171e-01 8.618905911523765812e-03
2.010154344344958210e-01 1.271981796208631645e-02
1.817440432276488660e-01 2.455243692887887352e-02
1.642515496706647149e-01 4.247677881435441699e-02
1.473520219969681744e-01 6.912043905713827208e-02
1.331208407980657982e-01 1.009179248801595208e-01
1.123670348829998722e-01 1.666989359378410751e-01
1.114775860580684702e-01 1.701028214865349941e-01
1.138494495912188709e-01 1.611388442240062058e-01
1.254122843153270273e-01 1.224314951836715654e-01
1.446836755221739823e-01 7.436474473110443739e-02
1.627691349624457162e-01 4.440383373123823335e-02
1.802616285194298673e-01 2.576565064843535507e-02
2.045732297342214012e-01 1.119460789489267437e-02
2.247340697659997444e-01 5.224960612338882572e-03
2.413371144980524796e-01 2.653666231369349298e-03
2.600155398216118519e-01 1.170988175494742630e-03
2.748396869038017831e-01 5.856931885769290063e-04
2.932216292857173223e-01 2.347038105499379111e-04
3.139754352007833038e-01 7.742635121424858873e-05
3.356186899407805901e-01 2.225229999665590076e-05
3.581513935057092923e-01 5.481315842610854765e-06
3.904680341448834580e-01 6.046043640899368489e-07
4.165585330095377681e-01 8.520132375139195923e-08
4.509505542402185152e-01 4.926610906997123373e-09
4.900863025371999804e-01 1.277494899811989096e-10
5.271466702426749196e-01 2.555961529518641731e-12
5.597597938234927240e-01 5.396924069773423094e-14
5.846643609215719239e-01 2.108266101633561874e-15
6.128302403777328156e-01 3.795722494468614441e-17
6.232071433352657230e-01 7.793309662546682279e-18
6.415890857171813177e-01 4.062157707753762030e-19
6.528554374996455856e-01 6.003979775498807918e-20
6.564132327993713600e-01 3.227521499086202398e-20
6.623428916322473547e-01 1.125708919276388398e-20
6.688655163484108490e-01 3.436361188580350776e-21
6.721268287064926517e-01 1.877245712978825384e-21
6.724233116481364014e-01 1.776171071445508965e-21
6.721268287064926517e-01 1.877245712978825384e-21
6.721268287064926517e-01 1.877245712978825384e-21
6.685690334067669882e-01 3.629151579895597459e-21
6.641217892821100754e-01 8.168870940852343044e-21
6.611569598656720226e-01 1.392333793275987921e-20
6.590815792741655521e-01 2.015100072274097092e-20
6.504835739664953653e-01 9.039761831214895720e-20
6.424785345421127891e-01 3.503177219383784130e-19
6.356594268843053230e-01 1.076584744778331727e-18
6.249860409851286658e-01 5.905661237932263311e-18
6.134232062610204261e-01 3.472839690445505376e-17
6.009709227119808261e-01 2.161657644377913003e-16
5.852573268048595345e-01 1.945011725463306402e-15
5.659859355980125795e-01 2.461035563218409652e-14
5.517547543991101477e-01 1.446443662101067651e-13
5.357446755503449953e-01 9.620927935307278595e-13
5.090612108024031857e-01 1.828619737718056308e-11
4.886038878289809539e-01 1.479649699350687115e-10
4.675535989722713337e-01 1.106513880712167615e-09
4.408701342243293575e-01 1.174188944188526110e-08
4.221917089007699020e-01 5.457634098309417328e-08
4.100359082933742183e-01 1.412701106910592638e-07
3.889856194366644315e-01 6.724713110149712313e-07
3.649705011635167584e-01 3.510540925592681031e-06
3.501463540813267716e-01 9.129218479265695170e-06
3.371011046489996166e-01 2.035963382635119548e-05
3.371011046489996166e-01 2.035963382635119548e-05
3.418448317153003901e-01 1.527216719187144038e-05
3.456991099566698034e-01 1.204859115185254027e-05
3.688247794048861161e-01 2.716572017568954138e-06
3.872067217868017108e-01 7.635182635052827305e-07
3.978801076859784791e-01 3.524098066440428264e-07
4.177444647761129337e-01 7.762744865158844068e-08
4.325686118583029760e-01 2.351161871082264411e-08
4.376088218662474993e-01 1.545849108287884154e-08
4.497646224736432385e-01 5.464650562919427842e-09
4.651817354391208359e-01 1.376415124999240841e-09
4.820812631128174042e-01 2.800785388028930387e-10
4.930511319536379222e-01 9.502539301466617417e-11
5.004632054947329989e-01 4.478161170701252304e-11
5.043174837361024121e-01 3.006570448493911989e-11
5.099506596273345460e-01 1.664415110410412663e-11
5.155838355185666799e-01 9.113993944835728754e-12
5.135084549270602094e-01 1.139274436966397003e-11
5.102471425689782958e-01 1.612927356338826963e-11
5.105436255106221566e-01 1.562985012364990085e-11
5.075787960941841037e-01 2.137787803406930866e-11
5.052069325610337724e-01 2.740525707552281230e-11
5.066893472692527434e-01 2.346998913159232913e-11
5.057998984443212720e-01 2.575990904021802148e-11
5.066893472692527434e-01 2.346998913159232913e-11
5.063928643276089936e-01 2.421045768747268132e-11
5.090612108024031857e-01 1.828619737718056308e-11
5.132119719854162376e-01 1.176036107943338031e-11
5.152873525769229301e-01 9.410105974965488106e-12
5.129154890437724879e-01 1.213946825948706972e-11
5.069858302108964931e-01 2.275148734298678766e-11
4.969054101950073909e-01 6.440398014226007472e-11
4.829707119377488200e-01 2.569408084930071362e-10
4.708149113303529698e-01 8.173897646239432153e-10
4.583626277813135363e-01 2.554345165275854233e-09
4.509505542402185152e-01 4.926610906997123373e-09
4.447244124656987152e-01 8.452093926471335034e-09
4.435384806991234941e-01 9.355864100941648405e-09
4.435384806991234941e-01 9.355864100941648405e-09
4.500611054152871549e-01 5.325065896247858317e-09
4.601415254311763126e-01 2.176685729363985440e-09
4.681465648555587777e-01 1.047479131406010625e-09
4.752621554550100491e-01 5.380617929607816567e-10
4.794129166380232121e-01 3.622245486564710383e-10
4.859355413541868729e-01 1.924118841388619240e-10
4.933476148952817830e-01 9.224012560992524097e-11
5.013526543196643592e-01 4.086595516160634859e-11
5.037245178528146905e-01 3.197657867688354750e-11
5.084682449191155751e-01 1.946700180539670684e-11
5.123225231604848773e-01 1.293355310406365737e-11
5.256642555344558376e-01 3.016577678278359032e-12
5.321868802506194429e-01 1.446300665097899438e-12
5.440461979163714323e-01 3.647216941655243693e-13
5.579808961736300033e-01 6.734155939846867284e-14
5.686542820728067715e-01 1.748895372465632924e-14
5.677648332478754112e-01 1.960484640457034899e-14
5.609457255900679451e-01 4.653035590861617919e-14
5.502723396908911768e-01 1.731187016530290021e-13
5.354481926087012456e-01 9.955192450947244095e-13
5.117295572771972667e-01 1.377789998990317423e-11
4.951265125451446147e-01 7.711531145386879535e-11
4.717043601552844412e-01 7.521727577490299913e-10
4.432419977574796888e-01 9.595938525488560373e-09
4.218952259591262077e-01 5.588226446879987589e-08
4.008449371024164209e-01 2.829240463442022218e-07
3.833524435454322976e-01 1.002757718067149273e-06
3.584478764473532086e-01 5.377290016195855567e-06
3.353222069991368404e-01 2.265020849918902897e-05
3.172367475588650509e-01 6.455059710085427169e-05
3.030055663599626747e-01 1.405871854333970591e-04
2.890708681027041593e-01 2.901175131819942418e-04
2.789904480868150016e-01 4.790152714430178640e-04
2.674276133627068175e-01 8.322211173247424367e-04
2.514175345139416651e-01 1.719287879328676829e-03
2.437089780312028942e-01 2.399782458697230416e-03
2.336285580153137087e-01 3.655439042330259434e-03
2.558647786385986334e-01 1.411799870022155271e-03
2.816587945616091937e-01 4.202366562663778222e-04
2.982618392936619567e-01 1.806539300400205759e-04
3.139754352007833038e-01 7.742635121424858873e-05
3.293925481662608457e-01 3.216397226408539367e-05
3.231664063917411012e-01 4.612483505130380814e-05
3.196086110920154932e-01 5.647802254767477701e-05
2.988548051769495117e-01 1.751203824999007211e-04
2.742467210205141726e-01 6.026063990205195306e-04
2.668346474794192069e-01 8.555779222609804190e-04
2.724678233706513963e-01 6.560832029249127808e-04
2.668346474794192069e-01 8.555779222609804190e-04
2.813623116199653884e-01 4.264215817413696645e-04
2.911462486942107408e-01 2.610490873177282031e-04
2.947040439939363488e-01 2.174219464372267440e-04
2.973723904687305408e-01 1.892601020848256330e-04
3.030055663599626747e-01 1.405871854333970591e-04
3.050809469514693117e-01 1.258091301365959721e-04
3.003372198851685382e-01 1.619692824599663124e-04
3.021161175350313144e-01 1.474032963322940688e-04
3.089352251928386695e-01 1.021355226322207281e-04
3.095281910761262800e-01 9.888653410188553657e-05
3.089352251928386695e-01 1.021355226322207281e-04
3.202015769753030483e-01 5.461328909103544635e-05
3.270206846331104589e-01 3.693305954404176917e-05
3.219804746251658800e-01 4.935963548579702062e-05
3.163472987339336906e-01 6.784738174154155137e-05
3.083422593095511144e-01 1.054840427830084677e-04
2.929251463440735725e-01 2.383098182033187621e-04
2.727643063122952016e-01 6.468773420267712919e-04
2.398546997898335087e-01 2.824441081769894692e-03
2.048697126758652065e-01 1.107508510776765258e-02
1.787792138112108686e-01 2.702983232341875722e-02
1.636585837873771321e-01 4.323902780954039238e-02
1.512063002383375598e-01 6.208019373546608266e-02
1.414223631640921797e-01 8.120664873599278688e-02
1.378645678643665995e-01 8.923809293696270684e-02
1.396434655142294035e-01 8.514658726027514446e-02
1.393469825725855704e-01 8.581787909262807157e-02
1.316384260898467995e-01 1.048053514544350084e-01
1.301560113816278008e-01 1.088095184964528450e-01
1.268946990235460259e-01 1.180398538126406216e-01
1.331208407980657982e-01 1.009179248801595208e-01
1.354927043312162127e-01 9.493561264478336814e-02
1.411258802224483744e-01 8.185293732960102764e-02
1.520957490632689757e-01 6.054187625515336513e-02
1.562465102462821664e-01 5.377112358093449895e-02
1.663269302621713241e-01 3.989695018882857824e-02
1.802616285194298673e-01 2.576565064843535507e-02
1.933068779517570501e-01 1.666157846603447817e-02
1.962717073681950197e-01 1.503493749546389556e-02
1.986435709013454065e-01 1.383509898644704091e-02
1.933068779517570501e-01 1.666157846603447817e-02
1.894525997103876369e-01 1.900342309871601645e-02
1.790756967528546462e-01 2.677283904234578973e-02
1.820405261692926713e-01 2.431576597323259828e-02
2.016084003177834039e-01 1.245362161149022977e-02
2.365933874317517338e-01 3.235604191610123165e-03
2.665381645377754571e-01 8.674806319200796404e-04
2.941110781106487382e-01 2.241876370800591580e-04
3.172367475588650509e-01 6.455059710085427169e-05
3.477744905481763849e-01 1.059080830440107851e-05
3.602267740972159293e-01 4.791373553957551768e-06
3.694177452881737267e-01 2.610730733116100944e-06
3.741614723544745003e-01 1.894310526415930740e-06
3.646740182218729531e-01 3.579976487741241888e-06
3.495533881980392166e-01 9.475592171516454665e-06
3.282066163996856800e-01 3.447105113715533765e-05
3.083422593095511144e-01 1.054840427830084677e-04
2.979653563520181514e-01 1.834813318163024218e-04
2.742467210205141726e-01 6.026063990205195306e-04
2.487491880391474730e-01 1.931883050016581279e-03
2.137642009251791708e-01 7.973886180281136715e-03
1.909350144186066356e-01 1.807099341200752232e-02
1.660304473205275189e-01 4.025723654299024484e-02
1.491309196468309783e-01 6.579434407797711548e-02
1.417188461057360127e-01 8.056446710318321269e-02
1.470555390553243691e-01 6.968785893254618447e-02
1.500203684717623664e-01 6.418094321298527249e-02
1.455731243471053704e-01 7.258200360994415679e-02
1.520957490632689757e-01 6.054187625515336513e-02
1.698847255618968766e-01 3.578070939246891929e-02
1.980506050180578237e-01 1.412693213643656347e-02
2.226586891744931351e-01 5.668501390252098267e-03
2.585331251133928254e-01 1.252305333645980850e-03
2.837341751531157197e-01 3.792108497280620525e-04
3.107141228427015012e-01 9.267627127831004207e-05
3.317644116994112324e-01 2.797862471016749245e-05
3.471815246648887743e-01 1.098934143569818346e-05
3.596338082139283188e-01 4.979601523302515548e-06
3.735685064711868897e-01 1.972358523574780838e-06
3.818700288372132712e-01 1.112564230501716881e-06
3.898750682615957919e-01 6.309273636237113497e-07
3.830559606037884923e-01 1.023857601889982061e-06
3.765333358876248315e-01 1.610516220302976324e-06
3.682318135215985611e-01 2.826481540878113885e-06
3.492569052563954113e-01 9.653404511049611285e-06
3.264277187498227928e-01 3.822515350537081637e-05
3.018196345933875091e-01 1.497429461120016402e-04
2.662416815961315963e-01 8.795351689633793945e-04
2.401511827314772862e-01 2.789511697719098803e-03
2.170255132832609457e-01 7.046536630017048025e-03
1.900455655936752197e-01 1.862556874689890937e-02
1.574324420128573321e-01 5.195585688905465099e-02
1.360856702145037955e-01 9.348487417408203604e-02
1.165177960660130768e-01 1.514819803124435593e-01
1.094022054665618748e-01 1.782453295306301311e-01
1.049549613419049066e-01 1.966538221146454657e-01
9.754288780080992705e-02 2.303308641687883684e-01
9.161322896793393233e-02 2.600511546084796621e-01
8.568357013505793762e-02 2.922980591971183206e-01
7.560315011916877992e-02 3.529821582142212977e-01
6.730162775314239842e-02 4.084717983909711414e-01
7.382425246930598983e-02 3.644569096425660515e-01
7.589963306081257133e-02 3.510919355466789460e-01
7.916094541889436009e-02 3.307201990489159193e-01
8.924136543478354555e-02 2.726446232915749057e-01
9.991475133396031383e-02 2.191394989321321374e-01
1.156283472410816471e-01 1.546512028304069530e-01
1.209650401906700451e-01 1.363664197559419922e-01
1.301560113816278008e-01 1.088095184964528450e-01
1.562465102462821664e-01 5.377112358093449895e-02
1.704776914451845149e-01 3.513079941763114222e-02
1.574324420128573321e-01 5.195585688905465099e-02
1.301560113816278008e-01 1.088095184964528450e-01
1.005077172172479105e-01 2.164030994779916339e-01
7.589963306081257133e-02 3.510919355466789460e-01
4.091464594684428302e-02 6.155646465962631986e-01
2.697994768958572598e-02 7.406089869392304958e-01
9.190971190957773068e-03 9.102239267136499334e-01
-6.819107657807380214e-03 9.333291829600072198e-01
-1.512063002383375564e-02 8.528300929131141794e-01
-2.282918650657253176e-02 7.793991000097524324e-01
-3.498498711396829525e-02 6.676881514184496158e-01
-3.498498711396829525e-02 6.676881514184496158e-01
-3.735685064711868897e-02 6.466296182230275580e-01
-4.121112888848808137e-02 6.130054280839929426e-01
-3.824629947205008401e-02 6.388032218287085229e-01
-4.121112888848808137e-02 6.130054280839929426e-01
-3.646740182218729392e-02 6.544949118504775898e-01
-4.180409477177567806e-02 6.079010046257529165e-01
-3.883926535533768765e-02 6.336075945836285861e-01
-3.468850417232450384e-02 6.703392096267499767e-01
-4.595485595478886881e-02 5.727087255311262837e-01
-5.900010538711602387e-02 4.687971665604988569e-01
-7.886446247725056868e-02 3.325402515855780949e-01
-1.064373760501238775e-01 1.903704910752466173e-01
-1.387540166892980154e-01 8.717316216680862095e-02
-1.381610508060103770e-01 8.854549230586079844e-02
-1.378645678643665995e-01 8.923809293696270684e-02
-1.268946990235460259e-01 1.180398538126406216e-01
-1.346032555062847968e-01 9.714513765565888082e-02
-1.408293972808045968e-01 8.250335010306748817e-02
-1.325278749147782154e-01 1.024590207738609038e-01
-1.144424154745064676e-01 1.589540643170408718e-01
-9.635695603423471978e-02 2.360749260676175687e-01
-8.390467248519514754e-02 3.024696123114706259e-01
-8.153280895204477463e-02 3.163900668191798604e-01
-6.492976421999201164e-02 4.252231985377508128e-01
-4.714078772136406220e-02 5.628325879478939253e-01
-4.121112888848808137e-02 6.130054280839929426e-01
-2.549753298136672730e-02 7.543934791309931942e-01
-2.105028885670973821e-02 7.961977612492739942e-01
-1.393469825725855878e-02 8.642571976626228780e-01
-1.423118119890235886e-02 8.613976889420622562e-01
-1.304524943232716200e-02 8.728461448268055589e-01
-1.037690295753296993e-02 8.986982048648328725e-01
-1.482414708218995642e-03 9.854903971587298805e-01
3.557795299725589715e-03 9.651859965367522998e-01
6.522624716163580999e-03 9.362216548281087070e-01
1.541711296547755572e-02 8.499779917054914868e-01
2.075380591506593986e-02 7.990068805269330277e-01
1.601007884876515242e-02 8.442796520983791853e-01
9.190971190957773068e-03 9.102239267136499334e-01
-5.336692949588385006e-03 9.477995014573001864e-01
-1.126635178246436671e-02 8.900676414656445434e-01
-2.016084003177834316e-02 8.046328177724200170e-01
-2.490456709807913060e-02 7.599293179387031083e-01
-2.312566944821633011e-02 7.766089837084957370e-01
-2.875884533944851953e-02 7.241761344400822198e-01
-2.282918650657253176e-02 7.793991000097524324e-01
-1.334173237397096035e-02 8.699814620729005021e-01
-7.708556482738777860e-03 9.246571451663863073e-01
-1.245228354903956530e-02 8.785804286038754185e-01
-1.423118119890235886e-02 8.613976889420622562e-01
2.964829416437991284e-03 9.709855443841508560e-01
1.601007884876515242e-02 8.442796520983791853e-01
2.371863533150393027e-02 7.710373360539325427e-01
4.921616831287065758e-02 5.457477395487861926e-01
7.560315011916877992e-02 3.529821582142212977e-01
7.174887187779939446e-02 3.781321935963011249e-01
8.271874071861996802e-02 3.093786230691373818e-01
9.013081425971493366e-02 2.678745115430254953e-01
9.694992191752231647e-02 2.331904780420603340e-01
8.212577483533235745e-02 3.128715399845397038e-01
6.967349128629278521e-02 3.921158714755809127e-01
4.328650947999467674e-02 5.952228501484999601e-01
2.668346474794192069e-02 7.433594574316628734e-01
-1.452766414054615894e-02 8.585399777232740615e-01
-5.129154890437724601e-02 5.289215487719876041e-01
-8.775895072656454687e-02 2.807219880476723439e-01
-1.197791084240948517e-01 1.402796853807732336e-01
-1.197791084240948517e-01 1.402796853807732336e-01
-1.031760636920421026e-01 2.043906433569822878e-01
-7.263832070273078256e-02 3.722334733269203610e-01
-6.908052540300518851e-02 3.961675330162681696e-01
-6.107548597862261924e-02 4.532744925576422945e-01
-6.730162775314239842e-02 4.084717983909711414e-01
-7.678908188574397331e-02 3.454594644319870511e-01
-9.161322896793393233e-02 2.600511546084796621e-01
-9.072378014300254423e-02 2.647261663980006730e-01
-9.339212661779672242e-02 2.508716651370811457e-01
-8.390467248519514754e-02 3.024696123114706259e-01
-8.271874071861996802e-02 3.093786230691373818e-01
-9.754288780080992705e-02 2.303308641687883684e-01
-1.200755913657386431e-01 1.392934434435438018e-01
-1.399399484558731810e-01 8.447950564542275331e-02
-1.609902373125829400e-01 4.681216947830028202e-02
-1.681058279120341004e-01 3.779165428275786665e-02
-1.722565890950473189e-01 3.324062318246848169e-02
-1.583218908377887202e-01 5.062796567452904073e-02
-1.369751190394352114e-01 9.134184281666862804e-02
-1.310454602065592167e-01 1.063928922966449753e-01
-1.280806307901212193e-01 1.146154408126618257e-01
-1.242263525487518477e-01 1.260349640212920785e-01
-1.307489772649154114e-01 1.071937090298860223e-01
-1.346032555062847968e-01 9.714513765565888082e-02
-1.346032555062847968e-01 9.714513765565888082e-02
-1.316384260898467995e-01 1.048053514544350084e-01
-1.254122843153270273e-01 1.224314951836715654e-01
-1.108846201747808735e-01 1.724005591890398759e-01
-9.546750720930331779e-02 2.404482904223856909e-01
-9.754288780080992705e-02 2.303308641687883684e-01
-9.635695603423471978e-02 2.360749260676175687e-01
-8.805543366820833828e-02 2.790937805667092486e-01
-7.649259894410016802e-02 3.473305851482736406e-01
-6.937700834464900768e-02 3.941385828586921880e-01
-5.662824185396563709e-02 4.868882533534031332e-01
-3.735685064711868897e-02 6.466296182230275580e-01
-1.245228354903956530e-02 8.785804286038754185e-01
8.301522366026376290e-03 9.188806437371819236e-01
2.312566944821633011e-02 7.766089837084957370e-01
3.083422593095511144e-02 7.051627864718528205e-01
4.328650947999467674e-02 5.952228501484999601e-01
6.166845186191022288e-02 4.488927865674418038e-01
7.293480364437458785e-02 3.702798501657540431e-01
8.716598484327695018e-02 2.839975271296167336e-01
9.190971190957773762e-02 2.585054666374553278e-01
8.479412131012654952e-02 2.973550534664020639e-01
8.835191660985215745e-02 2.774719436947004070e-01
9.665343897587852506e-02 2.346295940543654812e-01
9.843233662574131515e-02 2.260878733589901379e-01
9.783937074245370458e-02 2.289103510540752284e-01
1.013971660421793125e-01 2.123442977666193665e-01
1.034725466336858940e-01 2.030861741795710329e-01
1.067338589917676828e-01 1.891315875895746845e-01
1.067338589917676828e-01 1.891315875895746845e-01
1.088092395832742781e-01 1.806236701500917030e-01
1.111811031164246788e-01 1.712488336819336932e-01
1.043619954586172960e-01 1.992088056805922103e-01
8.390467248519514754e-02 3.024696123114706259e-01
6.492976421999201164e-02 4.252231985377508128e-01
4.891968537122685229e-02 5.481727599670809248e-01
3.409553828903690020e-02 6.756535088032568082e-01
1.927139120684694465e-02 8.130904508085307070e-01
-3.557795299725589715e-03 9.651859965367522998e-01
-1.660304473205275258e-02 8.385893692449536418e-01
-2.105028885670973821e-02 7.961977612492739942e-01
-2.460808415643532879e-02 7.627018295362357758e-01
-2.875884533944851953e-02 7.241761344400822198e-01
-2.549753298136672730e-02 7.543934791309931942e-01
-2.786939651451711755e-02 7.323773754862044072e-01
-3.379905534739310186e-02 6.783166922166690149e-01
-4.476892418821366154e-02 5.826655575414094734e-01
-6.048252009533502255e-02 4.576799956464069341e-01
-8.657301895998935348e-02 2.872985839667833163e-01
-9.783937074245370458e-02 2.289103510540752284e-01
-1.114775860580684702e-01 1.701028214865349941e-01
-1.067338589917676828e-01 1.891315875895746845e-01
-1.185931766575196444e-01 1.442778897652365333e-01
-1.150353813577940781e-01 1.567915539631364319e-01
-1.218544890156014471e-01 1.334866309508769555e-01
-1.194826254824510464e-01 1.412712360678542722e-01
-1.280806307901212193e-01 1.146154408126618257e-01
-1.221509719572452385e-01 1.325371267116732255e-01
-1.227439378405328491e-01 1.306536638712747778e-01
-1.153318642994378695e-01 1.557186154380684195e-01
-1.185931766575196444e-01 1.442778897652365333e-01
-1.239298696071080425e-01 1.269484857253959653e-01
-1.283771137317650524e-01 1.137715494382128822e-01
-1.331208407980657982e-01 1.009179248801595208e-01
-1.316384260898467995e-01 1.048053514544350084e-01
-1.331208407980657982e-01 1.009179248801595208e-01
-1.348997384479286021e-01 9.640415098633114965e-02
-1.233369037238204458e-01 1.287908251484515543e-01
-1.120705519413560808e-01 1.678278855850593998e-01
-1.135529666495750795e-01 1.622396193963453470e-01
-1.286735966734088299e-01 1.129325101135463943e-01
-1.497238855301185612e-01 6.471511146186322005e-02
-1.601007884876515242e-01 4.805656089918988738e-02
-1.580254078961449427e-01 5.106743286649655794e-02
-1.663269302621713241e-01 3.989695018882857824e-02
-1.509098172966937546e-01 6.260002654566533542e-02
-1.375680849227227942e-01 8.993500680968086192e-02
-1.280806307901212193e-01 1.146154408126618257e-01
-1.182966937158758669e-01 1.452908242710748976e-01
-1.028795807503982973e-01 2.057011360082986462e-01
-8.924136543478354555e-02 2.726446232915749057e-01
-7.649259894410016802e-02 3.473305851482736406e-01
-6.463328127834820636e-02 4.273446895722357031e-01
-4.269354359670708005e-02 6.002797769451055920e-01
-2.638698180629811887e-02 7.461131743107052294e-01
5.040210007944585791e-03 9.506957643301321426e-01
3.824629947205008401e-02 6.388032218287085229e-01
6.315086657012922156e-02 4.380432981770336909e-01
8.509060425177035480e-02 2.956629946257112174e-01
1.008042001588917019e-01 2.150440683181752133e-01
9.102026308464633564e-02 2.631614996393735195e-01
9.724640485916610788e-02 2.317575706007100333e-01
1.016936489838230900e-01 2.110035398677407303e-01
9.546750720930331779e-02 2.404482904223856909e-01
1.058444101668363085e-01 1.928660274584493850e-01
1.165177960660130768e-01 1.514819803124435593e-01
1.120705519413560808e-01 1.678278855850593998e-01
1.013971660421793125e-01 2.123442977666193665e-01
9.102026308464633564e-02 2.631614996393735195e-01
8.479412131012654952e-02 2.973550534664020639e-01
6.759811069478620371e-02 4.064055859092239320e-01
6.759811069478620371e-02 4.064055859092239320e-01
6.581921304492339975e-02 4.188953796157086629e-01
5.781417362054082354e-02 4.777963516192144100e-01
4.387947536328227344e-02 5.901852624462056163e-01
2.490456709807913060e-02 7.599293179387031083e-01
1.304524943232716200e-02 8.728461448268055589e-01
7.412073541094977777e-03 9.275468905428219113e-01
-8.598005307670174638e-03 9.159939626331864426e-01
-4.743727066300785708e-03 9.535926721610885615e-01
3.854278241369388930e-03 9.622868871938534685e-01
4.150761183013188145e-03 9.593882714367604203e-01
6.819107657807380214e-03 9.333291829600072198e-01
1.660304473205275258e-02 8.385893692449536418e-01
1.541711296547755572e-02 8.499779917054914868e-01
2.253270356492873341e-02 7.821920330317586600e-01
2.134677179835354002e-02 7.933912541585084188e-01
1.571359590712135407e-02 8.471278327644229389e-01
-2.075380591506594073e-03 9.796876201423365682e-01
-7.708556482738777860e-03 9.246571451663863073e-01
-9.783937074245369764e-03 9.044585747676215925e-01
-2.045732297342214151e-02 8.018185775483293032e-01
-1.660304473205275258e-02 8.385893692449536418e-01
-1.008042001588917158e-02 9.015777484609692749e-01
-1.660304473205275258e-02 8.385893692449536418e-01
-3.053774298931130962e-02 7.078681665885183660e-01
-4.891968537122685229e-02 5.481727599670809248e-01
-4.832671948793926253e-02 5.530385568064644097e-01
-4.387947536328227344e-02 5.901852624462056163e-01
-3.557795299725589194e-02 6.623983605342298464e-01
-3.557795299725589194e-02 6.623983605342298464e-01
-3.409553828903690020e-02 6.756535088032568082e-01
-3.439202123068069855e-02 6.729943383228373932e-01
-3.142719181424270813e-02 6.997631148740800500e-01
-3.943223123862528434e-02 6.284297924686068626e-01
-3.557795299725589194e-02 6.623983605342298464e-01
-4.595485595478886881e-02 5.727087255311262837e-01
-5.188451478766484964e-02 5.241625362563739898e-01
-6.285438362848541627e-02 4.402011722932126503e-01
-6.433679833670441495e-02 4.294722720994228471e-01
-7.056294011122418719e-02 3.860852451760948822e-01
-7.560315011916877992e-02 3.529821582142212977e-01
-8.657301895998935348e-02 2.872985839667833163e-01
-9.694992191752231647e-02 2.331904780420603340e-01
-9.220619485122152903e-02 2.569660949863233901e-01
-9.102026308464633564e-02 2.631614996393735195e-01
-7.234183776108699115e-02 3.741934088273713988e-01
-6.077900303697882090e-02 4.554742759807657304e-01
-5.010561713780205262e-02 5.385044362657284145e-01
-2.846236239780471772e-02 7.269064540756902115e-01
-2.164325473999733837e-02 7.905873935986582612e-01
-1.689952767369655093e-02 8.357473386901990153e-01
-1.304524943232716200e-02 8.728461448268055589e-01
-1.423118119890235886e-02 8.613976889420622562e-01
-8.301522366026376290e-03 9.188806437371819236e-01
2.282918650657253176e-02 7.793991000097524324e-01
4.506540712985746683e-02 5.801688633536490336e-01
8.360818954355135613e-02 3.041872633676573900e-01
9.902530250902891185e-02 2.232900733959704287e-01
1.159248301827254524e-01 1.535893021574786799e-01
1.114775860580684702e-01 1.701028214865349941e-01
1.022866148671107006e-01 2.083402316650732056e-01
1.126635178246436775e-01 1.655756477218980061e-01
1.245228354903956391e-01 1.251265199663869621e-01
1.414223631640921797e-01 8.120664873599278688e-02
1.526887149465565585e-01 5.953381299106409036e-02
1.547640955380631400e-01 5.611360452277151800e-02
1.562465102462821664e-01 5.377112358093449895e-02
1.589148567210763308e-01 4.975843910180737656e-02
1.672163790871027123e-01 3.883230358571816004e-02
1.704776914451845149e-01 3.513079941763114222e-02
1.758143843947728713e-01 2.971779462889076462e-02
1.772967991029918700e-01 2.834664787992183591e-02
1.713671402701158752e-01 3.417465531066563034e-02
1.639550667290209096e-01 4.285648497519074090e-02
1.621761690791581056e-01 4.519484355562229660e-02
1.417188461057360127e-01 8.056446710318321269e-02
1.295630454983402458e-01 1.104443401142776171e-01
1.117740689997122755e-01 1.689625097633102035e-01
9.013081425971493366e-02 2.678745115430254953e-01
5.781417362054082354e-02 4.777963516192144100e-01
1.778897649862794597e-02 8.272341186337420771e-01
-2.875884533944851953e-02 7.241761344400822198e-01
-6.700514481149860702e-02 4.105441911274851918e-01
-1.052514442835486980e-01 1.953852772556970430e-01
-1.180002107742320477e-01 1.463091416155722080e-01
-1.191861425408072689e-01 1.422681104499844695e-01
-1.251158013736832497e-01 1.233248014461288400e-01
-1.182966937158758669e-01 1.452908242710748976e-01
-1.191861425408072689e-01 1.422681104499844695e-01
-1.079197907583429039e-01 1.842348065684406011e-01
-1.129600007662874689e-01 1.644580077525825412e-01
-1.123670348829998722e-01 1.666989359378410751e-01
-1.185931766575196444e-01 1.442778897652365333e-01
-1.236333866654642372e-01 1.278671008578481649e-01
-1.295630454983402458e-01 1.104443401142776171e-01
-1.319349090314906048e-01 1.040185939091089334e-01
-1.384575337476542101e-01 8.785718776847366296e-02
-1.298595284399840233e-01 1.096245444906154970e-01
-1.055479272251924755e-01 1.941226826678389139e-01
-7.797501365231916670e-02 3.380387516657661351e-01
-8.212577483533235745e-02 3.128715399845397038e-01
-6.611569598656720503e-02 4.167983588330201883e-01
-4.565837301314506352e-02 5.751904245813735939e-01
-3.617091888054349558e-02 6.571251923062654265e-01
-2.964829416437991111e-02 7.160061171722618134e-01
-3.706036770547489062e-02 6.492470972426016562e-01
-3.943223123862528434e-02 6.284297924686068626e-01
-3.735685064711868897e-02 6.466296182230275580e-01
-3.231664063917410318e-02 6.916917832445974579e-01
-2.786939651451711755e-02 7.323773754862044072e-01
-1.897490826520314283e-02 8.159145165192873694e-01
-1.986435709013454134e-02 8.074495665615314399e-01
-2.668346474794192069e-02 7.433594574316628734e-01
-2.490456709807913060e-02 7.599293179387031083e-01
-3.913574829698147906e-02 6.310164521734746845e-01
-5.040210007944585097e-02 5.361006550949052318e-01
-5.395989537917145196e-02 5.076788297393297622e-01
-7.204535481944318587e-02 3.761596509004678790e-01
-7.056294011122418719e-02 3.860852451760948822e-01
-5.484934420410284006e-02 5.006977743033890205e-01
-3.765333358876248732e-02 6.440164612225398599e-01
-2.964829416437991067e-04 9.970979274004432291e-01
2.075380591506593986e-02 7.990068805269330277e-01
4.595485595478886881e-02 5.727087255311262837e-01
7.323128658601839314e-02 3.683325449275859365e-01
7.886446247725056868e-02 3.325402515855780949e-01
7.589963306081257133e-02 3.510919355466789460e-01
6.315086657012922156e-02 4.380432981770336909e-01
4.832671948793926253e-02 5.530385568064644097e-01
3.794981653040628566e-02 6.414076534179217193e-01
2.401511827314772862e-02 7.682558718230400041e-01
1.630656179040895423e-02 8.414334856400400575e-01
2.045732297342214151e-02 8.018185775483293032e-01
2.371863533150393027e-02 7.710373360539325427e-01
2.935181122273611623e-02 7.187259347034499202e-01
3.261312358081790846e-02 6.890089730484230124e-01
3.261312358081790846e-02 6.890089730484230124e-01
3.498498711396829525e-02 6.676881514184496158e-01
2.697994768958572598e-02 7.406089869392304958e-01
5.633175891232183354e-03 9.449039213268972670e-01
-1.096986884082056836e-02 8.929431143060262421e-01
-1.156283472410816505e-02 8.871935995775296346e-01
-6.819107657807380214e-03 9.333291829600072198e-01
5.929658832875982569e-03 9.420090616967976560e-01
1.867842532355934448e-02 8.187409513033527819e-01
2.727643063122952086e-02 7.378617950653341140e-01
2.164325473999733837e-02 7.905873935986582612e-01
1.571359590712135407e-02 8.471278327644229389e-01
3.261312358081790500e-03 9.680855615709162976e-01
-2.668346474794192069e-02 7.433594574316628734e-01
-3.083422593095511144e-02 7.051627864718528205e-01
-3.350257240574930351e-02 6.809838595647544901e-01
-2.846236239780471772e-02 7.269064540756902115e-01
-1.927139120684694465e-02 8.130904508085307070e-01
-1.245228354903956530e-02 8.785804286038754185e-01
1.185931766575196427e-03 9.883920896866599248e-01
4.743727066300785708e-03 9.535926721610885615e-01
1.630656179040895423e-02 8.414334856400400575e-01
1.334173237397096035e-02 8.699814620729005021e-01
-5.336692949588385006e-03 9.477995014573001864e-01
-8.894488249313974287e-04 9.912939342373472407e-01
-1.927139120684694465e-02 8.130904508085307070e-01
-4.091464594684428302e-02 6.155646465962631986e-01
-5.455286126245904171e-02 5.030191806303059288e-01
-7.352776952766218455e-02 3.663915630135512469e-01
-7.204535481944318587e-02 3.761596509004678790e-01
-7.441721835259358653e-02 3.606066084965107166e-01
-6.700514481149860702e-02 4.105441911274851918e-01
-6.018603715369122420e-02 4.598916382854670859e-01
-8.420115542683895282e-02 3.007583610275597064e-01
-6.967349128629278521e-02 3.921158714755809127e-01
-6.552273010327960834e-02 4.209985332258585622e-01
-4.476892418821366154e-02 5.826655575414094734e-01
-3.765333358876248732e-02 6.440164612225398599e-01
-2.016084003177834316e-02 8.046328177724200170e-01
-2.668346474794192503e-03 9.738859070480740954e-01
1.393469825725855878e-02 8.642571976626228780e-01
2.964829416437991111e-02 7.160061171722618134e-01
4.269354359670708005e-02 6.002797769451055920e-01
5.751769067889703907e-02 4.800606726505796118e-01
6.848755951971760569e-02 4.002441182705143152e-01
7.945742836053816538e-02 3.289065401280076850e-01
8.657301895998935348e-02 2.872985839667833163e-01
8.924136543478354555e-02 2.726446232915749057e-01
9.398509250108433299e-02 2.478622057402376788e-01
1.088092395832742781e-01 1.806236701500917030e-01
1.254122843153270273e-01 1.224314951836715654e-01
1.325278749147782154e-01 1.024590207738609038e-01
1.340102896229972140e-01 9.864063092679130340e-02
1.429047778723111783e-01 7.803646573595542091e-02
1.479449878802557850e-01 6.799687121706082804e-02
1.553570614213507506e-01 5.516670975686254613e-02
1.544676125964193347e-01 5.659205303022572103e-02
1.541711296547755572e-01 5.707385787026122287e-02
1.446836755221739823e-01 7.436474473110443739e-02
1.491309196468309783e-01 6.579434407797711548e-02
1.532816808298441413e-01 5.853957767912682658e-02
1.538746467131317519e-01 5.755903576041646041e-02
1.479449878802557850e-01 6.799687121706082804e-02
1.393469825725855704e-01 8.581787909262807157e-02
1.334173237397096035e-01 1.001542637938631075e-01
1.298595284399840233e-01 1.096245444906154970e-01
1.206685572490262398e-01 1.373368257292598982e-01
1.117740689997122755e-01 1.689625097633102035e-01
1.085127566416304729e-01 1.818215535488938439e-01
1.016936489838230900e-01 2.110035398677407303e-01
9.813585368409750986e-02 2.274960234345000387e-01
9.635695603423471978e-02 2.360749260676175687e-01
9.546750720930331779e-02 2.404482904223856909e-01
9.398509250108433299e-02 2.478622057402376788e-01
9.961826839231652242e-02 2.205168850087819155e-01
1.019901319254669092e-01 2.096688543504385827e-01
1.058444101668363085e-01 1.928660274584493850e-01
1.040655125169735046e-01 2.004952656344090867e-01
9.932178545067270325e-02 2.219004069689727299e-01
9.576399015094712308e-02 2.389842671542324326e-01
9.368860955944052771e-02 2.493637939966689143e-01
9.428157544272812440e-02 2.463668942986090571e-01
9.250267779286532044e-02 2.554330344410288833e-01
9.428157544272812440e-02 2.463668942986090571e-01
9.279916073450913960e-02 2.539062796430360813e-01
9.546750720930331779e-02 2.404482904223856909e-01
9.339212661779672242e-02 2.508716651370811457e-01
9.428157544272812440e-02 2.463668942986090571e-01
9.665343897587852506e-02 2.346295940543654812e-01
9.279916073450913960e-02 2.539062796430360813e-01
9.665343897587852506e-02 2.346295940543654812e-01
8.627653601834554820e-02 2.889586880531052615e-01
8.153280895204477463e-02 3.163900668191798604e-01
7.945742836053816538e-02 3.289065401280076850e-01
7.441721835259358653e-02 3.606066084965107166e-01
7.678908188574397331e-02 3.454594644319870511e-01
7.589963306081257133e-02 3.510919355466789460e-01
7.856797953560677727e-02 3.343666959025654029e-01
7.560315011916877992e-02 3.529821582142212977e-01
7.382425246930598983e-02 3.644569096425660515e-01
6.522624716163581693e-02 4.231078096129455846e-01
6.255790068684162486e-02 4.423650702271484381e-01
6.670866186985480173e-02 4.126227550094826446e-01
6.937700834464900768e-02 3.941385828586921880e-01
7.916094541889436009e-02 3.307201990489159193e-01
8.924136543478354555e-02 2.726446232915749057e-01
1.096986884082056801e-01 1.770648480050676654e-01
1.292665625566964127e-01 1.112689219191441703e-01
1.532816808298441413e-01 5.853957767912682658e-02
1.761108673364166766e-01 2.943913627031042451e-02
1.992365367846330448e-01 1.354854962857872727e-02
2.244375868243559391e-01 5.286361080263723457e-03
2.457843586227095034e-01 2.195916147045810438e-03
2.677240963043506228e-01 8.207636303968243296e-04
2.911462486942107408e-01 2.610490873177282031e-04
3.184226793254402721e-01 6.038798740556774005e-05
3.427342805402317505e-01 1.446306027861930197e-05
3.800911311873504395e-01 1.259471081851763406e-06
4.061816300520048051e-01 1.895131067046546746e-07
4.307897142084401443e-01 2.721782491583431947e-08
4.491716565903557945e-01 5.754466002783384437e-09
4.515435201235060703e-01 4.677099462169969767e-09
4.450208954073425205e-01 8.239635953663485579e-09
4.322721289166591707e-01 2.409367742555883566e-08
4.130007377098122157e-01 1.124108271591489883e-07
3.984730735692660897e-01 3.373233765739728415e-07
3.711966429380365584e-01 2.316215053946899639e-06
3.308749628744798721e-01 2.948414947937790198e-05
2.988548051769495117e-01 1.751203824999007211e-04
2.727643063122952016e-01 6.468773420267712919e-04
2.434124950895591166e-01 2.430266364473296966e-03
2.096134397421659801e-01 9.309677236339622061e-03
1.897490826520314422e-01 1.881367452801079726e-02
1.686987937953217109e-01 3.711101710463566433e-02
1.550605784797069453e-01 5.563849565454222906e-02
1.506133343550499493e-01 6.312341774767342428e-02
1.437942266972425664e-01 7.618274388474718939e-02
