8.420115542683895282e-02 3.007583610275597064e-01
8.598005307670174291e-02 2.906251790737882090e-01
7.945742836053816538e-02 3.289065401280076850e-01
6.374383245341681825e-02 4.337456682186658918e-01
5.988955421204742585e-02 4.621091904392963245e-01
5.544231008739043676e-02 4.960718833131317895e-01
4.832671948793926253e-02 5.530385568064644097e-01
3.794981653040628566e-02 6.414076534179217193e-01
2.816587945616091937e-02 7.296402116268713156e-01
1.897490826520314283e-02 8.159145165192873694e-01
6.819107657807380214e-03 9.333291829600072198e-01
1.185931766575196427e-03 9.883920896866599248e-01
-5.929658832875982569e-03 9.420090616967976560e-01
-1.541711296547755572e-02 8.499779917054914868e-01
-1.660304473205275258e-02 8.385893692449536418e-01
-7.708556482738777860e-03 9.246571451663863073e-01
2.075380591506594073e-03 9.796876201423365682e-01
-5.929658832875982135e-04 9.941958928102592186e-01
-1.185931766575196427e-03 9.883920896866599248e-01
-3.557795299725589715e-03 9.651859965367522998e-01
-4.150761183013188145e-03 9.593882714367604203e-01
-7.412073541094977777e-03 9.275468905428219113e-01
-1.126635178246436671e-02 8.900676414656445434e-01
-1.482414708218995555e-02 8.556841003043771376e-01
-8.598005307670174638e-03 9.159939626331864426e-01
-1.689952767369655093e-02 8.357473386901990153e-01
-2.846236239780471772e-02 7.269064540756902115e-01
-3.468850417232450384e-02 6.703392096267499767e-01
-4.150761183013187972e-02 6.104508724027611910e-01
-4.061816300520047773e-02 6.181285027002140220e-01
-3.053774298931130962e-02 7.078681665885183660e-01
-8.894488249313972986e-03 9.131083778348803026e-01
1.482414708218995555e-02 8.556841003043771376e-01
2.490456709807913060e-02 7.599293179387031083e-01
4.299002653835087145e-02 5.977489081697676676e-01
6.077900303697882090e-02 4.554742759807657304e-01
7.441721835259358653e-02 3.606066084965107166e-01
7.589963306081257133e-02 3.510919355466789460e-01
7.263832070273078256e-02 3.722334733269203610e-01
7.352776952766218455e-02 3.663915630135512469e-01
8.093984306875716406e-02 3.199342018916918606e-01
8.360818954355135613e-02 3.041872633676573900e-01
9.991475133396031383e-02 2.191394989321321374e-01
1.135529666495750795e-01 1.622396193963453470e-01
9.991475133396031383e-02 2.191394989321321374e-01
9.339212661779672242e-02 2.508716651370811457e-01
8.301522366026375943e-02 3.076417681216608302e-01
6.848755951971760569e-02 4.002441182705143152e-01
5.514582714574663841e-02 4.983820029128035456e-01
5.010561713780205262e-02 5.385044362657284145e-01
4.862320242958305394e-02 5.506030392940450824e-01
3.735685064711868897e-02 6.466296182230275580e-01
3.379905534739310186e-02 6.783166922166690149e-01
3.765333358876248732e-02 6.440164612225398599e-01
3.824629947205008401e-02 6.388032218287085229e-01
3.646740182218729392e-02 6.544949118504775898e-01
4.061816300520047773e-02 6.181285027002140220e-01
4.328650947999467674e-02 5.952228501484999601e-01
3.290960652246169987e-02 6.863300293422641696e-01
3.113070887259890979e-02 7.024610924282417290e-01
2.846236239780471772e-02 7.269064540756902115e-01
2.253270356492873341e-02 7.821920330317586600e-01
1.423118119890235886e-02 8.613976889420622562e-01
6.226141774519782651e-03 9.391149602969872667e-01
-2.668346474794192503e-03 9.738859070480740954e-01
-1.096986884082056836e-02 8.929431143060262421e-01
-1.897490826520314283e-02 8.159145165192873694e-01
-2.312566944821633011e-02 7.766089837084957370e-01
-3.053774298931130962e-02 7.078681665885183660e-01
-4.447244124656987013e-02 5.851672042832731790e-01
-4.299002653835087145e-02 5.977489081697676676e-01
-4.565837301314506352e-02 5.751904245813735939e-01
-4.417595830492607872e-02 5.876737803767448920e-01
-3.587443593889969723e-02 6.597596845177695624e-01
-2.193973768164113672e-02 7.877862138133687742e-01
-1.512063002383375564e-02 8.528300929131141794e-01
-8.894488249313972986e-03 9.131083778348803026e-01
8.894488249313974287e-04 9.912939342373472407e-01
1.156283472410816505e-02 8.871935995775296346e-01
1.571359590712135407e-02 8.471278327644229389e-01
1.482414708218995555e-02 8.556841003043771376e-01
1.808545944027174779e-02 8.244007875952082953e-01
3.053774298931130962e-02 7.078681665885183660e-01
3.706036770547489062e-02 6.492470972426016562e-01
3.765333358876248732e-02 6.440164612225398599e-01
4.476892418821366154e-02 5.826655575414094734e-01
5.247748067095245328e-02 5.194253481110322479e-01
4.654782183807646551e-02 5.677604806237507296e-01
2.609049886465432400e-02 7.488701052228343702e-01
2.371863533150392854e-03 9.767866116195857984e-01
-2.223622062328493507e-02 7.849877489446721590e-01
-3.290960652246169987e-02 6.863300293422641696e-01
-3.794981653040628566e-02 6.414076534179217193e-01
-4.032168006355668632e-02 6.206969709910064026e-01
-3.557795299725589194e-02 6.623983605342298464e-01
-2.609049886465432400e-02 7.488701052228343702e-01
-1.126635178246436671e-02 8.900676414656445434e-01
3.557795299725589715e-03 9.651859965367522998e-01
9.783937074245369764e-03 9.044585747676215925e-01
2.638698180629811887e-02 7.461131743107052294e-01
4.714078772136406220e-02 5.628325879478939253e-01
6.404031539506060966e-02 4.316059353132889465e-01
7.886446247725056868e-02 3.325402515855780949e-01
7.708556482738777860e-02 3.435947177508160699e-01
9.932178545067270325e-02 2.219004069689727299e-01
1.108846201747808735e-01 1.724005591890398759e-01
1.263017331402584431e-01 1.197815966419093492e-01
1.236333866654642372e-01 1.278671008578481649e-01
1.117740689997122755e-01 1.689625097633102035e-01
9.398509250108433299e-02 2.478622057402376788e-01
6.522624716163581693e-02 4.231078096129455846e-01
4.654782183807646551e-02 5.677604806237507296e-01
3.320608946410550516e-02 6.836549817031285503e-01
1.778897649862794597e-02 8.272341186337420771e-01
7.708556482738777860e-03 9.246571451663863073e-01
4.447244124656986493e-03 9.564901871408936218e-01
1.778897649862794857e-03 9.825888946481970976e-01
7.708556482738777860e-03 9.246571451663863073e-01
2.875884533944851953e-02 7.241761344400822198e-01
5.129154890437724601e-02 5.289215487719876041e-01
7.886446247725056868e-02 3.325402515855780949e-01
1.091057225249180834e-01 1.794315995123113017e-01
1.417188461057360127e-01 8.056446710318321269e-02
1.384575337476542101e-01 8.785718776847366296e-02
9.843233662574131515e-02 2.260878733589901379e-01
8.212577483533235745e-02 3.128715399845397038e-01
9.279916073450913960e-02 2.539062796430360813e-01
1.203720743073824484e-01 1.383124952490688009e-01
1.873772191188810554e-01 2.037863832647815107e-02
2.443019439144904770e-01 2.339851944121125460e-03
3.166437816755774404e-01 6.673131861625974080e-05
4.038097665188544183e-01 2.266528749288885214e-07
4.714078772136406359e-01 7.733325581425253877e-10
5.443426808580151821e-01 3.521292754428620901e-13
6.172774845023898393e-01 1.939686675481922759e-17
6.798353851892313671e-01 4.359228396866188060e-22
7.269761729105954640e-01 1.976860109942711713e-26
7.578103988415505476e-01 8.496110141902907414e-30
7.821220000563421371e-01 7.898790899137589568e-33
8.005039424382576208e-01 2.158171063476586663e-35
8.102878795125030287e-01 7.206862959928391452e-37
8.206647824700359362e-01 1.567895705319445809e-38
8.260014754196244313e-01 1.985933691951829199e-39
8.277803730694871520e-01 9.818051619016763006e-40
8.283733389527747626e-01 7.749347469944445232e-40
8.277803730694871520e-01 9.818051619016763006e-40
8.271874071861996525e-01 1.242777939134694923e-39
8.257049924779805705e-01 2.231601787653675896e-39
8.218507142366111573e-01 9.965519373618197810e-39
8.194788507034608260e-01 2.458597379031715500e-38
8.123632601040096102e-01 3.416234785675641210e-37
8.093984306875716683e-01 9.896231127761574384e-37
8.079160159793525864e-01 1.672665509907182176e-36
8.040617377379832842e-01 6.410450004970014070e-36
7.975391130218196789e-01 5.825621081268617395e-35
7.954637324303130974e-01 1.156047385406212589e-34
7.933883518388065159e-01 2.276103275423494383e-34
7.945742836053816260e-01 1.546973193970914574e-34
7.942778006637379873e-01 1.704171505118077864e-34
7.963531812552444578e-01 8.626624280962152782e-35
8.013933912631890921e-01 1.596945780554846910e-35
8.052476695045583943e-01 4.253497576690865368e-36
8.093984306875716683e-01 9.896231127761574384e-37
8.179964359952419661e-01 4.294315418110198040e-38
8.233331289448301282e-01 5.628781290317167249e-39
8.307452024859252049e-01 2.980236354545719621e-40
8.340065148440070075e-01 7.815722993827691891e-41
8.366748613188011996e-01 2.558051104020465975e-41
8.369713442604449494e-01 2.256703833297810210e-41
8.399361736768830022e-01 6.354093386988820935e-42
8.396396907352392525e-01 7.221023433075877835e-42
8.372678272020886991e-01 1.990355580098710473e-41
8.351924466105821176e-01 4.769330946357168173e-41
8.337100319023632577e-01 8.837565015838491840e-41
8.322276171941441758e-01 1.627727741271480060e-40
8.304487195442813441e-01 3.361079769513783365e-40
8.260014754196244313e-01 1.985933691951829199e-39
8.197753336451046868e-01 2.197756008871403018e-38
8.111773283374345000e-01 5.239556416079409142e-37
8.019863571464767027e-01 1.305340724873403384e-35
7.907200053640122128e-01 5.377214079283852297e-34
7.803431024064794164e-01 1.356463628282282538e-32
7.613681941412761001e-01 3.223132787376222684e-30
7.412073541094977847e-01 6.332535089635008274e-28
7.130414746533370041e-01 4.685263620678363025e-25
6.777600045977247856e-01 6.486754992736790081e-22
6.448503980752631204e-01 2.354894557663557096e-19
6.175739674440335891e-01 1.854085117807350462e-17
5.882221562212974764e-01 1.296684252422111447e-15
5.484934420410283451e-01 2.145304716220140146e-13
5.081717619774717143e-01 2.008478991969631021e-11
4.503575883569308491e-01 5.188918319702416262e-09
4.032168006355668077e-01 2.369723973395610264e-07
3.563724958558465716e-01 6.146648268862220159e-06
3.142719181424271091e-01 7.616328532912677645e-05
2.778045163202397805e-01 5.075011673345756038e-04
2.543823639303796069e-01 1.508217438064395370e-03
2.573471933468176598e-01 1.321040117227731099e-03
2.680205792459944281e-01 8.094511872830439849e-04
2.730607892539390069e-01 6.377905478482659429e-04
2.662416815961315963e-01 8.795351689633793945e-04
2.626838862964060439e-01 1.036682388758359413e-03
2.392617339065459259e-01 2.895488495037660485e-03
2.137642009251791708e-01 7.973886180281136715e-03
1.826334920525802541e-01 2.384829218885658325e-02
1.595078226043639413e-01 4.890134752980502403e-02
1.372716019810789889e-01 9.063625106108481877e-02
1.251158013736832497e-01 1.233248014461288400e-01
1.257087672569708325e-01 1.215432029779579537e-01
1.239298696071080425e-01 1.269484857253959653e-01
1.171107619493006735e-01 1.493965365637330567e-01
1.162213131243692715e-01 1.525328993618891293e-01
1.171107619493006735e-01 1.493965365637330567e-01
1.165177960660130768e-01 1.514819803124435593e-01
1.177037278325882425e-01 1.473328564207764813e-01
1.162213131243692715e-01 1.525328993618891293e-01
1.126635178246436775e-01 1.655756477218980061e-01
1.206685572490262398e-01 1.373368257292598982e-01
1.316384260898467995e-01 1.048053514544350084e-01
1.429047778723111783e-01 7.803646573595542091e-02
1.606937543709391070e-01 4.722394966320664356e-02
1.864877702939496396e-01 2.099383012836529561e-02
2.093169568005221748e-01 9.412249798615513266e-03
2.348144897818889298e-01 3.481950161987850366e-03
2.638698180629812096e-01 9.816494931955781472e-04
2.878849363361289382e-01 3.080479192336606394e-04
3.116035716676328615e-01 8.825997981443306267e-05
3.385835193572186430e-01 1.861946047682766086e-05
3.625986376303663716e-01 4.103802745224634513e-06
3.824629947205008818e-01 1.067333258004658339e-06
4.029203176939230580e-01 2.422991968583171079e-07
4.201163283092633205e-01 6.437013919990553404e-08
4.358299242163847786e-01 1.793833256604735767e-08
4.518400030651498755e-01 4.556953463912388700e-09
4.613274571977514782e-01 1.955471680679409044e-09
4.675535989722713337e-01 1.106513880712167615e-09
4.734832578051472174e-01 6.364778579313190386e-10
4.755586383966537989e-01 5.231580727833414405e-10
4.722973260385719962e-01 7.115176296159126712e-10
4.734832578051472174e-01 6.364778579313190386e-10
4.720008430969281910e-01 7.315725371945859651e-10
4.648852524974770861e-01 1.414319997249714143e-09
4.589555936646009804e-01 2.421935165260563840e-09
4.467997930572052967e-01 7.068834886083361785e-09
4.358299242163847786e-01 1.793833256604735767e-08
4.221917089007699020e-01 5.457634098309417328e-08
4.130007377098122157e-01 1.124108271591489883e-07
4.020308688689916421e-01 2.589753887675358934e-07
3.860207900202264897e-01 8.306225702042634389e-07
3.637845693969415373e-01 3.796188932983563486e-06
3.510358029062581875e-01 8.632035079154255273e-06
3.373975875906434219e-01 1.999978122141349681e-05
3.098246740177701408e-01 9.729850611075702529e-05
2.792869310284588069e-01 4.721282904447453928e-04
2.484527050975036955e-01 1.956923205570067648e-03
2.164325473999733629e-01 7.207651281010764820e-03
1.873772191188810554e-01 2.037863832647815107e-02
1.672163790871027123e-01 3.883230358571816004e-02
1.500203684717623664e-01 6.418094321298527249e-02
1.354927043312162127e-01 9.493561264478336814e-02
1.257087672569708325e-01 1.215432029779579537e-01
1.200755913657386431e-01 1.392934434435438018e-01
1.132564837079312742e-01 1.633460027612821663e-01
1.114775860580684702e-01 1.701028214865349941e-01
1.028795807503982973e-01 2.057011360082986462e-01
9.398509250108433299e-02 2.478622057402376788e-01
8.064336012711337265e-02 3.217158712527454223e-01
7.145238893615558917e-02 3.801110307813641009e-01
6.404031539506060966e-02 4.316059353132889465e-01
4.951265125451445592e-02 5.433279985817213165e-01
3.261312358081790846e-02 6.890089730484230124e-01
2.016084003177834316e-02 8.046328177724200170e-01
1.393469825725855878e-02 8.642571976626228780e-01
8.894488249313972986e-03 9.131083778348803026e-01
2.668346474794192503e-03 9.738859070480740954e-01
1.008042001588917158e-02 9.015777484609692749e-01
3.557795299725589715e-03 9.651859965367522998e-01
1.274876649068336365e-02 8.757124792136103952e-01
2.846236239780471772e-02 7.269064540756902115e-01
4.239706065506327476e-02 6.028154322422107914e-01
6.018603715369122420e-02 4.598916382854670859e-01
7.530666717752497463e-02 3.548787408868433468e-01
8.953784837642732308e-02 2.710482346465626913e-01
9.813585368409750986e-02 2.274960234345000387e-01
1.105881372331370821e-01 1.735580107587945953e-01
1.182966937158758669e-01 1.452908242710748976e-01
1.322313919731344101e-01 1.032364892775124582e-01
1.598043055460077466e-01 4.847742420566811261e-02
1.820405261692926713e-01 2.431576597323259828e-02
1.820405261692926713e-01 2.431576597323259828e-02
1.832264579358678647e-01 2.338855704894945292e-02
2.069450932673717880e-01 1.026940127652659594e-02
2.268094503575063259e-01 4.812721866605362830e-03
2.392617339065459259e-01 2.895488495037660485e-03
2.561612615802424386e-01 1.393205023642452370e-03
2.526034662805168862e-01 1.631826922026822363e-03
2.431160121479152836e-01 2.461100706416683749e-03
2.354074556651764849e-01 3.398018572373637247e-03
2.202868256413427206e-01 6.216330814055713409e-03
2.060556444424403999e-01 1.060814390952599488e-02
1.936033608934008554e-01 1.649230442308829980e-02
1.787792138112108686e-01 2.702983232341875722e-02
1.541711296547755572e-01 5.707385787026122287e-02
1.348997384479286021e-01 9.640415098633114965e-02
1.165177960660130768e-01 1.514819803124435593e-01
1.108846201747808735e-01 1.724005591890398759e-01
1.082162736999866814e-01 1.830252617176621188e-01
1.061408931084800999e-01 1.916153006288567051e-01
9.517102426765951251e-02 2.419185580794080970e-01
7.945742836053816538e-02 3.289065401280076850e-01
6.908052540300518851e-02 3.961675330162681696e-01
5.959307127040363444e-02 4.643326384597320500e-01
5.988955421204742585e-02 4.621091904392963245e-01
4.269354359670708005e-02 6.002797769451055920e-01
3.943223123862528434e-02 6.284297924686068626e-01
5.040210007944585097e-02 5.361006550949052318e-01
3.053774298931130962e-02 7.078681665885183660e-01
2.164325473999733837e-02 7.905873935986582612e-01
2.697994768958572598e-02 7.406089869392304958e-01
4.239706065506327476e-02 6.028154322422107914e-01
3.498498711396829525e-02 6.676881514184496158e-01
3.231664063917410318e-02 6.916917832445974579e-01
2.697994768958572598e-02 7.406089869392304958e-01
3.587443593889969723e-02 6.597596845177695624e-01
4.447244124656987013e-02 5.851672042832731790e-01
4.091464594684428302e-02 6.155646465962631986e-01
3.320608946410550516e-02 6.836549817031285503e-01
3.024126004766751127e-02 7.105772022253978859e-01
3.142719181424270813e-02 6.997631148740800500e-01
2.401511827314772862e-02 7.682558718230400041e-01
2.697994768958572598e-02 7.406089869392304958e-01
1.630656179040895423e-02 8.414334856400400575e-01
1.096986884082056836e-02 8.929431143060262421e-01
3.557795299725589715e-03 9.651859965367522998e-01
3.854278241369388930e-03 9.622868871938534685e-01
8.598005307670174638e-03 9.159939626331864426e-01
1.393469825725855878e-02 8.642571976626228780e-01
1.867842532355934448e-02 8.187409513033527819e-01
2.994477710602371293e-02 7.132898626942123510e-01
4.210057771341947641e-02 6.053558496593003380e-01
6.018603715369122420e-02 4.598916382854670859e-01
7.945742836053816538e-02 3.289065401280076850e-01
1.025830978087544920e-01 2.070176621451680632e-01
1.375680849227227942e-01 8.993500680968086192e-02
1.675128620287465453e-01 3.848277445482773534e-02
1.953822585432636316e-01 1.550773018701297190e-02
2.300707627155881563e-01 4.223570304353793312e-03
2.629803692380498492e-01 1.022665315439376735e-03
2.766185845536646148e-01 5.375433467537684123e-04
2.834376922114720254e-01 3.848355160640451597e-04
2.887743851610603540e-01 2.945070491207470794e-04
2.819552775032529990e-01 4.141347557401873114e-04
2.757291357287331990e-01 5.611422714411209252e-04
2.795834139701026122e-01 4.653328538960953753e-04
2.843271410364033858e-01 3.681890370428712064e-04
2.825482433865406096e-01 4.021759841660685775e-04
2.866990045695537725e-01 3.270009550000794844e-04
2.789904480868150016e-01 4.790152714430178640e-04
2.786939651451711408e-01 4.859949142321691993e-04
2.703924427791448148e-01 7.239781301504622521e-04
2.626838862964060439e-01 1.036682388758359413e-03
2.531964321638044968e-01 1.589634193156901206e-03
2.428195292062714783e-01 2.492289024260426963e-03
2.229551721161369404e-01 5.603146471153197007e-03
2.075380591506593986e-01 1.004890263100250217e-02
1.867842532355934448e-01 2.078700949852220481e-02
1.473520219969681744e-01 6.912043905713827208e-02
1.147388984161502451e-01 1.578700323126399907e-01
8.805543366820833828e-02 2.790937805667092486e-01
5.988955421204742585e-02 4.621091904392963245e-01
2.994477710602371293e-02 7.132898626942123510e-01
1.393469825725855878e-02 8.642571976626228780e-01
-8.598005307670174638e-03 9.159939626331864426e-01
-4.447244124656986493e-03 9.564901871408936218e-01
-1.245228354903956530e-02 8.785804286038754185e-01
-9.190971190957773068e-03 9.102239267136499334e-01
-9.783937074245369764e-03 9.044585747676215925e-01
-9.783937074245369764e-03 9.044585747676215925e-01
-7.708556482738777860e-03 9.246571451663863073e-01
-8.894488249313972986e-03 9.131083778348803026e-01
-2.045732297342214151e-02 8.018185775483293032e-01
-9.783937074245369764e-03 9.044585747676215925e-01
5.633175891232183354e-03 9.449039213268972670e-01
6.819107657807380214e-03 9.333291829600072198e-01
1.897490826520314283e-02 8.159145165192873694e-01
3.972871418026908269e-02 6.258476416905683903e-01
4.595485595478886881e-02 5.727087255311262837e-01
3.646740182218729392e-02 6.544949118504775898e-01
1.126635178246436671e-02 8.900676414656445434e-01
8.598005307670174638e-03 9.159939626331864426e-01
2.134677179835354002e-02 7.933912541585084188e-01
4.121112888848808137e-02 6.130054280839929426e-01
7.204535481944318587e-02 3.761596509004678790e-01
9.161322896793393233e-02 2.600511546084796621e-01
1.168142790076568543e-01 1.504365308050688299e-01
1.301560113816278008e-01 1.088095184964528450e-01
1.316384260898467995e-01 1.048053514544350084e-01
1.221509719572452385e-01 1.325371267116732255e-01
1.248193184320394444e-01 1.242231377330656611e-01
1.283771137317650524e-01 1.137715494382128822e-01
1.215580060739576418e-01 1.344413376410750205e-01
1.073268248750552795e-01 1.866714534741903408e-01
8.894488249313974026e-02 2.742473685551022888e-01
7.589963306081257133e-02 3.510919355466789460e-01
7.145238893615558917e-02 3.801110307813641009e-01
7.056294011122418719e-02 3.860852451760948822e-01
6.789459363643000900e-02 4.043455626037896211e-01
6.463328127834820636e-02 4.273446895722357031e-01
5.573879302903423510e-02 4.937674321715974646e-01
4.358299242163847509e-02 5.927016269434939311e-01
3.320608946410550516e-02 6.836549817031285503e-01
2.401511827314772862e-02 7.682558718230400041e-01
1.808545944027174779e-02 8.244007875952082953e-01
1.482414708218995555e-02 8.556841003043771376e-01
-1.185931766575196427e-03 9.883920896866599248e-01
-1.037690295753296993e-02 8.986982048648328725e-01
-1.601007884876515242e-02 8.442796520983791853e-01
-1.897490826520314283e-02 8.159145165192873694e-01
-2.549753298136672730e-02 7.543934791309931942e-01
-4.091464594684428302e-02 6.155646465962631986e-01
-4.684430477972026385e-02 5.652939792471884939e-01
-3.379905534739310186e-02 6.783166922166690149e-01
-2.757291357287331920e-02 7.351179139191905687e-01
-2.401511827314772862e-02 7.682558718230400041e-01
-1.630656179040895423e-02 8.414334856400400575e-01
2.668346474794192503e-03 9.738859070480740954e-01
7.412073541094977777e-03 9.275468905428219113e-01
5.336692949588385006e-03 9.477995014573001864e-01
8.894488249313972986e-03 9.131083778348803026e-01
1.334173237397096035e-02 8.699814620729005021e-01
1.274876649068336365e-02 8.757124792136103952e-01
1.423118119890235886e-02 8.613976889420622562e-01
5.633175891232183354e-03 9.449039213268972670e-01
-6.226141774519782651e-03 9.391149602969872667e-01
-3.113070887259890979e-02 7.024610924282417290e-01
-4.891968537122685229e-02 5.481727599670809248e-01
-8.182929189368856604e-02 3.146276022038722586e-01
-1.002112342756041052e-01 2.177682400319038702e-01
-1.135529666495750795e-01 1.622396193963453470e-01
-1.212615231323138504e-01 1.354012621417588214e-01
-1.263017331402584431e-01 1.197815966419093492e-01
-1.268946990235460259e-01 1.180398538126406216e-01
-1.194826254824510464e-01 1.412712360678542722e-01
-1.070303419334115019e-01 1.878985788604782270e-01
-8.924136543478354555e-02 2.726446232915749057e-01
-7.145238893615558917e-02 3.801110307813641009e-01
-4.803023654629545725e-02 5.554792916008994830e-01
-5.069858302108965625e-02 5.337022337307312236e-01
-4.980913419615826121e-02 5.409135574273699065e-01
-5.900010538711602387e-02 4.687971665604988569e-01
-6.641217892821101032e-02 4.147074807397599372e-01
-7.530666717752497463e-02 3.548787408868433468e-01
-7.945742836053816538e-02 3.289065401280076850e-01
-7.945742836053816538e-02 3.289065401280076850e-01
-6.819107657807380041e-02 4.022917372086682875e-01
-6.048252009533502255e-02 4.576799956464069341e-01
-4.476892418821366154e-02 5.826655575414094734e-01
-5.040210007944585097e-02 5.361006550949052318e-01
-4.210057771341947641e-02 6.053558496593003380e-01
-2.490456709807913060e-02 7.599293179387031083e-01
-8.894488249313974287e-04 9.912939342373472407e-01
2.105028885670973821e-02 7.961977612492739942e-01
2.846236239780471772e-02 7.269064540756902115e-01
3.320608946410550516e-02 6.836549817031285503e-01
2.994477710602371293e-02 7.132898626942123510e-01
3.439202123068069855e-02 6.729943383228373932e-01
4.269354359670708005e-02 6.002797769451055920e-01
5.366341243752763973e-02 5.100170378774893098e-01
5.484934420410284006e-02 5.006977743033890205e-01
6.344734951177301296e-02 4.358914596311522782e-01
5.633175891232183874e-02 4.891756009938119654e-01
5.900010538711602387e-02 4.687971665604988569e-01
6.048252009533502255e-02 4.576799956464069341e-01
4.891968537122685229e-02 5.481727599670809248e-01
4.417595830492607872e-02 5.876737803767448920e-01
3.735685064711868897e-02 6.466296182230275580e-01
2.875884533944851953e-02 7.241761344400822198e-01
2.460808415643532879e-02 7.627018295362357758e-01
2.520105003972292548e-02 7.571598568220951897e-01
1.986435709013454134e-02 8.074495665615314399e-01
2.727643063122952086e-02 7.378617950653341140e-01
2.193973768164113672e-02 7.877862138133687742e-01
2.549753298136672730e-02 7.543934791309931942e-01
1.838194238191554614e-02 8.215697200589215932e-01
8.301522366026376290e-03 9.188806437371819236e-01
-7.708556482738777860e-03 9.246571451663863073e-01
-1.956787414849073953e-02 8.102687891826182431e-01
-3.913574829698147906e-02 6.310164521734746845e-01
-4.921616831287065758e-02 5.457477395487861926e-01
-5.988955421204742585e-02 4.621091904392963245e-01
-7.145238893615558917e-02 3.801110307813641009e-01
-7.352776952766218455e-02 3.663915630135512469e-01
-8.064336012711337265e-02 3.217158712527454223e-01
-8.657301895998935348e-02 2.872985839667833163e-01
-9.576399015094712308e-02 2.389842671542324326e-01
-8.627653601834554820e-02 2.889586880531052615e-01
-7.797501365231916670e-02 3.380387516657661351e-01
-6.463328127834820636e-02 4.273446895722357031e-01
-7.234183776108699115e-02 3.741934088273713988e-01
-8.479412131012654952e-02 2.973550534664020639e-01
-8.864839955149593498e-02 2.758564741645784801e-01
-8.271874071861996802e-02 3.093786230691373818e-01
-6.581921304492339975e-02 4.188953796157086629e-01
-3.676388476383109227e-02 6.518688709480365828e-01
-8.301522366026376290e-03 9.188806437371819236e-01
1.334173237397096035e-02 8.699814620729005021e-01
3.350257240574930351e-02 6.809838595647544901e-01
3.202015769753030483e-02 6.943784302114590634e-01
2.164325473999733837e-02 7.905873935986582612e-01
1.482414708218995555e-02 8.556841003043771376e-01
-6.226141774519782651e-03 9.391149602969872667e-01
-1.956787414849073953e-02 8.102687891826182431e-01
-3.202015769753030483e-02 6.943784302114590634e-01
-3.498498711396829525e-02 6.676881514184496158e-01
-3.587443593889969723e-02 6.597596845177695624e-01
-4.417595830492607872e-02 5.876737803767448920e-01
-4.773375360465165890e-02 5.579252225941291332e-01
-5.484934420410284006e-02 5.006977743033890205e-01
-5.959307127040363444e-02 4.643326384597320500e-01
-5.633175891232183874e-02 4.891756009938119654e-01
-6.581921304492339975e-02 4.188953796157086629e-01
-5.751769067889703907e-02 4.800606726505796118e-01
-4.773375360465165890e-02 5.579252225941291332e-01
-3.113070887259890979e-02 7.024610924282417290e-01
-3.142719181424270813e-02 6.997631148740800500e-01
-4.091464594684428302e-02 6.155646465962631986e-01
-4.625133889643266022e-02 5.702320701024229388e-01
-5.929658832875982222e-02 4.665619685091459967e-01
-7.323128658601839314e-02 3.683325449275859365e-01
-9.161322896793393233e-02 2.600511546084796621e-01
-1.019901319254669092e-01 2.096688543504385827e-01
-1.055479272251924755e-01 1.941226826678389139e-01
-1.067338589917676828e-01 1.891315875895746845e-01
-1.073268248750552795e-01 1.866714534741903408e-01
-9.843233662574131515e-02 2.260878733589901379e-01
-9.457805838437192969e-02 2.448778534628600623e-01
-1.159248301827254524e-01 1.535893021574786799e-01
-1.334173237397096035e-01 1.001542637938631075e-01
-1.307489772649154114e-01 1.071937090298860223e-01
-1.218544890156014471e-01 1.334866309508769555e-01
-1.114775860580684702e-01 1.701028214865349941e-01
-9.250267779286532044e-02 2.554330344410288833e-01
-8.716598484327695018e-02 2.839975271296167336e-01
-8.479412131012654952e-02 2.973550534664020639e-01
-8.034687718546955348e-02 3.235039408163397079e-01
-6.641217892821101032e-02 4.147074807397599372e-01
-4.980913419615826121e-02 5.409135574273699065e-01
-3.617091888054349558e-02 6.571251923062654265e-01
-3.320608946410550516e-02 6.836549817031285503e-01
-2.609049886465432400e-02 7.488701052228343702e-01
-4.150761183013187972e-02 6.104508724027611910e-01
-5.188451478766484964e-02 5.241625362563739898e-01
-5.188451478766484964e-02 5.241625362563739898e-01
-4.565837301314506352e-02 5.751904245813735939e-01
-3.972871418026908269e-02 6.258476416905683903e-01
-3.794981653040628566e-02 6.414076534179217193e-01
-3.824629947205008401e-02 6.388032218287085229e-01
-3.231664063917410318e-02 6.916917832445974579e-01
-3.290960652246169987e-02 6.863300293422641696e-01
-3.261312358081790846e-02 6.890089730484230124e-01
-2.727643063122952086e-02 7.378617950653341140e-01
-2.638698180629811887e-02 7.461131743107052294e-01
-2.520105003972292548e-02 7.571598568220951897e-01
-3.142719181424270813e-02 6.997631148740800500e-01
-3.261312358081790846e-02 6.890089730484230124e-01
-3.617091888054349558e-02 6.571251923062654265e-01
-3.439202123068069855e-02 6.729943383228373932e-01
-2.520105003972292548e-02 7.571598568220951897e-01
-2.490456709807913060e-02 7.599293179387031083e-01
-3.379905534739310186e-02 6.783166922166690149e-01
-3.202015769753030483e-02 6.943784302114590634e-01
-3.854278241369388930e-02 6.362031933163905251e-01
-4.980913419615826121e-02 5.409135574273699065e-01
-4.506540712985746683e-02 5.801688633536490336e-01
-3.913574829698147906e-02 6.310164521734746845e-01
-2.549753298136672730e-02 7.543934791309931942e-01
0.000000000000000000e+00 1.000000000000000000e+00
2.490456709807913060e-02 7.599293179387031083e-01
4.358299242163847509e-02 5.927016269434939311e-01
3.557795299725589194e-02 6.623983605342298464e-01
3.379905534739310186e-02 6.783166922166690149e-01
1.689952767369655093e-02 8.357473386901990153e-01
0.000000000000000000e+00 1.000000000000000000e+00
-1.512063002383375564e-02 8.528300929131141794e-01
-3.765333358876248732e-02 6.440164612225398599e-01
-5.751769067889703907e-02 4.800606726505796118e-01
-7.471370129423737794e-02 3.586909702515078679e-01
-9.102026308464633564e-02 2.631614996393735195e-01
-1.099951713498494715e-01 1.758901426415079849e-01
-1.239298696071080425e-01 1.269484857253959653e-01
-1.378645678643665995e-01 8.923809293696270684e-02
-1.354927043312162127e-01 9.493561264478336814e-02
-1.200755913657386431e-01 1.392934434435438018e-01
-8.538708719341416009e-02 2.939773304316840030e-01
-5.751769067889703907e-02 4.800606726505796118e-01
-2.282918650657253176e-02 7.793991000097524324e-01
4.150761183013188145e-03 9.593882714367604203e-01
3.617091888054349558e-02 6.571251923062654265e-01
5.158803184602105130e-02 5.265393238943145704e-01
7.708556482738777860e-02 3.435947177508160699e-01
1.034725466336858940e-01 2.030861741795710329e-01
1.165177960660130768e-01 1.514819803124435593e-01
1.227439378405328491e-01 1.306536638712747778e-01
1.188896595991634497e-01 1.432703234095544509e-01
9.872881956738512044e-02 2.246858927483212642e-01
8.271874071861996802e-02 3.093786230691373818e-01
7.174887187779939446e-02 3.781321935963011249e-01
5.277396361259623775e-02 5.170649848479640376e-01
3.320608946410550516e-02 6.836549817031285503e-01
8.301522366026376290e-03 9.188806437371819236e-01
-1.067338589917677001e-02 8.958199811174174521e-01
-2.193973768164113672e-02 7.877862138133687742e-01
-4.180409477177567806e-02 6.079010046257529165e-01
-4.951265125451445592e-02 5.433279985817213165e-01
-6.789459363643000900e-02 4.043455626037896211e-01
-7.827149659396295811e-02 3.361995299905439216e-01
-8.598005307670174291e-02 2.906251790737882090e-01
-7.945742836053816538e-02 3.289065401280076850e-01
-8.390467248519514754e-02 3.024696123114706259e-01
-7.708556482738777860e-02 3.435947177508160699e-01
-8.331170660190755084e-02 3.059113150685330851e-01
-8.835191660985215745e-02 2.774719436947004070e-01
-9.013081425971493366e-02 2.678745115430254953e-01
-8.005039424382576208e-02 3.252984096087256916e-01
-6.730162775314239842e-02 4.084717983909711414e-01
-5.336692949588384138e-02 5.123608116645708144e-01
-3.350257240574930351e-02 6.809838595647544901e-01
-2.164325473999733837e-02 7.905873935986582612e-01
-6.522624716163580999e-03 9.362216548281087070e-01
1.215580060739576349e-02 8.814499563060378406e-01
2.223622062328493507e-02 7.849877489446721590e-01
4.091464594684428302e-02 6.155646465962631986e-01
5.484934420410284006e-02 5.006977743033890205e-01
7.204535481944318587e-02 3.761596509004678790e-01
9.013081425971493366e-02 2.678745115430254953e-01
1.129600007662874689e-01 1.644580077525825412e-01
1.248193184320394444e-01 1.242231377330656611e-01
1.316384260898467995e-01 1.048053514544350084e-01
1.254122843153270273e-01 1.224314951836715654e-01
1.005077172172479105e-01 2.164030994779916339e-01
5.218099772930864799e-02 5.217912047571033884e-01
4.091464594684428302e-02 6.155646465962631986e-01
3.379905534739310186e-02 6.783166922166690149e-01
2.431160121479152697e-02 7.654773585553373838e-01
6.819107657807380214e-03 9.333291829600072198e-01
-7.412073541094977777e-03 9.275468905428219113e-01
-1.541711296547755572e-02 8.499779917054914868e-01
-8.894488249313972986e-03 9.131083778348803026e-01
2.964829416437991284e-03 9.709855443841508560e-01
2.312566944821633011e-02 7.766089837084957370e-01
2.757291357287331920e-02 7.351179139191905687e-01
3.231664063917410318e-02 6.916917832445974579e-01
1.838194238191554614e-02 8.215697200589215932e-01
2.075380591506594073e-03 9.796876201423365682e-01
-2.964829416437991284e-03 9.709855443841508560e-01
-7.115590599451179429e-03 9.304375823302792892e-01
-1.512063002383375564e-02 8.528300929131141794e-01
-2.431160121479152697e-02 7.654773585553373838e-01
-2.609049886465432400e-02 7.488701052228343702e-01
-3.261312358081790846e-02 6.890089730484230124e-01
-4.180409477177567806e-02 6.079010046257529165e-01
-3.913574829698147906e-02 6.310164521734746845e-01
-3.142719181424270813e-02 6.997631148740800500e-01
-2.045732297342214151e-02 8.018185775483293032e-01
2.964829416437991067e-04 9.970979274004432291e-01
1.867842532355934448e-02 8.187409513033527819e-01
3.617091888054349558e-02 6.571251923062654265e-01
5.544231008739043676e-02 4.960718833131317895e-01
8.775895072656454687e-02 2.807219880476723439e-01
9.013081425971493366e-02 2.678745115430254953e-01
1.212615231323138504e-01 1.354012621417588214e-01
1.515027831799813374e-01 6.156390236776771580e-02
1.853018385273744462e-01 2.183896215813379768e-02
2.081310250339470092e-01 9.832588875842743562e-03
2.208797915246303867e-01 6.075121999480940886e-03
2.161360644583295854e-01 7.289429460958960286e-03
1.876737020605248607e-01 2.017706377689836711e-02
1.559500273046383334e-01 5.423304032481837678e-02
1.251158013736832497e-01 1.233248014461288400e-01
1.034725466336858940e-01 2.030861741795710329e-01
8.153280895204477463e-02 3.163900668191798604e-01
7.352776952766218455e-02 3.663915630135512469e-01
6.166845186191022288e-02 4.488927865674418038e-01
5.722120773725323378e-02 4.823307735484855252e-01
4.328650947999467674e-02 5.952228501484999601e-01
2.431160121479152697e-02 7.654773585553373838e-01
2.164325473999733837e-02 7.905873935986582612e-01
1.067338589917677001e-02 8.958199811174174521e-01
3.557795299725589715e-03 9.651859965367522998e-01
-1.067338589917677001e-02 8.958199811174174521e-01
-2.134677179835354002e-02 7.933912541585084188e-01
-2.875884533944851953e-02 7.241761344400822198e-01
-4.536189007150127211e-02 5.776771447487902833e-01
-4.565837301314506352e-02 5.751904245813735939e-01
-5.662824185396563709e-02 4.868882533534031332e-01
-4.269354359670708005e-02 6.002797769451055920e-01
-4.180409477177567806e-02 6.079010046257529165e-01
-5.395989537917145196e-02 5.076788297393297622e-01
-5.662824185396563709e-02 4.868882533534031332e-01
-6.107548597862261924e-02 4.532744925576422945e-01
-5.662824185396563709e-02 4.868882533534031332e-01
-7.293480364437458785e-02 3.702798501657540431e-01
-7.501018423588118322e-02 3.567816796104619215e-01
-7.678908188574397331e-02 3.454594644319870511e-01
-7.323128658601839314e-02 3.683325449275859365e-01
-7.056294011122418719e-02 3.860852451760948822e-01
-6.433679833670441495e-02 4.294722720994228471e-01
-4.506540712985746683e-02 5.801688633536490336e-01
-3.202015769753030483e-02 6.943784302114590634e-01
-2.016084003177834316e-02 8.046328177724200170e-01
-7.412073541094977777e-03 9.275468905428219113e-01
-8.894488249313974287e-04 9.912939342373472407e-01
1.037690295753296993e-02 8.986982048648328725e-01
2.579401592301052565e-02 7.516302176940485857e-01
4.150761183013187972e-02 6.104508724027611910e-01
5.484934420410284006e-02 5.006977743033890205e-01
6.166845186191022288e-02 4.488927865674418038e-01
6.137196892026642453e-02 4.510806584565586475e-01
7.145238893615558917e-02 3.801110307813641009e-01
6.522624716163581693e-02 4.231078096129455846e-01
6.374383245341681825e-02 4.337456682186658918e-01
7.204535481944318587e-02 3.761596509004678790e-01
5.455286126245904171e-02 5.030191806303059288e-01
2.460808415643532879e-02 7.627018295362357758e-01
-1.185931766575196427e-03 9.883920896866599248e-01
6.226141774519782651e-03 9.391149602969872667e-01
1.126635178246436671e-02 8.900676414656445434e-01
4.743727066300785708e-03 9.535926721610885615e-01
3.557795299725589715e-03 9.651859965367522998e-01
-6.819107657807380214e-03 9.333291829600072198e-01
5.929658832875982135e-04 9.941958928102592186e-01
-4.743727066300785708e-03 9.535926721610885615e-01
-5.336692949588385006e-03 9.477995014573001864e-01
1.334173237397096035e-02 8.699814620729005021e-01
2.875884533944851953e-02 7.241761344400822198e-01
3.053774298931130962e-02 7.078681665885183660e-01
5.929658832875982569e-03 9.420090616967976560e-01
-7.412073541094977777e-03 9.275468905428219113e-01
-2.905532828109231788e-02 7.214492841993171979e-01
-4.210057771341947641e-02 6.053558496593003380e-01
-6.018603715369122420e-02 4.598916382854670859e-01
-6.611569598656720503e-02 4.167983588330201883e-01
-7.382425246930598983e-02 3.644569096425660515e-01
-9.902530250902891185e-02 2.232900733959704287e-01
-1.082162736999866814e-01 1.830252617176621188e-01
-1.105881372331370821e-01 1.735580107587945953e-01
-1.025830978087544920e-01 2.070176621451680632e-01
-8.835191660985215745e-02 2.774719436947004070e-01
-7.708556482738777860e-02 3.435947177508160699e-01
-4.595485595478886881e-02 5.727087255311262837e-01
-2.016084003177834316e-02 8.046328177724200170e-01
-8.894488249313974287e-04 9.912939342373472407e-01
9.190971190957773068e-03 9.102239267136499334e-01
7.412073541094977777e-03 9.275468905428219113e-01
-4.743727066300785708e-03 9.535926721610885615e-01
-1.245228354903956530e-02 8.785804286038754185e-01
-1.719601061534034928e-02 8.329074296730538673e-01
-1.363821531561476043e-02 8.671184675178263968e-01
-9.190971190957773068e-03 9.102239267136499334e-01
6.522624716163580999e-03 9.362216548281087070e-01
4.832671948793926253e-02 5.530385568064644097e-01
5.544231008739043676e-02 4.960718833131317895e-01
4.210057771341947641e-02 6.053558496593003380e-01
5.277396361259623775e-02 5.170649848479640376e-01
5.573879302903423510e-02 4.937674321715974646e-01
5.781417362054082354e-02 4.777963516192144100e-01
6.226141774519781957e-02 4.445349800368063597e-01
4.891968537122685229e-02 5.481727599670809248e-01
3.142719181424270813e-02 6.997631148740800500e-01
2.045732297342214151e-02 8.018185775483293032e-01
2.105028885670973821e-02 7.961977612492739942e-01
2.460808415643532879e-02 7.627018295362357758e-01
2.371863533150393027e-02 7.710373360539325427e-01
1.986435709013454134e-02 8.074495665615314399e-01
2.312566944821633011e-02 7.766089837084957370e-01
2.253270356492873341e-02 7.821920330317586600e-01
1.838194238191554614e-02 8.215697200589215932e-01
2.371863533150393027e-02 7.710373360539325427e-01
1.867842532355934448e-02 8.187409513033527819e-01
1.630656179040895423e-02 8.414334856400400575e-01
1.719601061534034928e-02 8.329074296730538673e-01
1.867842532355934448e-02 8.187409513033527819e-01
1.689952767369655093e-02 8.357473386901990153e-01
1.749249355698414762e-02 8.300696778096683381e-01
2.045732297342214151e-02 8.018185775483293032e-01
1.630656179040895423e-02 8.414334856400400575e-01
1.512063002383375564e-02 8.528300929131141794e-01
1.363821531561476043e-02 8.671184675178263968e-01
1.512063002383375564e-02 8.528300929131141794e-01
1.571359590712135407e-02 8.471278327644229389e-01
1.363821531561476043e-02 8.671184675178263968e-01
1.660304473205275258e-02 8.385893692449536418e-01
1.867842532355934448e-02 8.187409513033527819e-01
2.134677179835354002e-02 7.933912541585084188e-01
2.342215238986013193e-02 7.738217178513379091e-01
2.520105003972292548e-02 7.571598568220951897e-01
3.024126004766751127e-02 7.105772022253978859e-01
3.113070887259890979e-02 7.024610924282417290e-01
2.994477710602371293e-02 7.132898626942123510e-01
3.320608946410550516e-02 6.836549817031285503e-01
2.490456709807913060e-02 7.599293179387031083e-01
3.053774298931130962e-02 7.078681665885183660e-01
3.261312358081790846e-02 6.890089730484230124e-01
3.943223123862528434e-02 6.284297924686068626e-01
4.358299242163847509e-02 5.927016269434939311e-01
4.239706065506327476e-02 6.028154322422107914e-01
4.269354359670708005e-02 6.002797769451055920e-01
3.617091888054349558e-02 6.571251923062654265e-01
3.468850417232450384e-02 6.703392096267499767e-01
3.883926535533768765e-02 6.336075945836285861e-01
3.854278241369388930e-02 6.362031933163905251e-01
4.121112888848808137e-02 6.130054280839929426e-01
4.595485595478886881e-02 5.727087255311262837e-01
5.277396361259623775e-02 5.170649848479640376e-01
5.840713950382842717e-02 4.732851096142309810e-01
6.166845186191022288e-02 4.488927865674418038e-01
6.137196892026642453e-02 4.510806584565586475e-01
6.848755951971760569e-02 4.002441182705143152e-01
7.323128658601839314e-02 3.683325449275859365e-01
7.886446247725056868e-02 3.325402515855780949e-01
7.827149659396295811e-02 3.361995299905439216e-01
8.686950190163314489e-02 2.856448644875086429e-01
9.902530250902891185e-02 2.232900733959704287e-01
1.028795807503982973e-01 2.057011360082986462e-01
1.185931766575196444e-01 1.442778897652365333e-01
1.260052501986146101e-01 1.206599088162962907e-01
1.381610508060103770e-01 8.854549230586079844e-02
1.512063002383375598e-01 6.208019373546608266e-02
1.669198961454589070e-01 3.918449905562213648e-02
1.811510773443612554e-01 2.503171156256107574e-02
1.909350144186066356e-01 1.807099341200752232e-02
2.019048832594272092e-01 1.232236446879479697e-02
2.042767467925776237e-01 1.131526334653156808e-02
2.235481379994245510e-01 5.474452268940337325e-03
2.330355921320261536e-01 3.745068767606279155e-03
2.454878756810656981e-01 2.224043655188309189e-03
2.567542274635301047e-01 1.356684450246814803e-03
2.721713404290075911e-01 6.654095375583158386e-04
2.763221016120207540e-01 5.453059702706463232e-04
2.736537551372266175e-01 6.199686034003031769e-04
2.724678233706513963e-01 6.560832029249127808e-04
2.697994768958572043e-01 7.445309554156918485e-04
2.626838862964060439e-01 1.036682388758359413e-03
2.579401592301052148e-01 1.286253228489693968e-03
2.528999492221606360e-01 1.610604661723253521e-03
2.330355921320261536e-01 3.745068767606279155e-03
2.333320750736699312e-01 3.700009640476946849e-03
2.276988991824377417e-01 4.645150598166109326e-03
2.306637285988757391e-01 4.123694553098176431e-03
2.437089780312028942e-01 2.399782458697230416e-03
2.472667733309284743e-01 2.060060904224145489e-03
