-5.988955421204742585e-02 4.621091904392963245e-01
-7.412073541094978124e-02 3.625285898516916738e-01
-8.153280895204477463e-02 3.163900668191798604e-01
-8.598005307670174291e-02 2.906251790737882090e-01
-9.013081425971493366e-02 2.678745115430254953e-01
-8.568357013505793762e-02 2.922980591971183206e-01
-6.107548597862261924e-02 4.532744925576422945e-01
-5.988955421204742585e-02 4.621091904392963245e-01
-6.641217892821101032e-02 4.147074807397599372e-01
-9.665343897587852506e-02 2.346295940543654812e-01
-9.428157544272812440e-02 2.463668942986090571e-01
-8.746246778492075546e-02 2.823565692497751467e-01
-8.242225777697616274e-02 3.111218802869832323e-01
-6.967349128629278521e-02 3.921158714755809127e-01
-6.137196892026642453e-02 4.510806584565586475e-01
-5.751769067889703907e-02 4.800606726505796118e-01
-4.565837301314506352e-02 5.751904245813735939e-01
-4.269354359670708005e-02 6.002797769451055920e-01
-3.113070887259890979e-02 7.024610924282417290e-01
-3.142719181424270813e-02 6.997631148740800500e-01
-3.024126004766751127e-02 7.105772022253978859e-01
-1.956787414849073953e-02 8.102687891826182431e-01
-2.668346474794192503e-03 9.738859070480740954e-01
1.334173237397096035e-02 8.699814620729005021e-01
3.290960652246169987e-02 6.863300293422641696e-01
4.862320242958305394e-02 5.506030392940450824e-01
5.811065656218463576e-02 4.755378256161361117e-01
6.433679833670441495e-02 4.294722720994228471e-01
7.323128658601839314e-02 3.683325449275859365e-01
8.598005307670174291e-02 2.906251790737882090e-01
1.064373760501238775e-01 1.903704910752466173e-01
1.295630454983402458e-01 1.104443401142776171e-01
1.541711296547755572e-01 5.707385787026122287e-02
1.660304473205275189e-01 4.025723654299024484e-02
1.879701850021686660e-01 1.997721400156167101e-02
2.007189514928520158e-01 1.285477609808136946e-02
1.927139120684694396e-01 1.700466239338050203e-02
1.749249355698415109e-01 3.056727931696735789e-02
1.577289249545011374e-01 5.151005780619308944e-02
1.343067725646410193e-01 9.789062531314113302e-02
1.156283472410816471e-01 1.546512028304069530e-01
1.052514442835486980e-01 1.953852772556970430e-01
8.864839955149593498e-02 2.758564741645784801e-01
7.827149659396295811e-02 3.361995299905439216e-01
6.937700834464900768e-02 3.941385828586921880e-01
6.404031539506060966e-02 4.316059353132889465e-01
5.662824185396563709e-02 4.868882533534031332e-01
5.277396361259623775e-02 5.170649848479640376e-01
5.277396361259623775e-02 5.170649848479640376e-01
4.951265125451445592e-02 5.433279985817213165e-01
4.210057771341947641e-02 6.053558496593003380e-01
4.002519712191288104e-02 6.232700258990213626e-01
3.913574829698147906e-02 6.310164521734746845e-01
3.439202123068069855e-02 6.729943383228373932e-01
2.668346474794192069e-02 7.433594574316628734e-01
2.431160121479152697e-02 7.654773585553373838e-01
1.660304473205275258e-02 8.385893692449536418e-01
9.783937074245369764e-03 9.044585747676215925e-01
1.126635178246436671e-02 8.900676414656445434e-01
3.557795299725589715e-03 9.651859965367522998e-01
-6.522624716163580999e-03 9.362216548281087070e-01
-2.282918650657253176e-02 7.793991000097524324e-01
-3.379905534739310186e-02 6.783166922166690149e-01
-4.387947536328227344e-02 5.901852624462056163e-01
-5.603527597067804039e-02 4.914686659678587644e-01
-6.018603715369122420e-02 4.598916382854670859e-01
-6.196493480355402123e-02 4.467108895906160004e-01
-7.263832070273078256e-02 3.722334733269203610e-01
-8.420115542683895282e-02 3.007583610275597064e-01
-9.665343897587852506e-02 2.346295940543654812e-01
-1.061408931084800999e-01 1.916153006288567051e-01
-1.108846201747808735e-01 1.724005591890398759e-01
-1.126635178246436775e-01 1.655756477218980061e-01
-1.016936489838230900e-01 2.110035398677407303e-01
-7.945742836053816538e-02 3.289065401280076850e-01
-7.471370129423737794e-02 3.586909702515078679e-01
-7.204535481944318587e-02 3.761596509004678790e-01
-7.471370129423737794e-02 3.586909702515078679e-01
-7.085942305286800635e-02 3.840875631652067579e-01
-7.471370129423737794e-02 3.586909702515078679e-01
-8.716598484327695018e-02 2.839975271296167336e-01
-8.627653601834554820e-02 2.889586880531052615e-01
-9.754288780080992705e-02 2.303308641687883684e-01
-9.102026308464633564e-02 2.631614996393735195e-01
-7.619611600245639049e-02 3.492080766592342567e-01
-5.722120773725323378e-02 4.823307735484855252e-01
-4.210057771341947641e-02 6.053558496593003380e-01
-2.964829416437991111e-02 7.160061171722618134e-01
-1.719601061534034928e-02 8.329074296730538673e-01
-1.215580060739576349e-02 8.814499563060378406e-01
-7.708556482738777860e-03 9.246571451663863073e-01
-5.929658832875982135e-04 9.941958928102592186e-01
-1.156283472410816505e-02 8.871935995775296346e-01
-1.363821531561476043e-02 8.671184675178263968e-01
-1.452766414054615894e-02 8.585399777232740615e-01
-1.689952767369655093e-02 8.357473386901990153e-01
-2.579401592301052565e-02 7.516302176940485857e-01
-2.875884533944851953e-02 7.241761344400822198e-01
-3.676388476383109227e-02 6.518688709480365828e-01
-3.943223123862528434e-02 6.284297924686068626e-01
-3.557795299725589194e-02 6.623983605342298464e-01
-3.113070887259890979e-02 7.024610924282417290e-01
-2.075380591506593986e-02 7.990068805269330277e-01
-1.037690295753296993e-02 8.986982048648328725e-01
5.633175891232183354e-03 9.449039213268972670e-01
2.964829416437991284e-03 9.709855443841508560e-01
-9.487454132601571416e-03 9.073406465970995649e-01
-1.778897649862794597e-02 8.272341186337420771e-01
-3.528147005561209359e-02 6.650411922526084929e-01
-5.544231008739043676e-02 4.960718833131317895e-01
-7.649259894410016802e-02 3.473305851482736406e-01
-8.538708719341416009e-02 2.939773304316840030e-01
-8.716598484327695018e-02 2.839975271296167336e-01
-9.487454132601572110e-02 2.433950768851260715e-01
-8.894488249313974026e-02 2.742473685551022888e-01
-9.072378014300254423e-02 2.647261663980006730e-01
-8.449763836848275811e-02 2.990535084792834697e-01
-6.789459363643000900e-02 4.043455626037896211e-01
-6.404031539506060966e-02 4.316059353132889465e-01
-4.980913419615826121e-02 5.409135574273699065e-01
-2.520105003972292548e-02 7.571598568220951897e-01
-1.274876649068336365e-02 8.757124792136103952e-01
-1.126635178246436671e-02 8.900676414656445434e-01
-8.894488249313974287e-04 9.912939342373472407e-01
7.412073541094977777e-03 9.275468905428219113e-01
2.016084003177834316e-02 8.046328177724200170e-01
2.697994768958572598e-02 7.406089869392304958e-01
4.269354359670708005e-02 6.002797769451055920e-01
4.862320242958305394e-02 5.506030392940450824e-01
6.077900303697882090e-02 4.554742759807657304e-01
6.967349128629278521e-02 3.921158714755809127e-01
7.797501365231916670e-02 3.380387516657661351e-01
9.991475133396031383e-02 2.191394989321321374e-01
1.360856702145037955e-01 9.348487417408203604e-02
1.639550667290209096e-01 4.285648497519074090e-02
1.870807361772372501e-01 2.058194957460514340e-02
2.143571668084667814e-01 7.797633282756045135e-03
2.401511827314772862e-01 2.789511697719098803e-03
2.419300803813400902e-01 2.588013677033301069e-03
2.386687680232582598e-01 2.968146981071563897e-03
2.404476656731211193e-01 2.754973349792974938e-03
2.327391091903823206e-01 3.790621074895889064e-03
2.312566944821632942e-01 4.025945627750757150e-03
2.300707627155881563e-01 4.223570304353793312e-03
2.235481379994245510e-01 5.474452268940337325e-03
2.291813138906567682e-01 4.377459388248882907e-03
2.288848309490129351e-01 4.429862876378911837e-03
2.285883480073691298e-01 4.482828513304689885e-03
2.312566944821632942e-01 4.025945627750757150e-03
2.309602115405195166e-01 4.074556713584001795e-03
2.342215238986013470e-01 3.567745006637478532e-03
2.368898703733955113e-01 3.196110516084556871e-03
2.330355921320261536e-01 3.745068767606279155e-03
2.327391091903823206e-01 3.790621074895889064e-03
2.285883480073691298e-01 4.482828513304689885e-03
2.173219962249047787e-01 6.967186331209321466e-03
2.113923373920287840e-01 8.714724638888147329e-03
2.113923373920287840e-01 8.714724638888147329e-03
2.016084003177834039e-01 1.245362161149022977e-02
1.897490826520314422e-01 1.881367452801079726e-02
1.722565890950473189e-01 3.324062318246848169e-02
1.624726520208019109e-01 4.479788082333127641e-02
1.547640955380631400e-01 5.611360452277151800e-02
1.354927043312162127e-01 9.493561264478336814e-02
1.197791084240948517e-01 1.402796853807732336e-01
1.028795807503982973e-01 2.057011360082986462e-01
8.746246778492075546e-02 2.823565692497751467e-01
7.234183776108699115e-02 3.741934088273713988e-01
6.433679833670441495e-02 4.294722720994228471e-01
5.307044655424004997e-02 5.147101333126655742e-01
4.387947536328227344e-02 5.901852624462056163e-01
3.794981653040628566e-02 6.414076534179217193e-01
3.053774298931130962e-02 7.078681665885183660e-01
2.697994768958572598e-02 7.406089869392304958e-01
2.045732297342214151e-02 8.018185775483293032e-01
2.075380591506593986e-02 7.990068805269330277e-01
2.579401592301052565e-02 7.516302176940485857e-01
2.994477710602371293e-02 7.132898626942123510e-01
3.913574829698147906e-02 6.310164521734746845e-01
4.773375360465165890e-02 5.579252225941291332e-01
5.573879302903423510e-02 4.937674321715974646e-01
6.344734951177301296e-02 4.358914596311522782e-01
7.115590599451178389e-02 3.820961561382232308e-01
7.352776952766218455e-02 3.663915630135512469e-01
8.153280895204477463e-02 3.163900668191798604e-01
7.886446247725056868e-02 3.325402515855780949e-01
8.093984306875716406e-02 3.199342018916918606e-01
8.301522366026375943e-02 3.076417681216608302e-01
7.945742836053816538e-02 3.289065401280076850e-01
8.123632601040095547e-02 3.181589335362122739e-01
7.856797953560677727e-02 3.343666959025654029e-01
7.767853071067537529e-02 3.398843585695746627e-01
7.589963306081257133e-02 3.510919355466789460e-01
6.848755951971760569e-02 4.002441182705143152e-01
6.226141774519781957e-02 4.445349800368063597e-01
5.425637832081523643e-02 5.053462048518314598e-01
4.180409477177567806e-02 6.079010046257529165e-01
3.261312358081790846e-02 6.890089730484230124e-01
2.253270356492873341e-02 7.821920330317586600e-01
1.304524943232716200e-02 8.728461448268055589e-01
1.274876649068336365e-02 8.757124792136103952e-01
1.452766414054615894e-02 8.585399777232740615e-01
1.215580060739576349e-02 8.814499563060378406e-01
8.301522366026376290e-03 9.188806437371819236e-01
2.371863533150392854e-03 9.767866116195857984e-01
2.075380591506594073e-03 9.796876201423365682e-01
-5.633175891232183354e-03 9.449039213268972670e-01
-6.226141774519782651e-03 9.391149602969872667e-01
-1.185931766575196427e-03 9.883920896866599248e-01
3.557795299725589715e-03 9.651859965367522998e-01
1.867842532355934448e-02 8.187409513033527819e-01
3.587443593889969723e-02 6.597596845177695624e-01
5.247748067095245328e-02 5.194253481110322479e-01
5.662824185396563709e-02 4.868882533534031332e-01
6.315086657012922156e-02 4.380432981770336909e-01
6.137196892026642453e-02 4.510806584565586475e-01
6.433679833670441495e-02 4.294722720994228471e-01
6.641217892821101032e-02 4.147074807397599372e-01
6.700514481149860702e-02 4.105441911274851918e-01
7.234183776108699115e-02 3.741934088273713988e-01
7.174887187779939446e-02 3.781321935963011249e-01
7.441721835259358653e-02 3.606066084965107166e-01
8.123632601040095547e-02 3.181589335362122739e-01
9.013081425971493366e-02 2.678745115430254953e-01
9.665343897587852506e-02 2.346295940543654812e-01
1.085127566416304729e-01 1.818215535488938439e-01
1.230404207821766405e-01 1.297196742767764144e-01
1.426082949306673731e-01 7.866239174997337325e-02
1.592113396627201360e-01 4.932834708127908918e-02
1.695882426202530990e-01 3.610945298436168960e-02
1.962717073681950197e-01 1.503493749546389556e-02
2.087239909172345920e-01 9.620393253227372751e-03
2.185079279914799444e-01 6.657672771048573843e-03
2.312566944821632942e-01 4.025945627750757150e-03
2.362969044901079285e-01 3.275537549569639169e-03
2.395582168481897034e-01 2.859765378223425025e-03
2.386687680232582598e-01 2.968146981071563897e-03
2.354074556651764849e-01 3.398018572373637247e-03
2.256235185909311325e-01 5.044568267978235231e-03
2.205833085829865536e-01 6.145364814622799286e-03
2.093169568005221748e-01 9.412249798615513266e-03
1.992365367846330448e-01 1.354854962857872727e-02
1.838194238191554752e-01 2.293645864938768930e-02
1.740354867449100951e-01 3.143732336671218458e-02
1.595078226043639413e-01 4.890134752980502403e-02
1.473520219969681744e-01 6.912043905713827208e-02
1.343067725646410193e-01 9.789062531314113302e-02
1.277841478484774140e-01 1.154642006152676176e-01
1.239298696071080425e-01 1.269484857253959653e-01
1.099951713498494715e-01 1.758901426415079849e-01
1.013971660421793125e-01 2.123442977666193665e-01
1.016936489838230900e-01 2.110035398677407303e-01
9.428157544272812440e-02 2.463668942986090571e-01
1.008042001588917019e-01 2.150440683181752133e-01
9.724640485916610788e-02 2.317575706007100333e-01
8.657301895998935348e-02 2.872985839667833163e-01
7.589963306081257133e-02 3.510919355466789460e-01
6.581921304492339975e-02 4.188953796157086629e-01
4.862320242958305394e-02 5.506030392940450824e-01
3.528147005561209359e-02 6.650411922526084929e-01
2.727643063122952086e-02 7.378617950653341140e-01
1.689952767369655093e-02 8.357473386901990153e-01
-1.482414708218995642e-03 9.854903971587298805e-01
-2.075380591506593986e-02 7.990068805269330277e-01
-3.053774298931130962e-02 7.078681665885183660e-01
-3.913574829698147906e-02 6.310164521734746845e-01
-4.061816300520047773e-02 6.181285027002140220e-01
-2.935181122273611623e-02 7.187259347034499202e-01
-1.927139120684694465e-02 8.130904508085307070e-01
-2.342215238986013193e-02 7.738217178513379091e-01
-5.040210007944585791e-03 9.506957643301321426e-01
1.334173237397096035e-02 8.699814620729005021e-01
1.363821531561476043e-02 8.671184675178263968e-01
3.113070887259890979e-02 7.024610924282417290e-01
3.706036770547489062e-02 6.492470972426016562e-01
3.409553828903690020e-02 6.756535088032568082e-01
3.646740182218729392e-02 6.544949118504775898e-01
3.972871418026908269e-02 6.258476416905683903e-01
4.476892418821366154e-02 5.826655575414094734e-01
4.595485595478886881e-02 5.727087255311262837e-01
5.069858302108965625e-02 5.337022337307312236e-01
5.010561713780205262e-02 5.385044362657284145e-01
5.069858302108965625e-02 5.337022337307312236e-01
4.239706065506327476e-02 6.028154322422107914e-01
4.803023654629545725e-02 5.554792916008994830e-01
5.069858302108965625e-02 5.337022337307312236e-01
5.781417362054082354e-02 4.777963516192144100e-01
6.226141774519781957e-02 4.445349800368063597e-01
6.404031539506060966e-02 4.316059353132889465e-01
6.848755951971760569e-02 4.002441182705143152e-01
7.501018423588118322e-02 3.567816796104619215e-01
6.967349128629278521e-02 3.921158714755809127e-01
6.641217892821101032e-02 4.147074807397599372e-01
6.077900303697882090e-02 4.554742759807657304e-01
5.307044655424004997e-02 5.147101333126655742e-01
4.061816300520047773e-02 6.181285027002140220e-01
4.565837301314506352e-02 5.751904245813735939e-01
5.010561713780205262e-02 5.385044362657284145e-01
4.417595830492607872e-02 5.876737803767448920e-01
4.387947536328227344e-02 5.901852624462056163e-01
4.387947536328227344e-02 5.901852624462056163e-01
4.714078772136406220e-02 5.628325879478939253e-01
4.625133889643266022e-02 5.702320701024229388e-01
5.099506596273345460e-02 5.313091918063778119e-01
5.366341243752763973e-02 5.100170378774893098e-01
5.751769067889703907e-02 4.800606726505796118e-01
6.789459363643000900e-02 4.043455626037896211e-01
5.959307127040363444e-02 4.643326384597320500e-01
5.188451478766484964e-02 5.241625362563739898e-01
5.277396361259623775e-02 5.170649848479640376e-01
4.506540712985746683e-02 5.801688633536490336e-01
4.803023654629545725e-02 5.554792916008994830e-01
4.061816300520047773e-02 6.181285027002140220e-01
3.083422593095511144e-02 7.051627864718528205e-01
2.964829416437991111e-02 7.160061171722618134e-01
2.075380591506593986e-02 7.990068805269330277e-01
9.783937074245369764e-03 9.044585747676215925e-01
-2.964829416437991067e-04 9.970979274004432291e-01
8.598005307670174638e-03 9.159939626331864426e-01
8.301522366026376290e-03 9.188806437371819236e-01
1.512063002383375564e-02 8.528300929131141794e-01
1.096986884082056836e-02 8.929431143060262421e-01
1.927139120684694465e-02 8.130904508085307070e-01
3.854278241369388930e-03 9.622868871938534685e-01
-1.927139120684694465e-02 8.130904508085307070e-01
-1.452766414054615894e-02 8.585399777232740615e-01
-2.697994768958572598e-02 7.406089869392304958e-01
-4.980913419615826121e-02 5.409135574273699065e-01
-6.522624716163581693e-02 4.231078096129455846e-01
-5.395989537917145196e-02 5.076788297393297622e-01
-5.188451478766484964e-02 5.241625362563739898e-01
-4.921616831287065758e-02 5.457477395487861926e-01
-4.269354359670708005e-02 6.002797769451055920e-01
-3.943223123862528434e-02 6.284297924686068626e-01
-2.668346474794192069e-02 7.433594574316628734e-01
-1.541711296547755572e-02 8.499779917054914868e-01
-5.633175891232183354e-03 9.449039213268972670e-01
-8.301522366026376290e-03 9.188806437371819236e-01
-7.708556482738777860e-03 9.246571451663863073e-01
-9.783937074245369764e-03 9.044585747676215925e-01
-1.245228354903956530e-02 8.785804286038754185e-01
-1.808545944027174779e-02 8.244007875952082953e-01
-2.045732297342214151e-02 8.018185775483293032e-01
-1.067338589917677001e-02 8.958199811174174521e-01
3.854278241369388930e-03 9.622868871938534685e-01
1.778897649862794597e-02 8.272341186337420771e-01
1.096986884082056836e-02 8.929431143060262421e-01
3.854278241369388930e-03 9.622868871938534685e-01
-9.190971190957773068e-03 9.102239267136499334e-01
-2.371863533150393027e-02 7.710373360539325427e-01
-4.684430477972026385e-02 5.652939792471884939e-01
-6.670866186985480173e-02 4.126227550094826446e-01
-7.649259894410016802e-02 3.473305851482736406e-01
-7.797501365231916670e-02 3.380387516657661351e-01
-6.641217892821101032e-02 4.147074807397599372e-01
-6.107548597862261924e-02 4.532744925576422945e-01
-5.218099772930864799e-02 5.217912047571033884e-01
-5.603527597067804039e-02 4.914686659678587644e-01
-6.522624716163581693e-02 4.231078096129455846e-01
-6.848755951971760569e-02 4.002441182705143152e-01
-6.848755951971760569e-02 4.002441182705143152e-01
-6.463328127834820636e-02 4.273446895722357031e-01
-5.929658832875982222e-02 4.665619685091459967e-01
-4.506540712985746683e-02 5.801688633536490336e-01
-2.994477710602371293e-02 7.132898626942123510e-01
-2.431160121479152697e-02 7.654773585553373838e-01
-2.075380591506593986e-02 7.990068805269330277e-01
-1.037690295753296993e-02 8.986982048648328725e-01
-5.336692949588385006e-03 9.477995014573001864e-01
4.150761183013188145e-03 9.593882714367604203e-01
1.571359590712135407e-02 8.471278327644229389e-01
2.757291357287331920e-02 7.351179139191905687e-01
5.959307127040363444e-02 4.643326384597320500e-01
1.011006831005355072e-01 2.136911374789931539e-01
1.221509719572452385e-01 1.325371267116732255e-01
1.479449878802557850e-01 6.799687121706082804e-02
1.669198961454589070e-01 3.918449905562213648e-02
1.672163790871027123e-01 3.883230358571816004e-02
1.793721796944984792e-01 2.651793758737138601e-02
1.722565890950473189e-01 3.324062318246848169e-02
1.740354867449100951e-01 3.143732336671218458e-02
1.716636232117596805e-01 3.386087390483003695e-02
1.746284526281977056e-01 3.085499081993221468e-02
1.556535443629945559e-01 5.469823018623285599e-02
1.503168514134061440e-01 6.365038430863736996e-02
1.316384260898467995e-01 1.048053514544350084e-01
1.067338589917676828e-01 1.891315875895746845e-01
8.509060425177035480e-02 2.956629946257112174e-01
7.174887187779939446e-02 3.781321935963011249e-01
6.819107657807380041e-02 4.022917372086682875e-01
6.166845186191022288e-02 4.488927865674418038e-01
4.921616831287065758e-02 5.457477395487861926e-01
4.684430477972026385e-02 5.652939792471884939e-01
3.231664063917410318e-02 6.916917832445974579e-01
2.905532828109231788e-02 7.214492841993171979e-01
3.350257240574930351e-02 6.809838595647544901e-01
1.897490826520314283e-02 8.159145165192873694e-01
-5.929658832875982135e-04 9.941958928102592186e-01
-1.571359590712135407e-02 8.471278327644229389e-01
-2.668346474794192069e-02 7.433594574316628734e-01
-3.735685064711868897e-02 6.466296182230275580e-01
-3.202015769753030483e-02 6.943784302114590634e-01
-1.689952767369655093e-02 8.357473386901990153e-01
-1.156283472410816505e-02 8.871935995775296346e-01
-5.929658832875982135e-04 9.941958928102592186e-01
5.040210007944585791e-03 9.506957643301321426e-01
1.363821531561476043e-02 8.671184675178263968e-01
1.986435709013454134e-02 8.074495665615314399e-01
1.423118119890235886e-02 8.613976889420622562e-01
7.708556482738777860e-03 9.246571451663863073e-01
1.274876649068336365e-02 8.757124792136103952e-01
6.226141774519782651e-03 9.391149602969872667e-01
-6.819107657807380214e-03 9.333291829600072198e-01
-1.541711296547755572e-02 8.499779917054914868e-01
-1.393469825725855878e-02 8.642571976626228780e-01
-2.401511827314772862e-02 7.682558718230400041e-01
-4.299002653835087145e-02 5.977489081697676676e-01
-8.005039424382576208e-02 3.252984096087256916e-01
-1.076233078166990847e-01 1.854501999154545000e-01
-1.085127566416304729e-01 1.818215535488938439e-01
-1.058444101668363085e-01 1.928660274584493850e-01
-8.775895072656454687e-02 2.807219880476723439e-01
-7.293480364437458785e-02 3.702798501657540431e-01
-5.692472479560943543e-02 4.846066389624522630e-01
-5.633175891232183874e-02 4.891756009938119654e-01
-5.929658832875982222e-02 4.665619685091459967e-01
-5.722120773725323378e-02 4.823307735484855252e-01
-5.395989537917145196e-02 5.076788297393297622e-01
-4.862320242958305394e-02 5.506030392940450824e-01
-5.040210007944585097e-02 5.361006550949052318e-01
-3.913574829698147906e-02 6.310164521734746845e-01
-3.053774298931130962e-02 7.078681665885183660e-01
-2.964829416437991111e-02 7.160061171722618134e-01
-3.142719181424270813e-02 6.997631148740800500e-01
-2.342215238986013193e-02 7.738217178513379091e-01
-3.113070887259890979e-02 7.024610924282417290e-01
-3.350257240574930351e-02 6.809838595647544901e-01
-3.913574829698147906e-02 6.310164521734746845e-01
-4.625133889643266022e-02 5.702320701024229388e-01
-4.714078772136406220e-02 5.628325879478939253e-01
-4.121112888848808137e-02 6.130054280839929426e-01
-3.972871418026908269e-02 6.258476416905683903e-01
-3.053774298931130962e-02 7.078681665885183660e-01
-2.016084003177834316e-02 8.046328177724200170e-01
-2.193973768164113672e-02 7.877862138133687742e-01
-1.630656179040895423e-02 8.414334856400400575e-01
-1.778897649862794597e-02 8.272341186337420771e-01
-2.045732297342214151e-02 8.018185775483293032e-01
-1.037690295753296993e-02 8.986982048648328725e-01
-1.008042001588917158e-02 9.015777484609692749e-01
-4.150761183013188145e-03 9.593882714367604203e-01
-5.929658832875982569e-03 9.420090616967976560e-01
-1.778897649862794857e-03 9.825888946481970976e-01
2.668346474794192503e-03 9.738859070480740954e-01
1.008042001588917158e-02 9.015777484609692749e-01
1.660304473205275258e-02 8.385893692449536418e-01
1.541711296547755572e-02 8.499779917054914868e-01
2.401511827314772862e-02 7.682558718230400041e-01
3.083422593095511144e-02 7.051627864718528205e-01
3.468850417232450384e-02 6.703392096267499767e-01
2.727643063122952086e-02 7.378617950653341140e-01
2.075380591506593986e-02 7.990068805269330277e-01
1.838194238191554614e-02 8.215697200589215932e-01
1.749249355698414762e-02 8.300696778096683381e-01
1.808545944027174779e-02 8.244007875952082953e-01
1.867842532355934448e-02 8.187409513033527819e-01
1.778897649862794597e-02 8.272341186337420771e-01
1.037690295753296993e-02 8.986982048648328725e-01
5.633175891232183354e-03 9.449039213268972670e-01
8.301522366026376290e-03 9.188806437371819236e-01
4.447244124656986493e-03 9.564901871408936218e-01
-6.522624716163580999e-03 9.362216548281087070e-01
-1.215580060739576349e-02 8.814499563060378406e-01
-2.609049886465432400e-02 7.488701052228343702e-01
-2.520105003972292548e-02 7.571598568220951897e-01
-3.350257240574930351e-02 6.809838595647544901e-01
-4.002519712191288104e-02 6.232700258990213626e-01
-4.387947536328227344e-02 5.901852624462056163e-01
-5.247748067095245328e-02 5.194253481110322479e-01
-5.395989537917145196e-02 5.076788297393297622e-01
-6.077900303697882090e-02 4.554742759807657304e-01
-6.285438362848541627e-02 4.402011722932126503e-01
-5.840713950382842717e-02 4.732851096142309810e-01
-6.315086657012922156e-02 4.380432981770336909e-01
-6.552273010327960834e-02 4.209985332258585622e-01
-6.492976421999201164e-02 4.252231985377508128e-01
-4.654782183807646551e-02 5.677604806237507296e-01
-3.053774298931130962e-02 7.078681665885183660e-01
-3.765333358876248732e-02 6.440164612225398599e-01
-3.854278241369388930e-02 6.362031933163905251e-01
-4.032168006355668632e-02 6.206969709910064026e-01
-3.883926535533768765e-02 6.336075945836285861e-01
-4.417595830492607872e-02 5.876737803767448920e-01
-5.307044655424004997e-02 5.147101333126655742e-01
-5.129154890437724601e-02 5.289215487719876041e-01
-5.751769067889703907e-02 4.800606726505796118e-01
-6.937700834464900768e-02 3.941385828586921880e-01
-7.560315011916877992e-02 3.529821582142212977e-01
-9.487454132601572110e-02 2.433950768851260715e-01
-9.606047309259091449e-02 2.375264813794352448e-01
-1.016936489838230900e-01 2.110035398677407303e-01
-9.606047309259091449e-02 2.375264813794352448e-01
-8.123632601040095547e-02 3.181589335362122739e-01
-5.929658832875982222e-02 4.665619685091459967e-01
-4.565837301314506352e-02 5.751904245813735939e-01
-4.239706065506327476e-02 6.028154322422107914e-01
-5.218099772930864799e-02 5.217912047571033884e-01
-5.870362244547223246e-02 4.710382183974096693e-01
-5.307044655424004997e-02 5.147101333126655742e-01
-4.832671948793926253e-02 5.530385568064644097e-01
-5.425637832081523643e-02 5.053462048518314598e-01
-6.107548597862261924e-02 4.532744925576422945e-01
-6.996997422793659049e-02 3.900994064801895922e-01
-7.530666717752497463e-02 3.548787408868433468e-01
-8.509060425177035480e-02 2.956629946257112174e-01
-8.153280895204477463e-02 3.163900668191798604e-01
-7.886446247725056868e-02 3.325402515855780949e-01
-7.708556482738777860e-02 3.435947177508160699e-01
-8.864839955149593498e-02 2.758564741645784801e-01
-8.746246778492075546e-02 2.823565692497751467e-01
-8.835191660985215745e-02 2.774719436947004070e-01
-9.368860955944052771e-02 2.493637939966689143e-01
-8.360818954355135613e-02 3.041872633676573900e-01
-7.708556482738777860e-02 3.435947177508160699e-01
-7.263832070273078256e-02 3.722334733269203610e-01
-5.603527597067804039e-02 4.914686659678587644e-01
-5.336692949588384138e-02 5.123608116645708144e-01
-4.891968537122685229e-02 5.481727599670809248e-01
-5.307044655424004997e-02 5.147101333126655742e-01
-6.018603715369122420e-02 4.598916382854670859e-01
-6.048252009533502255e-02 4.576799956464069341e-01
-5.247748067095245328e-02 5.194253481110322479e-01
-4.625133889643266022e-02 5.702320701024229388e-01
-4.121112888848808137e-02 6.130054280839929426e-01
-3.350257240574930351e-02 6.809838595647544901e-01
-3.498498711396829525e-02 6.676881514184496158e-01
-3.765333358876248732e-02 6.440164612225398599e-01
-3.439202123068069855e-02 6.729943383228373932e-01
-2.312566944821633011e-02 7.766089837084957370e-01
-1.393469825725855878e-02 8.642571976626228780e-01
-1.719601061534034928e-02 8.329074296730538673e-01
-2.075380591506594073e-03 9.796876201423365682e-01
6.522624716163580999e-03 9.362216548281087070e-01
1.601007884876515242e-02 8.442796520983791853e-01
1.867842532355934448e-02 8.187409513033527819e-01
2.371863533150393027e-02 7.710373360539325427e-01
3.439202123068069855e-02 6.729943383228373932e-01
3.972871418026908269e-02 6.258476416905683903e-01
3.528147005561209359e-02 6.650411922526084929e-01
3.350257240574930351e-02 6.809838595647544901e-01
3.261312358081790846e-02 6.890089730484230124e-01
1.452766414054615894e-02 8.585399777232740615e-01
-5.929658832875982135e-04 9.941958928102592186e-01
4.150761183013188145e-03 9.593882714367604203e-01
2.016084003177834316e-02 8.046328177724200170e-01
2.757291357287331920e-02 7.351179139191905687e-01
4.299002653835087145e-02 5.977489081697676676e-01
4.714078772136406220e-02 5.628325879478939253e-01
4.536189007150127211e-02 5.776771447487902833e-01
4.684430477972026385e-02 5.652939792471884939e-01
5.040210007944585097e-02 5.361006550949052318e-01
5.129154890437724601e-02 5.289215487719876041e-01
5.010561713780205262e-02 5.385044362657284145e-01
4.032168006355668632e-02 6.206969709910064026e-01
3.617091888054349558e-02 6.571251923062654265e-01
4.299002653835087145e-02 5.977489081697676676e-01
3.142719181424270813e-02 6.997631148740800500e-01
2.075380591506593986e-02 7.990068805269330277e-01
1.037690295753296993e-02 8.986982048648328725e-01
2.668346474794192503e-03 9.738859070480740954e-01
-1.719601061534034928e-02 8.329074296730538673e-01
-2.935181122273611623e-02 7.187259347034499202e-01
-3.735685064711868897e-02 6.466296182230275580e-01
-2.727643063122952086e-02 7.378617950653341140e-01
-1.630656179040895423e-02 8.414334856400400575e-01
-7.708556482738777860e-03 9.246571451663863073e-01
2.964829416437991284e-03 9.709855443841508560e-01
2.668346474794192069e-02 7.433594574316628734e-01
5.603527597067804039e-02 4.914686659678587644e-01
6.937700834464900768e-02 3.941385828586921880e-01
6.048252009533502255e-02 4.576799956464069341e-01
4.180409477177567806e-02 6.079010046257529165e-01
2.935181122273611623e-02 7.187259347034499202e-01
1.393469825725855878e-02 8.642571976626228780e-01
8.894488249313974287e-04 9.912939342373472407e-01
5.336692949588385006e-03 9.477995014573001864e-01
5.633175891232183354e-03 9.449039213268972670e-01
-5.040210007944585791e-03 9.506957643301321426e-01
-8.005039424382576208e-03 9.217683837331315244e-01
6.522624716163580999e-03 9.362216548281087070e-01
1.037690295753296993e-02 8.986982048648328725e-01
1.660304473205275258e-02 8.385893692449536418e-01
3.972871418026908269e-02 6.258476416905683903e-01
6.967349128629278521e-02 3.921158714755809127e-01
1.135529666495750795e-01 1.622396193963453470e-01
1.384575337476542101e-01 8.785718776847366296e-02
1.541711296547755572e-01 5.707385787026122287e-02
1.684023108536779056e-01 3.745003288273548309e-02
1.651409984955961030e-01 4.135452375275265602e-02
1.512063002383375598e-01 6.208019373546608266e-02
1.452766414054615651e-01 7.317236175866814740e-02
1.440907096388863717e-01 7.557279793156508607e-02
1.417188461057360127e-01 8.056446710318321269e-02
1.263017331402584431e-01 1.197815966419093492e-01
1.126635178246436775e-01 1.655756477218980061e-01
9.843233662574131515e-02 2.260878733589901379e-01
8.360818954355135613e-02 3.041872633676573900e-01
7.323128658601839314e-02 3.683325449275859365e-01
6.552273010327960834e-02 4.209985332258585622e-01
5.751769067889703907e-02 4.800606726505796118e-01
3.231664063917410318e-02 6.916917832445974579e-01
1.037690295753296993e-02 8.986982048648328725e-01
-1.037690295753296993e-02 8.986982048648328725e-01
-1.008042001588917158e-02 9.015777484609692749e-01
-8.894488249313974287e-04 9.912939342373472407e-01
1.274876649068336365e-02 8.757124792136103952e-01
2.757291357287331920e-02 7.351179139191905687e-01
4.210057771341947641e-02 6.053558496593003380e-01
5.129154890437724601e-02 5.289215487719876041e-01
5.929658832875982222e-02 4.665619685091459967e-01
5.603527597067804039e-02 4.914686659678587644e-01
6.463328127834820636e-02 4.273446895722357031e-01
8.598005307670174291e-02 2.906251790737882090e-01
8.657301895998935348e-02 2.872985839667833163e-01
9.220619485122152903e-02 2.569660949863233901e-01
9.102026308464633564e-02 2.631614996393735195e-01
8.331170660190755084e-02 3.059113150685330851e-01
8.331170660190755084e-02 3.059113150685330851e-01
9.279916073450913960e-02 2.539062796430360813e-01
1.005077172172479105e-01 2.164030994779916339e-01
1.046584784002610874e-01 1.979283280303456294e-01
1.076233078166990847e-01 1.854501999154545000e-01
1.082162736999866814e-01 1.830252617176621188e-01
9.932178545067270325e-02 2.219004069689727299e-01
8.894488249313974026e-02 2.742473685551022888e-01
8.420115542683895282e-02 3.007583610275597064e-01
6.700514481149860702e-02 4.105441911274851918e-01
5.247748067095245328e-02 5.194253481110322479e-01
2.816587945616091937e-02 7.296402116268713156e-01
1.185931766575196514e-02 8.843210255678012333e-01
1.274876649068336365e-02 8.757124792136103952e-01
1.126635178246436671e-02 8.900676414656445434e-01
1.156283472410816505e-02 8.871935995775296346e-01
5.633175891232183354e-03 9.449039213268972670e-01
2.075380591506593986e-02 7.990068805269330277e-01
2.786939651451711755e-02 7.323773754862044072e-01
4.654782183807646551e-02 5.677604806237507296e-01
6.107548597862261924e-02 4.532744925576422945e-01
6.937700834464900768e-02 3.941385828586921880e-01
7.234183776108699115e-02 3.741934088273713988e-01
8.242225777697616274e-02 3.111218802869832323e-01
8.716598484327695018e-02 2.839975271296167336e-01
8.657301895998935348e-02 2.872985839667833163e-01
8.538708719341416009e-02 2.939773304316840030e-01
9.961826839231652242e-02 2.205168850087819155e-01
1.019901319254669092e-01 2.096688543504385827e-01
1.076233078166990847e-01 1.854501999154545000e-01
1.346032555062847968e-01 9.714513765565888082e-02
1.541711296547755572e-01 5.707385787026122287e-02
1.672163790871027123e-01 3.883230358571816004e-02
1.722565890950473189e-01 3.324062318246848169e-02
1.633621008457333268e-01 4.362442303643918745e-02
1.292665625566964127e-01 1.112689219191441703e-01
1.011006831005355072e-01 2.136911374789931539e-01
6.018603715369122420e-02 4.598916382854670859e-01
2.786939651451711755e-02 7.323773754862044072e-01
-1.245228354903956530e-02 8.785804286038754185e-01
-2.549753298136672730e-02 7.543934791309931942e-01
-3.202015769753030483e-02 6.943784302114590634e-01
-3.528147005561209359e-02 6.650411922526084929e-01
-3.024126004766751127e-02 7.105772022253978859e-01
-2.016084003177834316e-02 8.046328177724200170e-01
-1.571359590712135407e-02 8.471278327644229389e-01
-5.929658832875982135e-04 9.941958928102592186e-01
6.226141774519782651e-03 9.391149602969872667e-01
1.571359590712135407e-02 8.471278327644229389e-01
3.024126004766751127e-02 7.105772022253978859e-01
3.735685064711868897e-02 6.466296182230275580e-01
4.654782183807646551e-02 5.677604806237507296e-01
5.484934420410284006e-02 5.006977743033890205e-01
6.226141774519781957e-02 4.445349800368063597e-01
6.581921304492339975e-02 4.188953796157086629e-01
6.433679833670441495e-02 4.294722720994228471e-01
4.210057771341947641e-02 6.053558496593003380e-01
2.697994768958572598e-02 7.406089869392304958e-01
2.460808415643532879e-02 7.627018295362357758e-01
2.935181122273611623e-02 7.187259347034499202e-01
2.223622062328493507e-02 7.849877489446721590e-01
2.282918650657253176e-02 7.793991000097524324e-01
2.638698180629811887e-02 7.461131743107052294e-01
1.897490826520314283e-02 8.159145165192873694e-01
2.905532828109231788e-02 7.214492841993171979e-01
3.172367475588650648e-02 6.970688840883159099e-01
1.719601061534034928e-02 8.329074296730538673e-01
5.336692949588385006e-03 9.477995014573001864e-01
7.115590599451179429e-03 9.304375823302792892e-01
2.253270356492873341e-02 7.821920330317586600e-01
2.668346474794192069e-02 7.433594574316628734e-01
2.638698180629811887e-02 7.461131743107052294e-01
1.601007884876515242e-02 8.442796520983791853e-01
3.854278241369388930e-03 9.622868871938534685e-01
-1.363821531561476043e-02 8.671184675178263968e-01
-1.778897649862794597e-02 8.272341186337420771e-01
-8.894488249313972986e-03 9.131083778348803026e-01
-5.929658832875982135e-04 9.941958928102592186e-01
-1.008042001588917158e-02 9.015777484609692749e-01
-1.867842532355934448e-02 8.187409513033527819e-01
-1.245228354903956530e-02 8.785804286038754185e-01
-1.689952767369655093e-02 8.357473386901990153e-01
-1.334173237397096035e-02 8.699814620729005021e-01
-1.126635178246436671e-02 8.900676414656445434e-01
2.668346474794192503e-03 9.738859070480740954e-01
1.452766414054615894e-02 8.585399777232740615e-01
1.541711296547755572e-02 8.499779917054914868e-01
1.601007884876515242e-02 8.442796520983791853e-01
1.808545944027174779e-02 8.244007875952082953e-01
2.045732297342214151e-02 8.018185775483293032e-01
2.905532828109231788e-02 7.214492841993171979e-01
4.091464594684428302e-02 6.155646465962631986e-01
3.735685064711868897e-02 6.466296182230275580e-01
4.358299242163847509e-02 5.927016269434939311e-01
3.824629947205008401e-02 6.388032218287085229e-01
1.689952767369655093e-02 8.357473386901990153e-01
8.598005307670174638e-03 9.159939626331864426e-01
-7.115590599451179429e-03 9.304375823302792892e-01
-2.371863533150392854e-03 9.767866116195857984e-01
1.185931766575196427e-03 9.883920896866599248e-01
3.261312358081790846e-02 6.890089730484230124e-01
5.129154890437724601e-02 5.289215487719876041e-01
6.285438362848541627e-02 4.402011722932126503e-01
6.196493480355402123e-02 4.467108895906160004e-01
6.285438362848541627e-02 4.402011722932126503e-01
6.759811069478620371e-02 4.064055859092239320e-01
7.797501365231916670e-02 3.380387516657661351e-01
7.560315011916877992e-02 3.529821582142212977e-01
8.064336012711337265e-02 3.217158712527454223e-01
7.975391130218197067e-02 3.270992764848893453e-01
8.746246778492075546e-02 2.823565692497751467e-01
8.212577483533235745e-02 3.128715399845397038e-01
6.819107657807380041e-02 4.022917372086682875e-01
6.137196892026642453e-02 4.510806584565586475e-01
6.848755951971760569e-02 4.002441182705143152e-01
7.412073541094978124e-02 3.625285898516916738e-01
4.921616831287065758e-02 5.457477395487861926e-01
1.512063002383375564e-02 8.528300929131141794e-01
-1.423118119890235886e-02 8.613976889420622562e-01
-3.824629947205008401e-02 6.388032218287085229e-01
-4.565837301314506352e-02 5.751904245813735939e-01
-5.158803184602105130e-02 5.265393238943145704e-01
-5.277396361259623775e-02 5.170649848479640376e-01
-4.654782183807646551e-02 5.677604806237507296e-01
-4.654782183807646551e-02 5.677604806237507296e-01
-6.077900303697882090e-02 4.554742759807657304e-01
-6.492976421999201164e-02 4.252231985377508128e-01
-5.277396361259623775e-02 5.170649848479640376e-01
-4.625133889643266022e-02 5.702320701024229388e-01
-3.883926535533768765e-02 6.336075945836285861e-01
-3.202015769753030483e-02 6.943784302114590634e-01
-3.498498711396829525e-02 6.676881514184496158e-01
-3.794981653040628566e-02 6.414076534179217193e-01
-4.091464594684428302e-02 6.155646465962631986e-01
-3.824629947205008401e-02 6.388032218287085229e-01
-2.549753298136672730e-02 7.543934791309931942e-01
-2.549753298136672730e-02 7.543934791309931942e-01
-2.816587945616091937e-02 7.296402116268713156e-01
-2.697994768958572598e-02 7.406089869392304958e-01
-2.490456709807913060e-02 7.599293179387031083e-01
-9.190971190957773068e-03 9.102239267136499334e-01
1.185931766575196427e-03 9.883920896866599248e-01
-1.778897649862794857e-03 9.825888946481970976e-01
-5.336692949588385006e-03 9.477995014573001864e-01
-1.185931766575196514e-02 8.843210255678012333e-01
-2.490456709807913060e-02 7.599293179387031083e-01
-3.290960652246169987e-02 6.863300293422641696e-01
-3.972871418026908269e-02 6.258476416905683903e-01
-4.536189007150127211e-02 5.776771447487902833e-01
-5.129154890437724601e-02 5.289215487719876041e-01
-4.595485595478886881e-02 5.727087255311262837e-01
-3.261312358081790846e-02 6.890089730484230124e-01
-3.350257240574930351e-02 6.809838595647544901e-01
-3.528147005561209359e-02 6.650411922526084929e-01
-3.498498711396829525e-02 6.676881514184496158e-01
-3.646740182218729392e-02 6.544949118504775898e-01
-3.824629947205008401e-02 6.388032218287085229e-01
-3.587443593889969723e-02 6.597596845177695624e-01
-4.061816300520047773e-02 6.181285027002140220e-01
-4.180409477177567806e-02 6.079010046257529165e-01
-5.158803184602105130e-02 5.265393238943145704e-01
-5.455286126245904171e-02 5.030191806303059288e-01
-5.010561713780205262e-02 5.385044362657284145e-01
-5.514582714574663841e-02 4.983820029128035456e-01
-5.603527597067804039e-02 4.914686659678587644e-01
-5.692472479560943543e-02 4.846066389624522630e-01
-6.048252009533502255e-02 4.576799956464069341e-01
-6.077900303697882090e-02 4.554742759807657304e-01
-6.344734951177301296e-02 4.358914596311522782e-01
-6.226141774519781957e-02 4.445349800368063597e-01
-6.077900303697882090e-02 4.554742759807657304e-01
-5.722120773725323378e-02 4.823307735484855252e-01
-6.878404246136139710e-02 3.982027141488467814e-01
-7.975391130218197067e-02 3.270992764848893453e-01
-9.487454132601572110e-02 2.433950768851260715e-01
-1.022866148671107006e-01 2.083402316650732056e-01
-9.428157544272812440e-02 2.463668942986090571e-01
-8.390467248519514754e-02 3.024696123114706259e-01
-5.573879302903423510e-02 4.937674321715974646e-01
-4.002519712191288104e-02 6.232700258990213626e-01
-2.905532828109231788e-02 7.214492841993171979e-01
-1.927139120684694465e-02 8.130904508085307070e-01
-1.660304473205275258e-02 8.385893692449536418e-01
-2.193973768164113672e-02 7.877862138133687742e-01
-3.202015769753030483e-02 6.943784302114590634e-01
-3.439202123068069855e-02 6.729943383228373932e-01
-3.290960652246169987e-02 6.863300293422641696e-01
-3.202015769753030483e-02 6.943784302114590634e-01
-2.638698180629811887e-02 7.461131743107052294e-01
-1.897490826520314283e-02 8.159145165192873694e-01
-1.660304473205275258e-02 8.385893692449536418e-01
-1.156283472410816505e-02 8.871935995775296346e-01
-1.156283472410816505e-02 8.871935995775296346e-01
-1.778897649862794857e-03 9.825888946481970976e-01
5.633175891232183354e-03 9.449039213268972670e-01
1.126635178246436671e-02 8.900676414656445434e-01
1.630656179040895423e-02 8.414334856400400575e-01
1.126635178246436671e-02 8.900676414656445434e-01
1.126635178246436671e-02 8.900676414656445434e-01
1.185931766575196514e-02 8.843210255678012333e-01
2.105028885670973821e-02 7.961977612492739942e-01
1.660304473205275258e-02 8.385893692449536418e-01
1.660304473205275258e-02 8.385893692449536418e-01
1.185931766575196427e-03 9.883920896866599248e-01
-9.783937074245369764e-03 9.044585747676215925e-01
-1.541711296547755572e-02 8.499779917054914868e-01
-2.223622062328493507e-02 7.849877489446721590e-01
-2.075380591506593986e-02 7.990068805269330277e-01
-3.646740182218729392e-02 6.544949118504775898e-01
-3.379905534739310186e-02 6.783166922166690149e-01
-2.549753298136672730e-02 7.543934791309931942e-01
-1.749249355698414762e-02 8.300696778096683381e-01
-1.541711296547755572e-02 8.499779917054914868e-01
-1.749249355698414762e-02 8.300696778096683381e-01
-1.126635178246436671e-02 8.900676414656445434e-01
-1.334173237397096035e-02 8.699814620729005021e-01
-1.156283472410816505e-02 8.871935995775296346e-01
-1.838194238191554614e-02 8.215697200589215932e-01
-3.083422593095511144e-02 7.051627864718528205e-01
-1.956787414849073953e-02 8.102687891826182431e-01
-3.202015769753030483e-02 6.943784302114590634e-01
-3.854278241369388930e-02 6.362031933163905251e-01
-3.439202123068069855e-02 6.729943383228373932e-01
-3.202015769753030483e-02 6.943784302114590634e-01
