-7.323128658601839314e-02 3.683325449275859365e-01
-7.234183776108699115e-02 3.741934088273713988e-01
-7.501018423588118322e-02 3.567816796104619215e-01
-7.145238893615558917e-02 3.801110307813641009e-01
-6.285438362848541627e-02 4.402011722932126503e-01
-6.196493480355402123e-02 4.467108895906160004e-01
-6.077900303697882090e-02 4.554742759807657304e-01
-6.878404246136139710e-02 3.982027141488467814e-01
-6.819107657807380041e-02 4.022917372086682875e-01
-6.908052540300518851e-02 3.961675330162681696e-01
-7.323128658601839314e-02 3.683325449275859365e-01
-7.293480364437458785e-02 3.702798501657540431e-01
-7.886446247725056868e-02 3.325402515855780949e-01
-8.420115542683895282e-02 3.007583610275597064e-01
-9.428157544272812440e-02 2.463668942986090571e-01
-1.013971660421793125e-01 2.123442977666193665e-01
-1.111811031164246788e-01 1.712488336819336932e-01
-1.245228354903956391e-01 1.251265199663869621e-01
-1.375680849227227942e-01 8.993500680968086192e-02
-1.449801584638177876e-01 7.376660306741103512e-02
-1.473520219969681744e-01 6.912043905713827208e-02
-1.402364313975169863e-01 8.381661705058560119e-02
-1.295630454983402458e-01 1.104443401142776171e-01
-1.221509719572452385e-01 1.325371267116732255e-01
-1.061408931084800999e-01 1.916153006288567051e-01
-9.102026308464633564e-02 2.631614996393735195e-01
-6.878404246136139710e-02 3.982027141488467814e-01
-5.069858302108965625e-02 5.337022337307312236e-01
-2.846236239780471772e-02 7.269064540756902115e-01
-1.215580060739576349e-02 8.814499563060378406e-01
5.929658832875982569e-03 9.420090616967976560e-01
2.105028885670973821e-02 7.961977612492739942e-01
3.468850417232450384e-02 6.703392096267499767e-01
4.506540712985746683e-02 5.801688633536490336e-01
5.069858302108965625e-02 5.337022337307312236e-01
5.366341243752763973e-02 5.100170378774893098e-01
6.581921304492339975e-02 4.188953796157086629e-01
7.056294011122418719e-02 3.860852451760948822e-01
7.263832070273078256e-02 3.722334733269203610e-01
7.323128658601839314e-02 3.683325449275859365e-01
7.827149659396295811e-02 3.361995299905439216e-01
7.856797953560677727e-02 3.343666959025654029e-01
7.115590599451178389e-02 3.820961561382232308e-01
6.492976421999201164e-02 4.252231985377508128e-01
5.722120773725323378e-02 4.823307735484855252e-01
4.862320242958305394e-02 5.506030392940450824e-01
3.706036770547489062e-02 6.492470972426016562e-01
3.053774298931130962e-02 7.078681665885183660e-01
2.460808415643532879e-02 7.627018295362357758e-01
1.927139120684694465e-02 8.130904508085307070e-01
8.894488249313972986e-03 9.131083778348803026e-01
2.075380591506594073e-03 9.796876201423365682e-01
-1.334173237397096035e-02 8.699814620729005021e-01
-1.808545944027174779e-02 8.244007875952082953e-01
-2.016084003177834316e-02 8.046328177724200170e-01
-2.460808415643532879e-02 7.627018295362357758e-01
-2.609049886465432400e-02 7.488701052228343702e-01
-2.253270356492873341e-02 7.821920330317586600e-01
-2.786939651451711755e-02 7.323773754862044072e-01
-3.024126004766751127e-02 7.105772022253978859e-01
-4.121112888848808137e-02 6.130054280839929426e-01
-5.218099772930864799e-02 5.217912047571033884e-01
-6.285438362848541627e-02 4.402011722932126503e-01
-6.819107657807380041e-02 4.022917372086682875e-01
-7.560315011916877992e-02 3.529821582142212977e-01
-8.449763836848275811e-02 2.990535084792834697e-01
-8.864839955149593498e-02 2.758564741645784801e-01
-9.013081425971493366e-02 2.678745115430254953e-01
-9.131674602629012705e-02 2.616031639681944965e-01
-8.598005307670174291e-02 2.906251790737882090e-01
-8.716598484327695018e-02 2.839975271296167336e-01
-8.568357013505793762e-02 2.922980591971183206e-01
-8.182929189368856604e-02 3.146276022038722586e-01
-8.064336012711337265e-02 3.217158712527454223e-01
-7.471370129423737794e-02 3.586909702515078679e-01
-7.649259894410016802e-02 3.473305851482736406e-01
-8.034687718546955348e-02 3.235039408163397079e-01
-7.738204776903157001e-02 3.417363481679077664e-01
-7.263832070273078256e-02 3.722334733269203610e-01
-6.552273010327960834e-02 4.209985332258585622e-01
-5.633175891232183874e-02 4.891756009938119654e-01
-5.010561713780205262e-02 5.385044362657284145e-01
-5.692472479560943543e-02 4.846066389624522630e-01
-6.048252009533502255e-02 4.576799956464069341e-01
-6.255790068684162486e-02 4.423650702271484381e-01
-6.196493480355402123e-02 4.467108895906160004e-01
-5.900010538711602387e-02 4.687971665604988569e-01
-6.404031539506060966e-02 4.316059353132889465e-01
-6.581921304492339975e-02 4.188953796157086629e-01
-6.641217892821101032e-02 4.147074807397599372e-01
-6.670866186985480173e-02 4.126227550094826446e-01
-6.848755951971760569e-02 4.002441182705143152e-01
-6.226141774519781957e-02 4.445349800368063597e-01
-5.751769067889703907e-02 4.800606726505796118e-01
-5.455286126245904171e-02 5.030191806303059288e-01
-4.595485595478886881e-02 5.727087255311262837e-01
-3.972871418026908269e-02 6.258476416905683903e-01
-4.299002653835087145e-02 5.977489081697676676e-01
-4.328650947999467674e-02 5.952228501484999601e-01
-4.299002653835087145e-02 5.977489081697676676e-01
-3.172367475588650648e-02 6.970688840883159099e-01
-2.193973768164113672e-02 7.877862138133687742e-01
-8.005039424382576208e-03 9.217683837331315244e-01
-1.185931766575196427e-03 9.883920896866599248e-01
1.482414708218995642e-03 9.854903971587298805e-01
6.522624716163580999e-03 9.362216548281087070e-01
1.334173237397096035e-02 8.699814620729005021e-01
1.897490826520314283e-02 8.159145165192873694e-01
2.342215238986013193e-02 7.738217178513379091e-01
1.749249355698414762e-02 8.300696778096683381e-01
8.005039424382576208e-03 9.217683837331315244e-01
5.929658832875982569e-03 9.420090616967976560e-01
4.743727066300785708e-03 9.535926721610885615e-01
4.447244124656986493e-03 9.564901871408936218e-01
1.778897649862794857e-03 9.825888946481970976e-01
2.964829416437991284e-03 9.709855443841508560e-01
6.226141774519782651e-03 9.391149602969872667e-01
4.743727066300785708e-03 9.535926721610885615e-01
2.668346474794192503e-03 9.738859070480740954e-01
8.894488249313974287e-04 9.912939342373472407e-01
2.075380591506594073e-03 9.796876201423365682e-01
4.447244124656986493e-03 9.564901871408936218e-01
9.487454132601571416e-03 9.073406465970995649e-01
1.126635178246436671e-02 8.900676414656445434e-01
1.185931766575196514e-02 8.843210255678012333e-01
8.894488249313972986e-03 9.131083778348803026e-01
1.037690295753296993e-02 8.986982048648328725e-01
1.126635178246436671e-02 8.900676414656445434e-01
1.304524943232716200e-02 8.728461448268055589e-01
3.972871418026908269e-02 6.258476416905683903e-01
6.937700834464900768e-02 3.941385828586921880e-01
9.339212661779672242e-02 2.508716651370811457e-01
1.120705519413560808e-01 1.678278855850593998e-01
1.405329143391607916e-01 8.315790427254622641e-02
1.669198961454589070e-01 3.918449905562213648e-02
1.838194238191554752e-01 2.293645864938768930e-02
1.953822585432636316e-01 1.550773018701297190e-02
2.048697126758652065e-01 1.107508510776765258e-02
2.039802638509338184e-01 1.143706038642478516e-02
2.042767467925776237e-01 1.131526334653156808e-02
1.992365367846330448e-01 1.354854962857872727e-02
2.004224685512082105e-01 1.299098691320031349e-02
1.947892926599760488e-01 1.583007492885302528e-02
1.912314973602504409e-01 1.788934432626771223e-02
1.891561167687438594e-01 1.919482601172656233e-02
1.947892926599760488e-01 1.583007492885302528e-02
1.915279803018942462e-01 1.770928106477769395e-02
1.950857756016198541e-01 1.566818058637705832e-02
1.930103950101132448e-01 1.683236081818493754e-02
1.950857756016198541e-01 1.566818058637705832e-02
1.983470879597016290e-01 1.398035011375980095e-02
2.030908150260024025e-01 1.180939103886916204e-02
2.087239909172345920e-01 9.620393253227372751e-03
2.223622062328493576e-01 5.734536194629843639e-03
2.428195292062714783e-01 2.492289024260426963e-03
2.623874033547622386e-01 1.050875269516290955e-03
2.825482433865406096e-01 4.021759841660685775e-04
3.062668787180445329e-01 1.180288534964114063e-04
3.243523381583162113e-01 4.308985553713717414e-05
3.362116558240682007e-01 2.147616026373193456e-05
3.661564329300919240e-01 3.245373913816923476e-06
3.818700288372132712e-01 1.112564230501716881e-06
3.919504488531024289e-01 5.433036308133079998e-07
4.005484541607726712e-01 2.892340515390420077e-07
3.969906588610470077e-01 3.762539765349465375e-07
3.863172729618702950e-01 8.133380362023513256e-07
3.596338082139283188e-01 4.979601523302515548e-06
3.350257240574930906e-01 2.305481373201166719e-05
3.035985322432502853e-01 1.362076327260290469e-04
2.677240963043506228e-01 8.207636303968243296e-04
2.324426262487385431e-01 3.836671249416379742e-03
1.980506050180578237e-01 1.412693213643656347e-02
1.529851978882003360e-01 5.903497525911618332e-02
1.141459325328626762e-01 1.600436637293107256e-01
7.056294011122418719e-02 3.860852451760948822e-01
3.824629947205008401e-02 6.388032218287085229e-01
2.371863533150393027e-02 7.710373360539325427e-01
2.490456709807913060e-02 7.599293179387031083e-01
2.638698180629811887e-02 7.461131743107052294e-01
3.083422593095511144e-02 7.051627864718528205e-01
2.964829416437991111e-02 7.160061171722618134e-01
3.498498711396829525e-02 6.676881514184496158e-01
4.299002653835087145e-02 5.977489081697676676e-01
4.625133889643266022e-02 5.702320701024229388e-01
5.751769067889703907e-02 4.800606726505796118e-01
6.819107657807380041e-02 4.022917372086682875e-01
7.708556482738777860e-02 3.435947177508160699e-01
8.716598484327695018e-02 2.839975271296167336e-01
9.991475133396031383e-02 2.191394989321321374e-01
1.105881372331370821e-01 1.735580107587945953e-01
1.221509719572452385e-01 1.325371267116732255e-01
1.289700796150526074e-01 1.120983064239347154e-01
1.334173237397096035e-01 1.001542637938631075e-01
1.375680849227227942e-01 8.993500680968086192e-02
1.381610508060103770e-01 8.854549230586079844e-02
1.328243578564220206e-01 1.016861715867894561e-01
1.227439378405328491e-01 1.306536638712747778e-01
1.174072448909444649e-01 1.483619832413657080e-01
1.200755913657386431e-01 1.392934434435438018e-01
1.120705519413560808e-01 1.678278855850593998e-01
1.025830978087544920e-01 2.070176621451680632e-01
8.894488249313974026e-02 2.742473685551022888e-01
7.767853071067537529e-02 3.398843585695746627e-01
5.870362244547223246e-02 4.710382183974096693e-01
4.654782183807646551e-02 5.677604806237507296e-01
4.150761183013187972e-02 6.104508724027611910e-01
3.735685064711868897e-02 6.466296182230275580e-01
3.972871418026908269e-02 6.258476416905683903e-01
3.468850417232450384e-02 6.703392096267499767e-01
2.905532828109231788e-02 7.214492841993171979e-01
2.193973768164113672e-02 7.877862138133687742e-01
2.105028885670973821e-02 7.961977612492739942e-01
1.156283472410816505e-02 8.871935995775296346e-01
-1.482414708218995642e-03 9.854903971587298805e-01
-3.557795299725589715e-03 9.651859965367522998e-01
-2.964829416437991284e-03 9.709855443841508560e-01
-7.115590599451179429e-03 9.304375823302792892e-01
-1.749249355698414762e-02 8.300696778096683381e-01
-2.193973768164113672e-02 7.877862138133687742e-01
-2.846236239780471772e-02 7.269064540756902115e-01
-2.549753298136672730e-02 7.543934791309931942e-01
-2.757291357287331920e-02 7.351179139191905687e-01
-2.312566944821633011e-02 7.766089837084957370e-01
-1.245228354903956530e-02 8.785804286038754185e-01
-1.482414708218995555e-02 8.556841003043771376e-01
-1.689952767369655093e-02 8.357473386901990153e-01
-9.783937074245369764e-03 9.044585747676215925e-01
5.336692949588385006e-03 9.477995014573001864e-01
1.274876649068336365e-02 8.757124792136103952e-01
2.638698180629811887e-02 7.461131743107052294e-01
4.269354359670708005e-02 6.002797769451055920e-01
5.870362244547223246e-02 4.710382183974096693e-01
7.412073541094978124e-02 3.625285898516916738e-01
8.153280895204477463e-02 3.163900668191798604e-01
9.309564367615293101e-02 2.523858250901062639e-01
9.872881956738512044e-02 2.246858927483212642e-01
1.034725466336858940e-01 2.030861741795710329e-01
1.022866148671107006e-01 2.083402316650732056e-01
1.064373760501238775e-01 1.903704910752466173e-01
1.016936489838230900e-01 2.110035398677407303e-01
9.428157544272812440e-02 2.463668942986090571e-01
8.509060425177035480e-02 2.956629946257112174e-01
8.657301895998935348e-02 2.872985839667833163e-01
8.805543366820833828e-02 2.790937805667092486e-01
8.716598484327695018e-02 2.839975271296167336e-01
8.894488249313974026e-02 2.742473685551022888e-01
9.576399015094712308e-02 2.389842671542324326e-01
1.022866148671107006e-01 2.083402316650732056e-01
1.052514442835486980e-01 1.953852772556970430e-01
1.073268248750552795e-01 1.866714534741903408e-01
1.168142790076568543e-01 1.504365308050688299e-01
1.182966937158758669e-01 1.452908242710748976e-01
1.188896595991634497e-01 1.432703234095544509e-01
1.171107619493006735e-01 1.493965365637330567e-01
1.188896595991634497e-01 1.432703234095544509e-01
1.191861425408072689e-01 1.422681104499844695e-01
1.153318642994378695e-01 1.557186154380684195e-01
1.135529666495750795e-01 1.622396193963453470e-01
1.058444101668363085e-01 1.928660274584493850e-01
1.031760636920421026e-01 2.043906433569822878e-01
1.005077172172479105e-01 2.164030994779916339e-01
9.724640485916610788e-02 2.317575706007100333e-01
9.339212661779672242e-02 2.508716651370811457e-01
8.924136543478354555e-02 2.726446232915749057e-01
7.945742836053816538e-02 3.289065401280076850e-01
7.085942305286800635e-02 3.840875631652067579e-01
6.196493480355402123e-02 4.467108895906160004e-01
5.544231008739043676e-02 4.960718833131317895e-01
5.633175891232183874e-02 4.891756009938119654e-01
5.158803184602105130e-02 5.265393238943145704e-01
4.654782183807646551e-02 5.677604806237507296e-01
4.714078772136406220e-02 5.628325879478939253e-01
4.921616831287065758e-02 5.457477395487861926e-01
5.307044655424004997e-02 5.147101333126655742e-01
4.625133889643266022e-02 5.702320701024229388e-01
4.476892418821366154e-02 5.826655575414094734e-01
3.379905534739310186e-02 6.783166922166690149e-01
2.935181122273611623e-02 7.187259347034499202e-01
2.490456709807913060e-02 7.599293179387031083e-01
1.689952767369655093e-02 8.357473386901990153e-01
8.598005307670174638e-03 9.159939626331864426e-01
3.854278241369388930e-03 9.622868871938534685e-01
-2.075380591506594073e-03 9.796876201423365682e-01
-9.783937074245369764e-03 9.044585747676215925e-01
-1.304524943232716200e-02 8.728461448268055589e-01
-1.986435709013454134e-02 8.074495665615314399e-01
-2.786939651451711755e-02 7.323773754862044072e-01
-3.824629947205008401e-02 6.388032218287085229e-01
-3.646740182218729392e-02 6.544949118504775898e-01
-3.202015769753030483e-02 6.943784302114590634e-01
-3.142719181424270813e-02 6.997631148740800500e-01
-2.846236239780471772e-02 7.269064540756902115e-01
-2.549753298136672730e-02 7.543934791309931942e-01
-3.172367475588650648e-02 6.970688840883159099e-01
-3.261312358081790846e-02 6.890089730484230124e-01
-3.172367475588650648e-02 6.970688840883159099e-01
-3.083422593095511144e-02 7.051627864718528205e-01
-2.875884533944851953e-02 7.241761344400822198e-01
-2.579401592301052565e-02 7.516302176940485857e-01
-2.223622062328493507e-02 7.849877489446721590e-01
-1.571359590712135407e-02 8.471278327644229389e-01
-8.005039424382576208e-03 9.217683837331315244e-01
2.964829416437991067e-04 9.970979274004432291e-01
1.334173237397096035e-02 8.699814620729005021e-01
2.401511827314772862e-02 7.682558718230400041e-01
3.172367475588650648e-02 6.970688840883159099e-01
3.972871418026908269e-02 6.258476416905683903e-01
5.307044655424004997e-02 5.147101333126655742e-01
6.967349128629278521e-02 3.921158714755809127e-01
8.449763836848275811e-02 2.990535084792834697e-01
8.953784837642732308e-02 2.710482346465626913e-01
9.309564367615293101e-02 2.523858250901062639e-01
1.126635178246436775e-01 1.655756477218980061e-01
1.263017331402584431e-01 1.197815966419093492e-01
1.443871925805301770e-01 7.496680395050853152e-02
1.612867202542267453e-01 4.640338480106860619e-02
1.719601061534034858e-01 3.354953472399179598e-02
1.835229408775116700e-01 2.316155959316946664e-02
1.924174291268256343e-01 1.717849415869470570e-02
1.894525997103876369e-01 1.900342309871601645e-02
1.799651455777860898e-01 2.601435669290800418e-02
1.675128620287465453e-01 3.848277445482773534e-02
1.529851978882003360e-01 5.903497525911618332e-02
1.384575337476542101e-01 8.785718776847366296e-02
1.301560113816278008e-01 1.088095184964528450e-01
1.224474548988890438e-01 1.315928095083913341e-01
1.147388984161502451e-01 1.578700323126399907e-01
1.102916542914932768e-01 1.747212010526229820e-01
1.019901319254669092e-01 2.096688543504385827e-01
9.694992191752231647e-02 2.331904780420603340e-01
1.013971660421793125e-01 2.123442977666193665e-01
1.008042001588917019e-01 2.150440683181752133e-01
9.754288780080992705e-02 2.303308641687883684e-01
9.813585368409750986e-02 2.274960234345000387e-01
8.983433131807114225e-02 2.694581987406205470e-01
9.102026308464633564e-02 2.631614996393735195e-01
9.606047309259091449e-02 2.375264813794352448e-01
1.049549613419049066e-01 1.966538221146454657e-01
1.117740689997122755e-01 1.689625097633102035e-01
1.206685572490262398e-01 1.373368257292598982e-01
1.236333866654642372e-01 1.278671008578481649e-01
1.239298696071080425e-01 1.269484857253959653e-01
1.322313919731344101e-01 1.032364892775124582e-01
1.343067725646410193e-01 9.789062531314113302e-02
1.393469825725855704e-01 8.581787909262807157e-02
1.360856702145037955e-01 9.348487417408203604e-02
1.393469825725855704e-01 8.581787909262807157e-02
1.443871925805301770e-01 7.496680395050853152e-02
1.346032555062847968e-01 9.714513765565888082e-02
1.319349090314906048e-01 1.040185939091089334e-01
1.188896595991634497e-01 1.432703234095544509e-01
1.162213131243692715e-01 1.525328993618891293e-01
1.034725466336858940e-01 2.030861741795710329e-01
8.390467248519514754e-02 3.024696123114706259e-01
7.085942305286800635e-02 3.840875631652067579e-01
5.722120773725323378e-02 4.823307735484855252e-01
4.150761183013187972e-02 6.104508724027611910e-01
2.164325473999733837e-02 7.905873935986582612e-01
1.037690295753296993e-02 8.986982048648328725e-01
1.778897649862794857e-03 9.825888946481970976e-01
-5.040210007944585791e-03 9.506957643301321426e-01
-3.557795299725589715e-03 9.651859965367522998e-01
2.964829416437991067e-04 9.970979274004432291e-01
1.778897649862794857e-03 9.825888946481970976e-01
7.708556482738777860e-03 9.246571451663863073e-01
1.215580060739576349e-02 8.814499563060378406e-01
1.482414708218995555e-02 8.556841003043771376e-01
1.304524943232716200e-02 8.728461448268055589e-01
1.008042001588917158e-02 9.015777484609692749e-01
1.096986884082056836e-02 8.929431143060262421e-01
9.487454132601571416e-03 9.073406465970995649e-01
-1.482414708218995642e-03 9.854903971587298805e-01
-7.412073541094977777e-03 9.275468905428219113e-01
-1.571359590712135407e-02 8.471278327644229389e-01
-2.223622062328493507e-02 7.849877489446721590e-01
-3.587443593889969723e-02 6.597596845177695624e-01
-5.544231008739043676e-02 4.960718833131317895e-01
-7.619611600245639049e-02 3.492080766592342567e-01
-9.220619485122152903e-02 2.569660949863233901e-01
-9.991475133396031383e-02 2.191394989321321374e-01
-1.165177960660130768e-01 1.514819803124435593e-01
-1.280806307901212193e-01 1.146154408126618257e-01
-1.277841478484774140e-01 1.154642006152676176e-01
-1.263017331402584431e-01 1.197815966419093492e-01
-1.206685572490262398e-01 1.373368257292598982e-01
-1.144424154745064676e-01 1.589540643170408718e-01
-9.902530250902891185e-02 2.232900733959704287e-01
-8.686950190163314489e-02 2.856448644875086429e-01
-8.360818954355135613e-02 3.041872633676573900e-01
-8.182929189368856604e-02 3.146276022038722586e-01
-7.975391130218197067e-02 3.270992764848893453e-01
-7.234183776108699115e-02 3.741934088273713988e-01
-6.552273010327960834e-02 4.209985332258585622e-01
-5.840713950382842717e-02 4.732851096142309810e-01
-6.018603715369122420e-02 4.598916382854670859e-01
-5.425637832081523643e-02 5.053462048518314598e-01
-4.091464594684428302e-02 6.155646465962631986e-01
-2.994477710602371293e-02 7.132898626942123510e-01
-3.083422593095511144e-02 7.051627864718528205e-01
-3.320608946410550516e-02 6.836549817031285503e-01
-3.913574829698147906e-02 6.310164521734746845e-01
-3.617091888054349558e-02 6.571251923062654265e-01
-3.528147005561209359e-02 6.650411922526084929e-01
-3.735685064711868897e-02 6.466296182230275580e-01
-4.091464594684428302e-02 6.155646465962631986e-01
-3.854278241369388930e-02 6.362031933163905251e-01
-4.269354359670708005e-02 6.002797769451055920e-01
-4.387947536328227344e-02 5.901852624462056163e-01
-5.514582714574663841e-02 4.983820029128035456e-01
-6.137196892026642453e-02 4.510806584565586475e-01
-6.670866186985480173e-02 4.126227550094826446e-01
-6.552273010327960834e-02 4.209985332258585622e-01
-7.649259894410016802e-02 3.473305851482736406e-01
-7.678908188574397331e-02 3.454594644319870511e-01
-8.064336012711337265e-02 3.217158712527454223e-01
-8.479412131012654952e-02 2.973550534664020639e-01
-7.916094541889436009e-02 3.307201990489159193e-01
-7.945742836053816538e-02 3.289065401280076850e-01
-6.819107657807380041e-02 4.022917372086682875e-01
-6.522624716163581693e-02 4.231078096129455846e-01
-5.603527597067804039e-02 4.914686659678587644e-01
-5.129154890437724601e-02 5.289215487719876041e-01
-4.862320242958305394e-02 5.506030392940450824e-01
-4.684430477972026385e-02 5.652939792471884939e-01
-5.218099772930864799e-02 5.217912047571033884e-01
-5.069858302108965625e-02 5.337022337307312236e-01
-5.099506596273345460e-02 5.313091918063778119e-01
-4.654782183807646551e-02 5.677604806237507296e-01
-4.684430477972026385e-02 5.652939792471884939e-01
-3.972871418026908269e-02 6.258476416905683903e-01
-3.350257240574930351e-02 6.809838595647544901e-01
-3.379905534739310186e-02 6.783166922166690149e-01
-3.883926535533768765e-02 6.336075945836285861e-01
-3.676388476383109227e-02 6.518688709480365828e-01
-3.290960652246169987e-02 6.863300293422641696e-01
-4.121112888848808137e-02 6.130054280839929426e-01
-4.387947536328227344e-02 5.901852624462056163e-01
-4.091464594684428302e-02 6.155646465962631986e-01
-3.202015769753030483e-02 6.943784302114590634e-01
-2.816587945616091937e-02 7.296402116268713156e-01
-2.490456709807913060e-02 7.599293179387031083e-01
-1.689952767369655093e-02 8.357473386901990153e-01
-1.512063002383375564e-02 8.528300929131141794e-01
-9.487454132601571416e-03 9.073406465970995649e-01
-1.096986884082056836e-02 8.929431143060262421e-01
-8.301522366026376290e-03 9.188806437371819236e-01
5.929658832875982135e-04 9.941958928102592186e-01
3.261312358081790500e-03 9.680855615709162976e-01
7.115590599451179429e-03 9.304375823302792892e-01
1.096986884082056836e-02 8.929431143060262421e-01
1.363821531561476043e-02 8.671184675178263968e-01
1.630656179040895423e-02 8.414334856400400575e-01
1.630656179040895423e-02 8.414334856400400575e-01
1.689952767369655093e-02 8.357473386901990153e-01
2.401511827314772862e-02 7.682558718230400041e-01
2.431160121479152697e-02 7.654773585553373838e-01
2.342215238986013193e-02 7.738217178513379091e-01
2.846236239780471772e-02 7.269064540756902115e-01
3.142719181424270813e-02 6.997631148740800500e-01
3.528147005561209359e-02 6.650411922526084929e-01
4.091464594684428302e-02 6.155646465962631986e-01
4.032168006355668632e-02 6.206969709910064026e-01
4.832671948793926253e-02 5.530385568064644097e-01
6.344734951177301296e-02 4.358914596311522782e-01
7.708556482738777860e-02 3.435947177508160699e-01
8.390467248519514754e-02 3.024696123114706259e-01
8.598005307670174291e-02 2.906251790737882090e-01
8.716598484327695018e-02 2.839975271296167336e-01
8.271874071861996802e-02 3.093786230691373818e-01
7.886446247725056868e-02 3.325402515855780949e-01
6.730162775314239842e-02 4.084717983909711414e-01
5.781417362054082354e-02 4.777963516192144100e-01
5.218099772930864799e-02 5.217912047571033884e-01
4.862320242958305394e-02 5.506030392940450824e-01
5.158803184602105130e-02 5.265393238943145704e-01
5.129154890437724601e-02 5.289215487719876041e-01
4.536189007150127211e-02 5.776771447487902833e-01
4.803023654629545725e-02 5.554792916008994830e-01
4.387947536328227344e-02 5.901852624462056163e-01
2.846236239780471772e-02 7.269064540756902115e-01
2.431160121479152697e-02 7.654773585553373838e-01
1.927139120684694465e-02 8.130904508085307070e-01
9.783937074245369764e-03 9.044585747676215925e-01
6.819107657807380214e-03 9.333291829600072198e-01
7.412073541094977777e-03 9.275468905428219113e-01
1.008042001588917158e-02 9.015777484609692749e-01
5.040210007944585791e-03 9.506957643301321426e-01
4.150761183013188145e-03 9.593882714367604203e-01
1.482414708218995642e-03 9.854903971587298805e-01
-6.522624716163580999e-03 9.362216548281087070e-01
-1.630656179040895423e-02 8.414334856400400575e-01
-2.164325473999733837e-02 7.905873935986582612e-01
-3.202015769753030483e-02 6.943784302114590634e-01
-3.468850417232450384e-02 6.703392096267499767e-01
-3.913574829698147906e-02 6.310164521734746845e-01
-4.417595830492607872e-02 5.876737803767448920e-01
-4.595485595478886881e-02 5.727087255311262837e-01
-4.980913419615826121e-02 5.409135574273699065e-01
-4.625133889643266022e-02 5.702320701024229388e-01
-4.032168006355668632e-02 6.206969709910064026e-01
-3.290960652246169987e-02 6.863300293422641696e-01
-2.668346474794192069e-02 7.433594574316628734e-01
-2.935181122273611623e-02 7.187259347034499202e-01
-3.202015769753030483e-02 6.943784302114590634e-01
-3.676388476383109227e-02 6.518688709480365828e-01
-3.587443593889969723e-02 6.597596845177695624e-01
-3.735685064711868897e-02 6.466296182230275580e-01
-4.447244124656987013e-02 5.851672042832731790e-01
-5.336692949588384138e-02 5.123608116645708144e-01
-5.218099772930864799e-02 5.217912047571033884e-01
-5.751769067889703907e-02 4.800606726505796118e-01
-5.959307127040363444e-02 4.643326384597320500e-01
-6.077900303697882090e-02 4.554742759807657304e-01
-5.988955421204742585e-02 4.621091904392963245e-01
-5.366341243752763973e-02 5.100170378774893098e-01
-4.951265125451445592e-02 5.433279985817213165e-01
-4.328650947999467674e-02 5.952228501484999601e-01
-4.002519712191288104e-02 6.232700258990213626e-01
-3.409553828903690020e-02 6.756535088032568082e-01
-2.846236239780471772e-02 7.269064540756902115e-01
-3.024126004766751127e-02 7.105772022253978859e-01
-2.638698180629811887e-02 7.461131743107052294e-01
-2.757291357287331920e-02 7.351179139191905687e-01
-2.431160121479152697e-02 7.654773585553373838e-01
-1.897490826520314283e-02 8.159145165192873694e-01
-1.927139120684694465e-02 8.130904508085307070e-01
-1.630656179040895423e-02 8.414334856400400575e-01
-1.927139120684694465e-02 8.130904508085307070e-01
-2.164325473999733837e-02 7.905873935986582612e-01
-2.075380591506593986e-02 7.990068805269330277e-01
-1.630656179040895423e-02 8.414334856400400575e-01
-1.719601061534034928e-02 8.329074296730538673e-01
-1.660304473205275258e-02 8.385893692449536418e-01
-1.867842532355934448e-02 8.187409513033527819e-01
-1.245228354903956530e-02 8.785804286038754185e-01
-6.819107657807380214e-03 9.333291829600072198e-01
-4.447244124656986493e-03 9.564901871408936218e-01
-1.482414708218995642e-03 9.854903971587298805e-01
-1.778897649862794857e-03 9.825888946481970976e-01
-1.126635178246436671e-02 8.900676414656445434e-01
-1.778897649862794597e-02 8.272341186337420771e-01
-2.016084003177834316e-02 8.046328177724200170e-01
-1.096986884082056836e-02 8.929431143060262421e-01
-6.819107657807380214e-03 9.333291829600072198e-01
-1.185931766575196427e-03 9.883920896866599248e-01
-1.482414708218995642e-03 9.854903971587298805e-01
-6.819107657807380214e-03 9.333291829600072198e-01
-6.819107657807380214e-03 9.333291829600072198e-01
-8.005039424382576208e-03 9.217683837331315244e-01
-1.363821531561476043e-02 8.671184675178263968e-01
-1.245228354903956530e-02 8.785804286038754185e-01
-8.005039424382576208e-03 9.217683837331315244e-01
-9.487454132601571416e-03 9.073406465970995649e-01
-8.005039424382576208e-03 9.217683837331315244e-01
-1.334173237397096035e-02 8.699814620729005021e-01
-1.808545944027174779e-02 8.244007875952082953e-01
-1.867842532355934448e-02 8.187409513033527819e-01
-1.274876649068336365e-02 8.757124792136103952e-01
-1.245228354903956530e-02 8.785804286038754185e-01
-1.185931766575196514e-02 8.843210255678012333e-01
-1.096986884082056836e-02 8.929431143060262421e-01
-1.304524943232716200e-02 8.728461448268055589e-01
-2.134677179835354002e-02 7.933912541585084188e-01
-3.202015769753030483e-02 6.943784302114590634e-01
-4.447244124656987013e-02 5.851672042832731790e-01
-5.544231008739043676e-02 4.960718833131317895e-01
-5.751769067889703907e-02 4.800606726505796118e-01
-5.988955421204742585e-02 4.621091904392963245e-01
-5.870362244547223246e-02 4.710382183974096693e-01
-5.662824185396563709e-02 4.868882533534031332e-01
-4.803023654629545725e-02 5.554792916008994830e-01
-4.684430477972026385e-02 5.652939792471884939e-01
-4.269354359670708005e-02 6.002797769451055920e-01
-3.972871418026908269e-02 6.258476416905683903e-01
-3.202015769753030483e-02 6.943784302114590634e-01
-2.816587945616091937e-02 7.296402116268713156e-01
-3.379905534739310186e-02 6.783166922166690149e-01
-3.646740182218729392e-02 6.544949118504775898e-01
-3.350257240574930351e-02 6.809838595647544901e-01
-2.075380591506593986e-02 7.990068805269330277e-01
-4.447244124656986493e-03 9.564901871408936218e-01
1.601007884876515242e-02 8.442796520983791853e-01
3.468850417232450384e-02 6.703392096267499767e-01
5.277396361259623775e-02 5.170649848479640376e-01
6.967349128629278521e-02 3.921158714755809127e-01
8.123632601040095547e-02 3.181589335362122739e-01
8.983433131807114225e-02 2.694581987406205470e-01
1.055479272251924755e-01 1.941226826678389139e-01
1.177037278325882425e-01 1.473328564207764813e-01
1.182966937158758669e-01 1.452908242710748976e-01
1.067338589917676828e-01 1.891315875895746845e-01
9.665343897587852506e-02 2.346295940543654812e-01
8.864839955149593498e-02 2.758564741645784801e-01
7.649259894410016802e-02 3.473305851482736406e-01
6.789459363643000900e-02 4.043455626037896211e-01
5.722120773725323378e-02 4.823307735484855252e-01
4.743727066300786055e-02 5.603763285236014191e-01
3.113070887259890979e-02 7.024610924282417290e-01
1.185931766575196514e-02 8.843210255678012333e-01
-1.778897649862794857e-03 9.825888946481970976e-01
-7.115590599451179429e-03 9.304375823302792892e-01
-1.630656179040895423e-02 8.414334856400400575e-01
-1.156283472410816505e-02 8.871935995775296346e-01
-9.783937074245369764e-03 9.044585747676215925e-01
-1.393469825725855878e-02 8.642571976626228780e-01
-1.749249355698414762e-02 8.300696778096683381e-01
-1.808545944027174779e-02 8.244007875952082953e-01
-1.719601061534034928e-02 8.329074296730538673e-01
-2.075380591506593986e-02 7.990068805269330277e-01
-2.105028885670973821e-02 7.961977612492739942e-01
-2.460808415643532879e-02 7.627018295362357758e-01
-1.838194238191554614e-02 8.215697200589215932e-01
-2.016084003177834316e-02 8.046328177724200170e-01
-2.016084003177834316e-02 8.046328177724200170e-01
-2.223622062328493507e-02 7.849877489446721590e-01
-3.083422593095511144e-02 7.051627864718528205e-01
-3.617091888054349558e-02 6.571251923062654265e-01
-4.358299242163847509e-02 5.927016269434939311e-01
-5.455286126245904171e-02 5.030191806303059288e-01
-6.819107657807380041e-02 4.022917372086682875e-01
-7.738204776903157001e-02 3.417363481679077664e-01
-8.924136543478354555e-02 2.726446232915749057e-01
-9.517102426765951251e-02 2.419185580794080970e-01
-1.028795807503982973e-01 2.057011360082986462e-01
-1.031760636920421026e-01 2.043906433569822878e-01
-1.040655125169735046e-01 2.004952656344090867e-01
-1.105881372331370821e-01 1.735580107587945953e-01
-1.108846201747808735e-01 1.724005591890398759e-01
-1.091057225249180834e-01 1.794315995123113017e-01
-9.606047309259091449e-02 2.375264813794352448e-01
-8.568357013505793762e-02 2.922980591971183206e-01
-6.878404246136139710e-02 3.982027141488467814e-01
-5.751769067889703907e-02 4.800606726505796118e-01
-4.625133889643266022e-02 5.702320701024229388e-01
-4.625133889643266022e-02 5.702320701024229388e-01
-4.743727066300786055e-02 5.603763285236014191e-01
-4.476892418821366154e-02 5.826655575414094734e-01
-4.862320242958305394e-02 5.506030392940450824e-01
-5.366341243752763973e-02 5.100170378774893098e-01
-5.455286126245904171e-02 5.030191806303059288e-01
-5.395989537917145196e-02 5.076788297393297622e-01
-5.514582714574663841e-02 4.983820029128035456e-01
-6.048252009533502255e-02 4.576799956464069341e-01
-6.166845186191022288e-02 4.488927865674418038e-01
-6.967349128629278521e-02 3.921158714755809127e-01
-6.670866186985480173e-02 4.126227550094826446e-01
-6.670866186985480173e-02 4.126227550094826446e-01
-7.234183776108699115e-02 3.741934088273713988e-01
-7.708556482738777860e-02 3.435947177508160699e-01
-8.983433131807114225e-02 2.694581987406205470e-01
-9.131674602629012705e-02 2.616031639681944965e-01
-1.067338589917676828e-01 1.891315875895746845e-01
-1.298595284399840233e-01 1.096245444906154970e-01
-1.387540166892980154e-01 8.717316216680862095e-02
-1.390504996309417929e-01 8.649339833351722684e-02
-1.414223631640921797e-01 8.120664873599278688e-02
-1.399399484558731810e-01 8.447950564542275331e-02
-1.304524943232716339e-01 1.079992455479340946e-01
-1.212615231323138504e-01 1.354012621417588214e-01
-1.159248301827254524e-01 1.535893021574786799e-01
-1.034725466336858940e-01 2.030861741795710329e-01
-9.190971190957773762e-02 2.585054666374553278e-01
-7.678908188574397331e-02 3.454594644319870511e-01
-5.692472479560943543e-02 4.846066389624522630e-01
-4.002519712191288104e-02 6.232700258990213626e-01
-2.727643063122952086e-02 7.378617950653341140e-01
-1.867842532355934448e-02 8.187409513033527819e-01
-1.274876649068336365e-02 8.757124792136103952e-01
-1.215580060739576349e-02 8.814499563060378406e-01
-5.336692949588385006e-03 9.477995014573001864e-01
8.894488249313974287e-04 9.912939342373472407e-01
9.783937074245369764e-03 9.044585747676215925e-01
1.897490826520314283e-02 8.159145165192873694e-01
2.964829416437991111e-02 7.160061171722618134e-01
4.328650947999467674e-02 5.952228501484999601e-01
5.188451478766484964e-02 5.241625362563739898e-01
5.573879302903423510e-02 4.937674321715974646e-01
5.010561713780205262e-02 5.385044362657284145e-01
5.811065656218463576e-02 4.755378256161361117e-01
5.218099772930864799e-02 5.217912047571033884e-01
3.290960652246169987e-02 6.863300293422641696e-01
1.126635178246436671e-02 8.900676414656445434e-01
-1.274876649068336365e-02 8.757124792136103952e-01
-2.045732297342214151e-02 8.018185775483293032e-01
-2.016084003177834316e-02 8.046328177724200170e-01
-2.164325473999733837e-02 7.905873935986582612e-01
-1.304524943232716200e-02 8.728461448268055589e-01
-1.096986884082056836e-02 8.929431143060262421e-01
-1.067338589917677001e-02 8.958199811174174521e-01
-2.016084003177834316e-02 8.046328177724200170e-01
-3.202015769753030483e-02 6.943784302114590634e-01
-4.476892418821366154e-02 5.826655575414094734e-01
-4.951265125451445592e-02 5.433279985817213165e-01
-4.625133889643266022e-02 5.702320701024229388e-01
-4.121112888848808137e-02 6.130054280839929426e-01
-3.113070887259890979e-02 7.024610924282417290e-01
-3.024126004766751127e-02 7.105772022253978859e-01
-2.490456709807913060e-02 7.599293179387031083e-01
-2.964829416437991284e-03 9.709855443841508560e-01
4.447244124656986493e-03 9.564901871408936218e-01
1.185931766575196427e-03 9.883920896866599248e-01
1.778897649862794857e-03 9.825888946481970976e-01
9.783937074245369764e-03 9.044585747676215925e-01
1.601007884876515242e-02 8.442796520983791853e-01
2.193973768164113672e-02 7.877862138133687742e-01
3.379905534739310186e-02 6.783166922166690149e-01
4.032168006355668632e-02 6.206969709910064026e-01
4.328650947999467674e-02 5.952228501484999601e-01
4.061816300520047773e-02 6.181285027002140220e-01
4.832671948793926253e-02 5.530385568064644097e-01
4.239706065506327476e-02 6.028154322422107914e-01
3.053774298931130962e-02 7.078681665885183660e-01
3.854278241369388930e-02 6.362031933163905251e-01
4.862320242958305394e-02 5.506030392940450824e-01
5.929658832875982222e-02 4.665619685091459967e-01
6.107548597862261924e-02 4.532744925576422945e-01
5.692472479560943543e-02 4.846066389624522630e-01
5.603527597067804039e-02 4.914686659678587644e-01
5.514582714574663841e-02 4.983820029128035456e-01
5.544231008739043676e-02 4.960718833131317895e-01
5.988955421204742585e-02 4.621091904392963245e-01
6.077900303697882090e-02 4.554742759807657304e-01
6.996997422793659049e-02 3.900994064801895922e-01
7.945742836053816538e-02 3.289065401280076850e-01
7.916094541889436009e-02 3.307201990489159193e-01
8.242225777697616274e-02 3.111218802869832323e-01
8.538708719341416009e-02 2.939773304316840030e-01
7.115590599451178389e-02 3.820961561382232308e-01
6.670866186985480173e-02 4.126227550094826446e-01
5.307044655424004997e-02 5.147101333126655742e-01
2.193973768164113672e-02 7.877862138133687742e-01
1.778897649862794857e-03 9.825888946481970976e-01
-1.096986884082056836e-02 8.929431143060262421e-01
-2.253270356492873341e-02 7.821920330317586600e-01
-3.320608946410550516e-02 6.836549817031285503e-01
-3.498498711396829525e-02 6.676881514184496158e-01
-3.972871418026908269e-02 6.258476416905683903e-01
-4.714078772136406220e-02 5.628325879478939253e-01
-5.040210007944585097e-02 5.361006550949052318e-01
-5.040210007944585097e-02 5.361006550949052318e-01
-4.832671948793926253e-02 5.530385568064644097e-01
-4.328650947999467674e-02 5.952228501484999601e-01
-3.320608946410550516e-02 6.836549817031285503e-01
-2.905532828109231788e-02 7.214492841993171979e-01
-2.431160121479152697e-02 7.654773585553373838e-01
-1.808545944027174779e-02 8.244007875952082953e-01
-7.708556482738777860e-03 9.246571451663863073e-01
-2.371863533150392854e-03 9.767866116195857984e-01
-3.261312358081790500e-03 9.680855615709162976e-01
6.226141774519782651e-03 9.391149602969872667e-01
1.482414708218995642e-03 9.854903971587298805e-01
-3.557795299725589715e-03 9.651859965367522998e-01
-1.778897649862794597e-02 8.272341186337420771e-01
-1.660304473205275258e-02 8.385893692449536418e-01
3.557795299725589715e-03 9.651859965367522998e-01
1.601007884876515242e-02 8.442796520983791853e-01
5.247748067095245328e-02 5.194253481110322479e-01
5.870362244547223246e-02 4.710382183974096693e-01
7.886446247725056868e-02 3.325402515855780949e-01
1.206685572490262398e-01 1.373368257292598982e-01
1.571359590712135545e-01 5.240484653993458808e-02
1.924174291268256343e-01 1.717849415869470570e-02
2.339250409569575140e-01 3.611352357697954988e-03
2.869954875111975778e-01 3.221639708026379704e-04
3.249453040416038219e-01 4.164367413858472539e-05
3.658599499884481188e-01 3.309823178554827400e-06
4.023273518106353919e-01 2.532983336532646973e-07
4.370158559829598888e-01 1.624600900074547328e-08
4.622169060226828941e-01 1.803958520740790145e-09
5.025385860862395804e-01 3.615756402515430753e-11
5.286290849508937795e-01 2.163933758037805488e-12
5.455286126245904033e-01 3.058541206594292221e-13
5.562019985237671715e-01 8.391703578970726567e-14
5.713226285476008526e-01 1.238992373432057155e-14
5.802171167969149002e-01 3.838826309284837611e-15
5.882221562212974764e-01 1.296684252422111447e-15
5.926694003459545002e-01 7.003445329393633083e-16
5.920764344626668896e-01 7.607096304283720383e-16
5.861467756297908949e-01 1.722994294799751243e-15
5.799206338552711504e-01 3.994016655959852793e-15
5.701366967810257425e-01 1.444662446511633059e-14
5.606492426484241953e-01 4.829062745987030416e-14
5.547195838155482006e-01 1.007063716732300376e-13
5.499758567492474270e-01 1.794346826920578539e-13
5.416743343832209900e-01 4.825032720197827438e-13
5.304079826007567222e-01 1.770135638479209052e-12
5.194381137599360931e-01 5.997465310916758143e-12
5.069858302108964931e-01 2.275148734298678766e-11
4.874179560624057883e-01 1.663333428583463087e-10
4.660711842640523073e-01 1.268489977836610794e-09
4.462068271739177416e-01 7.440069641123268240e-09
4.192268794843319601e-01 6.906483203526729152e-08
3.922469317947462897e-01 5.317771252921371781e-07
3.599302911555721796e-01 4.884627987205395096e-06
3.287995822829732351e-01 3.329872731271015852e-05
3.012266687100998985e-01 1.545264381195795872e-04
2.614979545298308228e-01 1.094528581414920976e-03
2.256235185909311325e-01 5.044568267978235231e-03
1.924174291268256343e-01 1.717849415869470570e-02
1.710706573284720977e-01 3.449089357278881107e-02
1.461660902303929810e-01 7.141286804581721548e-02
1.328243578564220206e-01 1.016861715867894561e-01
1.242263525487518477e-01 1.260349640212920785e-01
1.197791084240948517e-01 1.402796853807732336e-01
1.168142790076568543e-01 1.504365308050688299e-01
1.088092395832742781e-01 1.806236701500917030e-01
1.117740689997122755e-01 1.689625097633102035e-01
1.147388984161502451e-01 1.578700323126399907e-01
1.191861425408072689e-01 1.422681104499844695e-01
1.212615231323138504e-01 1.354012621417588214e-01
1.325278749147782154e-01 1.024590207738609038e-01
1.357891872728600180e-01 9.420802694357188756e-02
1.405329143391607916e-01 8.315790427254622641e-02
1.420153290473797902e-01 7.992637520990411582e-02
1.544676125964193347e-01 5.659205303022572103e-02
1.609902373125829400e-01 4.681216947830028202e-02
1.642515496706647149e-01 4.247677881435441699e-02
1.737390038032662898e-01 3.173197278802204757e-02
1.826334920525802541e-01 2.384829218885658325e-02
1.977541220764140184e-01 1.427485506754250580e-02
2.146536497501105589e-01 7.710809574970618752e-03
2.339250409569575140e-01 3.611352357697954988e-03
2.552718127553110783e-01 1.449670815227935197e-03
2.706889257207886201e-01 7.138985847313168882e-04
2.869954875111975778e-01 3.221639708026379704e-04
2.952970098772239593e-01 2.108464480864164078e-04
3.101211569594138906e-01 9.573433993290058285e-05
3.181261963837965223e-01 6.140437965534108395e-05
3.246488210999600721e-01 4.236096891977903254e-05
3.329503434659864536e-01 2.608358081382451647e-05
3.415483487736566404e-01 1.555123227771511218e-05
3.554830470309152113e-01 6.507334234577506035e-06
3.717896088213241690e-01 2.225268298865799055e-06
3.789051994207752738e-01 1.367479357665535396e-06
3.990660394525535892e-01 3.228552948374296542e-07
4.115183230015931892e-01 1.260517924695490971e-07
4.284178506752897575e-01 3.304056664361865845e-08
4.482822077654243231e-01 6.217111510912990835e-09
4.595485595478886465e-01 2.296155291902980251e-09
4.779305019298041857e-01 4.174634540301855934e-10
4.883074048873371487e-01 1.523639616363351915e-10
4.980913419615825566e-01 5.708344033674974471e-11
5.040210007944584403e-01 3.100688365825053262e-11
5.046139666777461619e-01 2.915222956746331452e-11
5.078752790358278535e-01 2.072156078439284997e-11
5.019456202029518588e-01 3.844199694668646576e-11
4.936440978369255883e-01 8.953394318568937625e-11
4.877144390040495936e-01 1.615446005183420661e-10
4.684430477972026940e-01 1.019113545856334782e-09
4.518400030651498755e-01 4.556953463912388700e-09
4.248600553755641496e-01 4.406893046776019401e-08
