7.471370129423737794e-02 3.586909702515078679e-01
1.043619954586172960e-01 1.992088056805922103e-01
1.340102896229972140e-01 9.864063092679130340e-02
1.467590561136805638e-01 7.025905895644209143e-02
1.642515496706647149e-01 4.247677881435441699e-02
1.476485049386119797e-01 6.855678219382574379e-02
1.254122843153270273e-01 1.224314951836715654e-01
1.049549613419049066e-01 1.966538221146454657e-01
8.627653601834554820e-02 2.889586880531052615e-01
6.492976421999201164e-02 4.252231985377508128e-01
5.218099772930864799e-02 5.217912047571033884e-01
4.061816300520047773e-02 6.181285027002140220e-01
3.943223123862528434e-02 6.284297924686068626e-01
5.603527597067804039e-02 4.914686659678587644e-01
7.856797953560677727e-02 3.343666959025654029e-01
9.517102426765951251e-02 2.419185580794080970e-01
1.091057225249180834e-01 1.794315995123113017e-01
1.153318642994378695e-01 1.557186154380684195e-01
1.254122843153270273e-01 1.224314951836715654e-01
1.242263525487518477e-01 1.260349640212920785e-01
1.283771137317650524e-01 1.137715494382128822e-01
1.265982160819022484e-01 1.189082503548047343e-01
1.114775860580684702e-01 1.701028214865349941e-01
1.043619954586172960e-01 1.992088056805922103e-01
9.546750720930331779e-02 2.404482904223856909e-01
9.309564367615293101e-02 2.523858250901062639e-01
7.293480364437458785e-02 3.702798501657540431e-01
5.633175891232183874e-02 4.891756009938119654e-01
4.447244124656987013e-02 5.851672042832731790e-01
2.045732297342214151e-02 8.018185775483293032e-01
-1.778897649862794857e-03 9.825888946481970976e-01
-7.412073541094977777e-03 9.275468905428219113e-01
-2.964829416437991284e-03 9.709855443841508560e-01
-2.668346474794192503e-03 9.738859070480740954e-01
-1.719601061534034928e-02 8.329074296730538673e-01
-3.290960652246169987e-02 6.863300293422641696e-01
-4.654782183807646551e-02 5.677604806237507296e-01
-4.536189007150127211e-02 5.776771447487902833e-01
-4.714078772136406220e-02 5.628325879478939253e-01
-4.714078772136406220e-02 5.628325879478939253e-01
-5.988955421204742585e-02 4.621091904392963245e-01
-5.069858302108965625e-02 5.337022337307312236e-01
-5.751769067889703907e-02 4.800606726505796118e-01
-6.789459363643000900e-02 4.043455626037896211e-01
-7.619611600245639049e-02 3.492080766592342567e-01
-8.509060425177035480e-02 2.956629946257112174e-01
-8.864839955149593498e-02 2.758564741645784801e-01
-1.008042001588917019e-01 2.150440683181752133e-01
-1.064373760501238775e-01 1.903704910752466173e-01
-1.230404207821766405e-01 1.297196742767764144e-01
-1.325278749147782154e-01 1.024590207738609038e-01
-1.494274025884747559e-01 6.525290607256838127e-02
-1.458696072887491757e-01 7.199551143277801990e-02
-1.455731243471053704e-01 7.258200360994415679e-02
-1.360856702145037955e-01 9.348487417408203604e-02
-1.348997384479286021e-01 9.640415098633114965e-02
-1.292665625566964127e-01 1.112689219191441703e-01
-1.188896595991634497e-01 1.432703234095544509e-01
-1.180002107742320477e-01 1.463091416155722080e-01
-9.991475133396031383e-02 2.191394989321321374e-01
-9.368860955944052771e-02 2.493637939966689143e-01
-8.864839955149593498e-02 2.758564741645784801e-01
-7.115590599451178389e-02 3.820961561382232308e-01
-5.692472479560943543e-02 4.846066389624522630e-01
-4.328650947999467674e-02 5.952228501484999601e-01
-1.274876649068336365e-02 8.757124792136103952e-01
8.894488249313972986e-03 9.131083778348803026e-01
4.150761183013188145e-03 9.593882714367604203e-01
1.245228354903956530e-02 8.785804286038754185e-01
3.024126004766751127e-02 7.105772022253978859e-01
2.431160121479152697e-02 7.654773585553373838e-01
1.423118119890235886e-02 8.613976889420622562e-01
8.598005307670174638e-03 9.159939626331864426e-01
-3.261312358081790500e-03 9.680855615709162976e-01
-7.708556482738777860e-03 9.246571451663863073e-01
-3.083422593095511144e-02 7.051627864718528205e-01
-4.417595830492607872e-02 5.876737803767448920e-01
-4.387947536328227344e-02 5.901852624462056163e-01
-3.883926535533768765e-02 6.336075945836285861e-01
-4.091464594684428302e-02 6.155646465962631986e-01
-3.824629947205008401e-02 6.388032218287085229e-01
-4.595485595478886881e-02 5.727087255311262837e-01
-4.862320242958305394e-02 5.506030392940450824e-01
-5.188451478766484964e-02 5.241625362563739898e-01
-5.425637832081523643e-02 5.053462048518314598e-01
-5.544231008739043676e-02 4.960718833131317895e-01
-5.870362244547223246e-02 4.710382183974096693e-01
-7.145238893615558917e-02 3.801110307813641009e-01
-7.352776952766218455e-02 3.663915630135512469e-01
-6.937700834464900768e-02 3.941385828586921880e-01
-4.299002653835087145e-02 5.977489081697676676e-01
2.964829416437991284e-03 9.709855443841508560e-01
3.883926535533768765e-02 6.336075945836285861e-01
7.085942305286800635e-02 3.840875631652067579e-01
9.606047309259091449e-02 2.375264813794352448e-01
1.251158013736832497e-01 1.233248014461288400e-01
1.446836755221739823e-01 7.436474473110443739e-02
1.437942266972425664e-01 7.618274388474718939e-02
1.437942266972425664e-01 7.618274388474718939e-02
1.458696072887491757e-01 7.199551143277801990e-02
1.402364313975169863e-01 8.381661705058560119e-02
1.417188461057360127e-01 8.056446710318321269e-02
1.429047778723111783e-01 7.803646573595542091e-02
1.363821531561476008e-01 9.276613727998542225e-02
1.384575337476542101e-01 8.785718776847366296e-02
1.399399484558731810e-01 8.447950564542275331e-02
1.577289249545011374e-01 5.151005780619308944e-02
1.796686626361422845e-01 2.626511458016447115e-02
2.063521273840842052e-01 1.049415236734180766e-02
2.383722850816145378e-01 3.005090326244673395e-03
2.567542274635301047e-01 1.356684450246814803e-03
2.727643063122952016e-01 6.468773420267712919e-04
2.798798969117463620e-01 4.586278563451609861e-04
2.846236239780471355e-01 3.627900221557480353e-04
2.825482433865406096e-01 4.021759841660685775e-04
2.819552775032529990e-01 4.141347557401873114e-04
2.751361698454455884e-01 5.774016583492597209e-04
2.677240963043506228e-01 8.207636303968243296e-04
2.709854086624324254e-01 7.039482641121098169e-04
2.674276133627068175e-01 8.322211173247424367e-04
2.632768521796935990e-01 1.008822095502017249e-03
2.555682956969548281e-01 1.430620984224666679e-03
2.407441486147648968e-01 2.720822193211840101e-03
2.193973768164113602e-01 6.433631713274125946e-03
2.001259856095644052e-01 1.312846000150022160e-02
1.802616285194298673e-01 2.576565064843535507e-02
1.654374814372399360e-01 4.098600785830632670e-02
1.506133343550499493e-01 6.312341774767342428e-02
1.346032555062847968e-01 9.714513765565888082e-02
1.147388984161502451e-01 1.578700323126399907e-01
9.220619485122152903e-02 2.569660949863233901e-01
8.301522366026375943e-02 3.076417681216608302e-01
7.945742836053816538e-02 3.289065401280076850e-01
7.174887187779939446e-02 3.781321935963011249e-01
6.344734951177301296e-02 4.358914596311522782e-01
5.573879302903423510e-02 4.937674321715974646e-01
4.773375360465165890e-02 5.579252225941291332e-01
4.654782183807646551e-02 5.677604806237507296e-01
4.832671948793926253e-02 5.530385568064644097e-01
4.417595830492607872e-02 5.876737803767448920e-01
4.773375360465165890e-02 5.579252225941291332e-01
5.188451478766484964e-02 5.241625362563739898e-01
5.603527597067804039e-02 4.914686659678587644e-01
5.840713950382842717e-02 4.732851096142309810e-01
5.840713950382842717e-02 4.732851096142309810e-01
6.463328127834820636e-02 4.273446895722357031e-01
6.967349128629278521e-02 3.921158714755809127e-01
7.560315011916877992e-02 3.529821582142212977e-01
7.619611600245639049e-02 3.492080766592342567e-01
8.479412131012654952e-02 2.973550534664020639e-01
9.279916073450913960e-02 2.539062796430360813e-01
1.022866148671107006e-01 2.083402316650732056e-01
1.055479272251924755e-01 1.941226826678389139e-01
1.046584784002610874e-01 1.979283280303456294e-01
1.091057225249180834e-01 1.794315995123113017e-01
1.197791084240948517e-01 1.402796853807732336e-01
1.209650401906700451e-01 1.363664197559419922e-01
1.426082949306673731e-01 7.866239174997337325e-02
1.598043055460077466e-01 4.847742420566811261e-02
1.722565890950473189e-01 3.324062318246848169e-02
1.808545944027174501e-01 2.527434123321661494e-02
1.953822585432636316e-01 1.550773018701297190e-02
2.137642009251791708e-01 7.973886180281136715e-03
2.158395815166858078e-01 7.372030838369841334e-03
2.196938597580551655e-01 6.360457840251718814e-03
2.253270356492873550e-01 5.104069910861612838e-03
2.327391091903823206e-01 3.790621074895889064e-03
2.443019439144904770e-01 2.339851944121125460e-03
2.520105003972292201e-01 1.675037569040931443e-03
2.594225739383242413e-01 1.202917082042406684e-03
2.653522327712001805e-01 9.166272132550113512e-04
2.724678233706513963e-01 6.560832029249127808e-04
2.760256186703770043e-01 5.531718644350939063e-04
2.813623116199653884e-01 4.264215817413696645e-04
2.902567998692793805e-01 2.731591404364126937e-04
3.033020493016064800e-01 1.383812531113246262e-04
3.154578499090022747e-01 7.130138563988359327e-05
3.130859863758518324e-01 8.133418559678085458e-05
3.047844640098255620e-01 1.278276273197505699e-04
3.033020493016064800e-01 1.383812531113246262e-04
3.092317081344825302e-01 1.004987596144660131e-04
2.964829416437991250e-01 1.982465023555776945e-04
2.887743851610603540e-01 2.945070491207470794e-04
2.861060386862661620e-01 3.368774048141069525e-04
2.721713404290075911e-01 6.654095375583158386e-04
2.558647786385986334e-01 1.411799870022155271e-03
2.300707627155881563e-01 4.223570304353793312e-03
2.105028885670973959e-01 9.007859477972484513e-03
1.879701850021686660e-01 1.997721400156167101e-02
1.660304473205275189e-01 4.025723654299024484e-02
1.455731243471053704e-01 7.258200360994415679e-02
1.254122843153270273e-01 1.224314951836715654e-01
9.961826839231652242e-02 2.205168850087819155e-01
8.331170660190755084e-02 3.059113150685330851e-01
6.285438362848541627e-02 4.402011722932126503e-01
5.247748067095245328e-02 5.194253481110322479e-01
4.091464594684428302e-02 6.155646465962631986e-01
3.113070887259890979e-02 7.024610924282417290e-01
2.638698180629811887e-02 7.461131743107052294e-01
2.431160121479152697e-02 7.654773585553373838e-01
2.223622062328493507e-02 7.849877489446721590e-01
1.423118119890235886e-02 8.613976889420622562e-01
5.040210007944585791e-03 9.506957643301321426e-01
-1.778897649862794857e-03 9.825888946481970976e-01
-1.719601061534034928e-02 8.329074296730538673e-01
-2.401511827314772862e-02 7.682558718230400041e-01
-3.735685064711868897e-02 6.466296182230275580e-01
-4.565837301314506352e-02 5.751904245813735939e-01
-4.980913419615826121e-02 5.409135574273699065e-01
-5.366341243752763973e-02 5.100170378774893098e-01
-5.722120773725323378e-02 4.823307735484855252e-01
-5.692472479560943543e-02 4.846066389624522630e-01
-5.573879302903423510e-02 4.937674321715974646e-01
-5.455286126245904171e-02 5.030191806303059288e-01
-5.040210007944585097e-02 5.361006550949052318e-01
-5.544231008739043676e-02 4.960718833131317895e-01
-5.040210007944585097e-02 5.361006550949052318e-01
-4.773375360465165890e-02 5.579252225941291332e-01
-3.735685064711868897e-02 6.466296182230275580e-01
-2.075380591506593986e-02 7.990068805269330277e-01
-3.261312358081790500e-03 9.680855615709162976e-01
1.897490826520314283e-02 8.159145165192873694e-01
3.587443593889969723e-02 6.597596845177695624e-01
5.544231008739043676e-02 4.960718833131317895e-01
7.174887187779939446e-02 3.781321935963011249e-01
9.250267779286532044e-02 2.554330344410288833e-01
1.162213131243692715e-01 1.525328993618891293e-01
1.437942266972425664e-01 7.618274388474718939e-02
1.645480326123085202e-01 4.209989364586715077e-02
1.853018385273744462e-01 2.183896215813379768e-02
2.042767467925776237e-01 1.131526334653156808e-02
2.217692403495617470e-01 5.868669732173883991e-03
2.309602115405195166e-01 4.074556713584001795e-03
2.333320750736699312e-01 3.700009640476946849e-03
2.469702903892846690e-01 2.086605108887637679e-03
2.585331251133928254e-01 1.252305333645980850e-03
2.721713404290075911e-01 6.654095375583158386e-04
2.869954875111975778e-01 3.221639708026379704e-04
2.979653563520181514e-01 1.834813318163024218e-04
3.041914981265379514e-01 1.319555885504720364e-04
3.130859863758518324e-01 8.133418559678085458e-05
3.199050940336592430e-01 5.553831673151133480e-05
3.240558552166724615e-01 4.383050792584356154e-05
3.353222069991368404e-01 2.265020849918902897e-05
3.456991099566698034e-01 1.204859115185254027e-05
3.528147005561209637e-01 7.713495936123765495e-06
3.655634670468043135e-01 3.375486349174906001e-06
3.735685064711868897e-01 1.972358523574780838e-06
3.851313411952951293e-01 8.846022576300144256e-07
3.961012100361156474e-01 4.016348067298102517e-07
4.002519712191288104e-01 2.956784577070204914e-07
4.002519712191288104e-01 2.956784577070204914e-07
3.987695565109098395e-01 3.300135730525994945e-07
3.845383753120075188e-01 9.224290546177014153e-07
3.688247794048861161e-01 2.716572017568954138e-06
3.468850417232449690e-01 1.119388346059346709e-05
3.287995822829732351e-01 3.329872731271015852e-05
3.110106057843452509e-01 9.118171833893128650e-05
2.884779022194166043e-01 2.989581033169075395e-04
2.653522327712001805e-01 9.166272132550113512e-04
2.445984268561342545e-01 2.310398402726421621e-03
2.182114450498361669e-01 6.733881527103607878e-03
1.894525997103876369e-01 1.900342309871601645e-02
1.541711296547755572e-01 5.707385787026122287e-02
1.351962213895724074e-01 9.566764831792788637e-02
1.351962213895724074e-01 9.566764831792788637e-02
1.277841478484774140e-01 1.154642006152676176e-01
1.218544890156014471e-01 1.334866309508769555e-01
1.301560113816278008e-01 1.088095184964528450e-01
1.446836755221739823e-01 7.436474473110443739e-02
1.586183737794325255e-01 5.019163986471971567e-02
1.918244632435380514e-01 1.753079239419731705e-02
2.134677179835353655e-01 8.063330029255416295e-03
2.339250409569575140e-01 3.611352357697954988e-03
2.274024162407939642e-01 4.700417305473164262e-03
2.324426262487385431e-01 3.836671249416379742e-03
2.161360644583295854e-01 7.289429460958960286e-03
2.024978491427148197e-01 1.206348531721915598e-02
1.938998438350446329e-01 1.632452782872499328e-02
1.787792138112108686e-01 2.702983232341875722e-02
1.716636232117596805e-01 3.386087390483003695e-02
1.503168514134061440e-01 6.365038430863736996e-02
1.363821531561476008e-01 9.276613727998542225e-02
1.212615231323138504e-01 1.354012621417588214e-01
1.067338589917676828e-01 1.891315875895746845e-01
9.517102426765951251e-02 2.419185580794080970e-01
7.945742836053816538e-02 3.289065401280076850e-01
7.412073541094978124e-02 3.625285898516916738e-01
8.568357013505793762e-02 2.922980591971183206e-01
9.457805838437192969e-02 2.448778534628600623e-01
1.028795807503982973e-01 2.057011360082986462e-01
1.005077172172479105e-01 2.164030994779916339e-01
9.694992191752231647e-02 2.331904780420603340e-01
8.479412131012654952e-02 2.973550534664020639e-01
7.649259894410016802e-02 3.473305851482736406e-01
7.975391130218197067e-02 3.270992764848893453e-01
7.589963306081257133e-02 3.510919355466789460e-01
7.530666717752497463e-02 3.548787408868433468e-01
7.560315011916877992e-02 3.529821582142212977e-01
7.115590599451178389e-02 3.820961561382232308e-01
4.773375360465165890e-02 5.579252225941291332e-01
4.743727066300786055e-02 5.603763285236014191e-01
4.239706065506327476e-02 6.028154322422107914e-01
4.476892418821366154e-02 5.826655575414094734e-01
2.994477710602371293e-02 7.132898626942123510e-01
8.598005307670174638e-03 9.159939626331864426e-01
1.126635178246436671e-02 8.900676414656445434e-01
2.342215238986013193e-02 7.738217178513379091e-01
4.951265125451445592e-02 5.433279985817213165e-01
7.293480364437458785e-02 3.702798501657540431e-01
1.040655125169735046e-01 2.004952656344090867e-01
1.268946990235460259e-01 1.180398538126406216e-01
1.506133343550499493e-01 6.312341774767342428e-02
1.592113396627201360e-01 4.932834708127908918e-02
1.876737020605248607e-01 2.017706377689836711e-02
2.164325473999733629e-01 7.207651281010764820e-03
2.360004215484640955e-01 3.315914858440541842e-03
2.431160121479152836e-01 2.461100706416683749e-03
2.422265633229839232e-01 2.555741895238401902e-03
2.357039386068203179e-01 3.356740420573041655e-03
2.185079279914799444e-01 6.657672771048573843e-03
1.992365367846330448e-01 1.354854962857872727e-02
1.870807361772372501e-01 2.058194957460514340e-02
1.716636232117596805e-01 3.386087390483003695e-02
1.538746467131317519e-01 5.755903576041646041e-02
1.215580060739576418e-01 1.344413376410750205e-01
9.843233662574131515e-02 2.260878733589901379e-01
7.560315011916877992e-02 3.529821582142212977e-01
5.751769067889703907e-02 4.800606726505796118e-01
3.528147005561209359e-02 6.650411922526084929e-01
2.490456709807913060e-02 7.599293179387031083e-01
1.601007884876515242e-02 8.442796520983791853e-01
1.778897649862794597e-02 8.272341186337420771e-01
1.512063002383375564e-02 8.528300929131141794e-01
1.689952767369655093e-02 8.357473386901990153e-01
1.897490826520314283e-02 8.159145165192873694e-01
2.371863533150393027e-02 7.710373360539325427e-01
2.579401592301052565e-02 7.516302176940485857e-01
3.913574829698147906e-02 6.310164521734746845e-01
4.803023654629545725e-02 5.554792916008994830e-01
5.840713950382842717e-02 4.732851096142309810e-01
6.819107657807380041e-02 4.022917372086682875e-01
7.560315011916877992e-02 3.529821582142212977e-01
7.589963306081257133e-02 3.510919355466789460e-01
7.589963306081257133e-02 3.510919355466789460e-01
7.560315011916877992e-02 3.529821582142212977e-01
6.759811069478620371e-02 4.064055859092239320e-01
5.929658832875982222e-02 4.665619685091459967e-01
5.010561713780205262e-02 5.385044362657284145e-01
4.595485595478886881e-02 5.727087255311262837e-01
4.447244124656987013e-02 5.851672042832731790e-01
5.484934420410284006e-02 5.006977743033890205e-01
6.611569598656720503e-02 4.167983588330201883e-01
6.996997422793659049e-02 3.900994064801895922e-01
7.975391130218197067e-02 3.270992764848893453e-01
9.309564367615293101e-02 2.523858250901062639e-01
1.052514442835486980e-01 1.953852772556970430e-01
1.185931766575196444e-01 1.442778897652365333e-01
1.159248301827254524e-01 1.535893021574786799e-01
1.185931766575196444e-01 1.442778897652365333e-01
1.150353813577940781e-01 1.567915539631364319e-01
9.606047309259091449e-02 2.375264813794352448e-01
8.864839955149593498e-02 2.758564741645784801e-01
8.212577483533235745e-02 3.128715399845397038e-01
7.471370129423737794e-02 3.586909702515078679e-01
6.433679833670441495e-02 4.294722720994228471e-01
6.137196892026642453e-02 4.510806584565586475e-01
5.425637832081523643e-02 5.053462048518314598e-01
4.832671948793926253e-02 5.530385568064644097e-01
3.824629947205008401e-02 6.388032218287085229e-01
3.587443593889969723e-02 6.597596845177695624e-01
4.447244124656987013e-02 5.851672042832731790e-01
5.425637832081523643e-02 5.053462048518314598e-01
5.455286126245904171e-02 5.030191806303059288e-01
6.196493480355402123e-02 4.467108895906160004e-01
6.522624716163581693e-02 4.231078096129455846e-01
6.967349128629278521e-02 3.921158714755809127e-01
8.538708719341416009e-02 2.939773304316840030e-01
9.102026308464633564e-02 2.631614996393735195e-01
9.665343897587852506e-02 2.346295940543654812e-01
9.724640485916610788e-02 2.317575706007100333e-01
8.983433131807114225e-02 2.694581987406205470e-01
1.034725466336858940e-01 2.030861741795710329e-01
1.058444101668363085e-01 1.928660274584493850e-01
9.635695603423471978e-02 2.360749260676175687e-01
9.457805838437192969e-02 2.448778534628600623e-01
9.517102426765951251e-02 2.419185580794080970e-01
8.598005307670174291e-02 2.906251790737882090e-01
8.064336012711337265e-02 3.217158712527454223e-01
6.996997422793659049e-02 3.900994064801895922e-01
6.522624716163581693e-02 4.231078096129455846e-01
6.789459363643000900e-02 4.043455626037896211e-01
6.611569598656720503e-02 4.167983588330201883e-01
6.463328127834820636e-02 4.273446895722357031e-01
6.374383245341681825e-02 4.337456682186658918e-01
5.900010538711602387e-02 4.687971665604988569e-01
4.387947536328227344e-02 5.901852624462056163e-01
3.468850417232450384e-02 6.703392096267499767e-01
2.371863533150393027e-02 7.710373360539325427e-01
1.838194238191554614e-02 8.215697200589215932e-01
9.487454132601571416e-03 9.073406465970995649e-01
-2.371863533150392854e-03 9.767866116195857984e-01
-1.897490826520314283e-02 8.159145165192873694e-01
-1.185931766575196514e-02 8.843210255678012333e-01
-1.067338589917677001e-02 8.958199811174174521e-01
-1.571359590712135407e-02 8.471278327644229389e-01
-1.363821531561476043e-02 8.671184675178263968e-01
-6.522624716163580999e-03 9.362216548281087070e-01
2.964829416437991067e-04 9.970979274004432291e-01
4.743727066300785708e-03 9.535926721610885615e-01
5.336692949588385006e-03 9.477995014573001864e-01
-8.598005307670174638e-03 9.159939626331864426e-01
-6.522624716163580999e-03 9.362216548281087070e-01
-1.482414708218995642e-03 9.854903971587298805e-01
-8.894488249313974287e-04 9.912939342373472407e-01
4.447244124656986493e-03 9.564901871408936218e-01
8.301522366026376290e-03 9.188806437371819236e-01
1.749249355698414762e-02 8.300696778096683381e-01
2.431160121479152697e-02 7.654773585553373838e-01
3.142719181424270813e-02 6.997631148740800500e-01
3.587443593889969723e-02 6.597596845177695624e-01
3.498498711396829525e-02 6.676881514184496158e-01
3.854278241369388930e-02 6.362031933163905251e-01
4.210057771341947641e-02 6.053558496593003380e-01
4.447244124656987013e-02 5.851672042832731790e-01
4.891968537122685229e-02 5.481727599670809248e-01
4.091464594684428302e-02 6.155646465962631986e-01
3.468850417232450384e-02 6.703392096267499767e-01
4.002519712191288104e-02 6.232700258990213626e-01
4.536189007150127211e-02 5.776771447487902833e-01
4.891968537122685229e-02 5.481727599670809248e-01
4.299002653835087145e-02 5.977489081697676676e-01
4.061816300520047773e-02 6.181285027002140220e-01
2.786939651451711755e-02 7.323773754862044072e-01
3.202015769753030483e-02 6.943784302114590634e-01
2.371863533150393027e-02 7.710373360539325427e-01
1.601007884876515242e-02 8.442796520983791853e-01
-4.447244124656986493e-03 9.564901871408936218e-01
-1.927139120684694465e-02 8.130904508085307070e-01
-3.053774298931130962e-02 7.078681665885183660e-01
-3.794981653040628566e-02 6.414076534179217193e-01
-4.506540712985746683e-02 5.801688633536490336e-01
-5.099506596273345460e-02 5.313091918063778119e-01
-4.773375360465165890e-02 5.579252225941291332e-01
-6.077900303697882090e-02 4.554742759807657304e-01
-6.967349128629278521e-02 3.921158714755809127e-01
-6.433679833670441495e-02 4.294722720994228471e-01
-5.900010538711602387e-02 4.687971665604988569e-01
-5.573879302903423510e-02 4.937674321715974646e-01
-5.307044655424004997e-02 5.147101333126655742e-01
-4.625133889643266022e-02 5.702320701024229388e-01
-4.565837301314506352e-02 5.751904245813735939e-01
-4.476892418821366154e-02 5.826655575414094734e-01
-3.943223123862528434e-02 6.284297924686068626e-01
-4.032168006355668632e-02 6.206969709910064026e-01
-3.943223123862528434e-02 6.284297924686068626e-01
-3.617091888054349558e-02 6.571251923062654265e-01
-3.528147005561209359e-02 6.650411922526084929e-01
-3.172367475588650648e-02 6.970688840883159099e-01
-2.875884533944851953e-02 7.241761344400822198e-01
-2.816587945616091937e-02 7.296402116268713156e-01
-3.142719181424270813e-02 6.997631148740800500e-01
-3.557795299725589194e-02 6.623983605342298464e-01
-3.172367475588650648e-02 6.970688840883159099e-01
-3.350257240574930351e-02 6.809838595647544901e-01
-3.261312358081790846e-02 6.890089730484230124e-01
-4.061816300520047773e-02 6.181285027002140220e-01
-4.387947536328227344e-02 5.901852624462056163e-01
-5.544231008739043676e-02 4.960718833131317895e-01
-6.255790068684162486e-02 4.423650702271484381e-01
-6.878404246136139710e-02 3.982027141488467814e-01
-6.908052540300518851e-02 3.961675330162681696e-01
-7.085942305286800635e-02 3.840875631652067579e-01
-6.908052540300518851e-02 3.961675330162681696e-01
-7.026645716958039578e-02 3.880891952998221095e-01
-7.145238893615558917e-02 3.801110307813641009e-01
-7.234183776108699115e-02 3.741934088273713988e-01
-7.441721835259358653e-02 3.606066084965107166e-01
-7.560315011916877992e-02 3.529821582142212977e-01
-7.412073541094978124e-02 3.625285898516916738e-01
-8.064336012711337265e-02 3.217158712527454223e-01
-8.716598484327695018e-02 2.839975271296167336e-01
-7.975391130218197067e-02 3.270992764848893453e-01
-5.900010538711602387e-02 4.687971665604988569e-01
-4.328650947999467674e-02 5.952228501484999601e-01
-3.290960652246169987e-02 6.863300293422641696e-01
-2.075380591506593986e-02 7.990068805269330277e-01
-1.126635178246436671e-02 8.900676414656445434e-01
-1.245228354903956530e-02 8.785804286038754185e-01
-1.482414708218995555e-02 8.556841003043771376e-01
-1.541711296547755572e-02 8.499779917054914868e-01
-1.334173237397096035e-02 8.699814620729005021e-01
-1.571359590712135407e-02 8.471278327644229389e-01
-1.393469825725855878e-02 8.642571976626228780e-01
-2.253270356492873341e-02 7.821920330317586600e-01
-3.409553828903690020e-02 6.756535088032568082e-01
-3.706036770547489062e-02 6.492470972426016562e-01
-2.846236239780471772e-02 7.269064540756902115e-01
-1.867842532355934448e-02 8.187409513033527819e-01
-3.350257240574930351e-02 6.809838595647544901e-01
-3.113070887259890979e-02 7.024610924282417290e-01
-3.617091888054349558e-02 6.571251923062654265e-01
-3.172367475588650648e-02 6.970688840883159099e-01
-3.053774298931130962e-02 7.078681665885183660e-01
-2.223622062328493507e-02 7.849877489446721590e-01
-1.008042001588917158e-02 9.015777484609692749e-01
1.363821531561476043e-02 8.671184675178263968e-01
3.854278241369388930e-02 6.362031933163905251e-01
6.522624716163581693e-02 4.231078096129455846e-01
9.309564367615293101e-02 2.523858250901062639e-01
1.177037278325882425e-01 1.473328564207764813e-01
1.393469825725855704e-01 8.581787909262807157e-02
1.618796861375143281e-01 4.559473783105775363e-02
1.823370091109364766e-01 2.408105534906180081e-02
1.894525997103876369e-01 1.900342309871601645e-02
1.995330197262767946e-01 1.340723163464072921e-02
2.096134397421659801e-01 9.309677236339622061e-03
2.279953821240815193e-01 4.590467107361976065e-03
2.306637285988757391e-01 4.123694553098176431e-03
2.250305527076435774e-01 5.164198797557321453e-03
2.300707627155881563e-01 4.223570304353793312e-03
2.309602115405195166e-01 4.074556713584001795e-03
2.318496603654509047e-01 3.930284128998563602e-03
2.146536497501105589e-01 7.710809574970618752e-03
2.075380591506593986e-01 1.004890263100250217e-02
1.930103950101132448e-01 1.683236081818493754e-02
1.669198961454589070e-01 3.918449905562213648e-02
1.497238855301185612e-01 6.471511146186322005e-02
1.354927043312162127e-01 9.493561264478336814e-02
1.177037278325882425e-01 1.473328564207764813e-01
1.013971660421793125e-01 2.123442977666193665e-01
8.953784837642732308e-02 2.710482346465626913e-01
7.945742836053816538e-02 3.289065401280076850e-01
6.374383245341681825e-02 4.337456682186658918e-01
6.048252009533502255e-02 4.576799956464069341e-01
5.692472479560943543e-02 4.846066389624522630e-01
3.765333358876248732e-02 6.440164612225398599e-01
2.668346474794192503e-03 9.738859070480740954e-01
-3.172367475588650648e-02 6.970688840883159099e-01
-6.700514481149860702e-02 4.105441911274851918e-01
-9.694992191752231647e-02 2.331904780420603340e-01
-1.105881372331370821e-01 1.735580107587945953e-01
-1.212615231323138504e-01 1.354012621417588214e-01
-1.325278749147782154e-01 1.024590207738609038e-01
-1.423118119890235678e-01 7.929235583337151949e-02
-1.473520219969681744e-01 6.912043905713827208e-02
-1.393469825725855704e-01 8.581787909262807157e-02
-1.363821531561476008e-01 9.276613727998542225e-02
-1.265982160819022484e-01 1.189082503548047343e-01
-1.096986884082056801e-01 1.770648480050676654e-01
-1.046584784002610874e-01 1.979283280303456294e-01
-9.131674602629012705e-02 2.616031639681944965e-01
-7.649259894410016802e-02 3.473305851482736406e-01
-5.455286126245904171e-02 5.030191806303059288e-01
-3.794981653040628566e-02 6.414076534179217193e-01
-1.778897649862794597e-02 8.272341186337420771e-01
-1.037690295753296993e-02 8.986982048648328725e-01
2.964829416437991284e-03 9.709855443841508560e-01
1.778897649862794597e-02 8.272341186337420771e-01
2.816587945616091937e-02 7.296402116268713156e-01
4.387947536328227344e-02 5.901852624462056163e-01
6.018603715369122420e-02 4.598916382854670859e-01
6.848755951971760569e-02 4.002441182705143152e-01
7.441721835259358653e-02 3.606066084965107166e-01
7.738204776903157001e-02 3.417363481679077664e-01
8.449763836848275811e-02 2.990535084792834697e-01
7.945742836053816538e-02 3.289065401280076850e-01
5.929658832875982222e-02 4.665619685091459967e-01
3.943223123862528434e-02 6.284297924686068626e-01
2.312566944821633011e-02 7.766089837084957370e-01
2.105028885670973821e-02 7.961977612492739942e-01
2.579401592301052565e-02 7.516302176940485857e-01
2.786939651451711755e-02 7.323773754862044072e-01
2.371863533150393027e-02 7.710373360539325427e-01
1.541711296547755572e-02 8.499779917054914868e-01
1.363821531561476043e-02 8.671184675178263968e-01
1.008042001588917158e-02 9.015777484609692749e-01
1.482414708218995555e-02 8.556841003043771376e-01
2.431160121479152697e-02 7.654773585553373838e-01
2.816587945616091937e-02 7.296402116268713156e-01
2.045732297342214151e-02 8.018185775483293032e-01
2.045732297342214151e-02 8.018185775483293032e-01
2.964829416437991111e-02 7.160061171722618134e-01
4.091464594684428302e-02 6.155646465962631986e-01
4.625133889643266022e-02 5.702320701024229388e-01
5.366341243752763973e-02 5.100170378774893098e-01
5.692472479560943543e-02 4.846066389624522630e-01
5.573879302903423510e-02 4.937674321715974646e-01
4.684430477972026385e-02 5.652939792471884939e-01
4.032168006355668632e-02 6.206969709910064026e-01
1.956787414849073953e-02 8.102687891826182431e-01
2.431160121479152697e-02 7.654773585553373838e-01
2.786939651451711755e-02 7.323773754862044072e-01
2.431160121479152697e-02 7.654773585553373838e-01
3.113070887259890979e-02 7.024610924282417290e-01
3.113070887259890979e-02 7.024610924282417290e-01
4.091464594684428302e-02 6.155646465962631986e-01
5.129154890437724601e-02 5.289215487719876041e-01
6.048252009533502255e-02 4.576799956464069341e-01
6.759811069478620371e-02 4.064055859092239320e-01
6.967349128629278521e-02 3.921158714755809127e-01
6.700514481149860702e-02 4.105441911274851918e-01
4.832671948793926253e-02 5.530385568064644097e-01
3.290960652246169987e-02 6.863300293422641696e-01
2.638698180629811887e-02 7.461131743107052294e-01
2.401511827314772862e-02 7.682558718230400041e-01
2.371863533150393027e-02 7.710373360539325427e-01
1.897490826520314283e-02 8.159145165192873694e-01
1.749249355698414762e-02 8.300696778096683381e-01
5.929658832875982569e-03 9.420090616967976560e-01
-5.040210007944585791e-03 9.506957643301321426e-01
-5.633175891232183354e-03 9.449039213268972670e-01
-1.778897649862794857e-03 9.825888946481970976e-01
1.067338589917677001e-02 8.958199811174174521e-01
1.185931766575196514e-02 8.843210255678012333e-01
2.609049886465432400e-02 7.488701052228343702e-01
3.350257240574930351e-02 6.809838595647544901e-01
2.401511827314772862e-02 7.682558718230400041e-01
1.630656179040895423e-02 8.414334856400400575e-01
2.312566944821633011e-02 7.766089837084957370e-01
1.749249355698414762e-02 8.300696778096683381e-01
1.008042001588917158e-02 9.015777484609692749e-01
1.778897649862794597e-02 8.272341186337420771e-01
4.506540712985746683e-02 5.801688633536490336e-01
6.700514481149860702e-02 4.105441911274851918e-01
8.746246778492075546e-02 2.823565692497751467e-01
9.694992191752231647e-02 2.331904780420603340e-01
9.783937074245370458e-02 2.289103510540752284e-01
8.627653601834554820e-02 2.889586880531052615e-01
8.953784837642732308e-02 2.710482346465626913e-01
9.161322896793393233e-02 2.600511546084796621e-01
9.042729720135872507e-02 2.662971688725088715e-01
7.708556482738777860e-02 3.435947177508160699e-01
5.900010538711602387e-02 4.687971665604988569e-01
4.091464594684428302e-02 6.155646465962631986e-01
1.867842532355934448e-02 8.187409513033527819e-01
5.929658832875982569e-03 9.420090616967976560e-01
5.929658832875982569e-03 9.420090616967976560e-01
-2.964829416437991067e-04 9.970979274004432291e-01
-1.452766414054615894e-02 8.585399777232740615e-01
-1.927139120684694465e-02 8.130904508085307070e-01
-1.660304473205275258e-02 8.385893692449536418e-01
-1.719601061534034928e-02 8.329074296730538673e-01
-1.927139120684694465e-02 8.130904508085307070e-01
-2.253270356492873341e-02 7.821920330317586600e-01
-2.253270356492873341e-02 7.821920330317586600e-01
-1.986435709013454134e-02 8.074495665615314399e-01
-1.482414708218995555e-02 8.556841003043771376e-01
-1.185931766575196514e-02 8.843210255678012333e-01
-8.005039424382576208e-03 9.217683837331315244e-01
-8.598005307670174638e-03 9.159939626331864426e-01
-1.719601061534034928e-02 8.329074296730538673e-01
-2.609049886465432400e-02 7.488701052228343702e-01
-4.180409477177567806e-02 6.079010046257529165e-01
-4.476892418821366154e-02 5.826655575414094734e-01
-1.601007884876515242e-02 8.442796520983791853e-01
1.749249355698414762e-02 8.300696778096683381e-01
4.150761183013187972e-02 6.104508724027611910e-01
3.824629947205008401e-02 6.388032218287085229e-01
3.172367475588650648e-02 6.970688840883159099e-01
1.778897649862794597e-02 8.272341186337420771e-01
1.185931766575196427e-03 9.883920896866599248e-01
5.633175891232183354e-03 9.449039213268972670e-01
-5.929658832875982135e-04 9.941958928102592186e-01
-1.126635178246436671e-02 8.900676414656445434e-01
-2.668346474794192069e-02 7.433594574316628734e-01
-3.083422593095511144e-02 7.051627864718528205e-01
-2.757291357287331920e-02 7.351179139191905687e-01
-2.549753298136672730e-02 7.543934791309931942e-01
-1.334173237397096035e-02 8.699814620729005021e-01
9.783937074245369764e-03 9.044585747676215925e-01
2.075380591506593986e-02 7.990068805269330277e-01
3.439202123068069855e-02 6.729943383228373932e-01
4.091464594684428302e-02 6.155646465962631986e-01
3.972871418026908269e-02 6.258476416905683903e-01
4.269354359670708005e-02 6.002797769451055920e-01
5.069858302108965625e-02 5.337022337307312236e-01
5.484934420410284006e-02 5.006977743033890205e-01
4.862320242958305394e-02 5.506030392940450824e-01
5.425637832081523643e-02 5.053462048518314598e-01
6.819107657807380041e-02 4.022917372086682875e-01
8.983433131807114225e-02 2.694581987406205470e-01
1.025830978087544920e-01 2.070176621451680632e-01
1.091057225249180834e-01 1.794315995123113017e-01
9.932178545067270325e-02 2.219004069689727299e-01
8.123632601040095547e-02 3.181589335362122739e-01
6.077900303697882090e-02 4.554742759807657304e-01
4.239706065506327476e-02 6.028154322422107914e-01
3.024126004766751127e-02 7.105772022253978859e-01
2.312566944821633011e-02 7.766089837084957370e-01
2.312566944821633011e-02 7.766089837084957370e-01
2.490456709807913060e-02 7.599293179387031083e-01
2.757291357287331920e-02 7.351179139191905687e-01
2.727643063122952086e-02 7.378617950653341140e-01
2.905532828109231788e-02 7.214492841993171979e-01
3.735685064711868897e-02 6.466296182230275580e-01
4.210057771341947641e-02 6.053558496593003380e-01
4.980913419615826121e-02 5.409135574273699065e-01
6.077900303697882090e-02 4.554742759807657304e-01
6.552273010327960834e-02 4.209985332258585622e-01
7.145238893615558917e-02 3.801110307813641009e-01
7.056294011122418719e-02 3.860852451760948822e-01
6.670866186985480173e-02 4.126227550094826446e-01
5.840713950382842717e-02 4.732851096142309810e-01
4.506540712985746683e-02 5.801688633536490336e-01
3.083422593095511144e-02 7.051627864718528205e-01
2.994477710602371293e-02 7.132898626942123510e-01
2.223622062328493507e-02 7.849877489446721590e-01
2.638698180629811887e-02 7.461131743107052294e-01
3.350257240574930351e-02 6.809838595647544901e-01
3.587443593889969723e-02 6.597596845177695624e-01
3.676388476383109227e-02 6.518688709480365828e-01
2.490456709807913060e-02 7.599293179387031083e-01
-1.126635178246436671e-02 8.900676414656445434e-01
-4.061816300520047773e-02 6.181285027002140220e-01
-5.514582714574663841e-02 4.983820029128035456e-01
-7.589963306081257133e-02 3.510919355466789460e-01
-9.072378014300254423e-02 2.647261663980006730e-01
-9.487454132601572110e-02 2.433950768851260715e-01
-9.961826839231652242e-02 2.205168850087819155e-01
-9.546750720930331779e-02 2.404482904223856909e-01
-8.390467248519514754e-02 3.024696123114706259e-01
-7.234183776108699115e-02 3.741934088273713988e-01
-5.811065656218463576e-02 4.755378256161361117e-01
-5.188451478766484964e-02 5.241625362563739898e-01
-5.307044655424004997e-02 5.147101333126655742e-01
-5.751769067889703907e-02 4.800606726505796118e-01
-6.404031539506060966e-02 4.316059353132889465e-01
-5.573879302903423510e-02 4.937674321715974646e-01
-5.662824185396563709e-02 4.868882533534031332e-01
-5.455286126245904171e-02 5.030191806303059288e-01
-5.277396361259623775e-02 5.170649848479640376e-01
-5.129154890437724601e-02 5.289215487719876041e-01
-4.002519712191288104e-02 6.232700258990213626e-01
-1.215580060739576349e-02 8.814499563060378406e-01
7.412073541094977777e-03 9.275468905428219113e-01
2.193973768164113672e-02 7.877862138133687742e-01
2.846236239780471772e-02 7.269064540756902115e-01
4.417595830492607872e-02 5.876737803767448920e-01
4.980913419615826121e-02 5.409135574273699065e-01
4.447244124656987013e-02 5.851672042832731790e-01
4.091464594684428302e-02 6.155646465962631986e-01
3.972871418026908269e-02 6.258476416905683903e-01
3.587443593889969723e-02 6.597596845177695624e-01
4.150761183013187972e-02 6.104508724027611910e-01
5.900010538711602387e-02 4.687971665604988569e-01
6.730162775314239842e-02 4.084717983909711414e-01
6.492976421999201164e-02 4.252231985377508128e-01
5.425637832081523643e-02 5.053462048518314598e-01
4.891968537122685229e-02 5.481727599670809248e-01
4.565837301314506352e-02 5.751904245813735939e-01
4.803023654629545725e-02 5.554792916008994830e-01
4.891968537122685229e-02 5.481727599670809248e-01
3.350257240574930351e-02 6.809838595647544901e-01
2.105028885670973821e-02 7.961977612492739942e-01
1.215580060739576349e-02 8.814499563060378406e-01
2.964829416437991284e-03 9.709855443841508560e-01
-6.226141774519782651e-03 9.391149602969872667e-01
-2.223622062328493507e-02 7.849877489446721590e-01
-4.476892418821366154e-02 5.826655575414094734e-01
-4.210057771341947641e-02 6.053558496593003380e-01
-5.573879302903423510e-02 4.937674321715974646e-01
-5.129154890437724601e-02 5.289215487719876041e-01
-4.536189007150127211e-02 5.776771447487902833e-01
-4.210057771341947641e-02 6.053558496593003380e-01
-3.379905534739310186e-02 6.783166922166690149e-01
-2.816587945616091937e-02 7.296402116268713156e-01
-2.075380591506593986e-02 7.990068805269330277e-01
-1.630656179040895423e-02 8.414334856400400575e-01
-5.633175891232183354e-03 9.449039213268972670e-01
-5.633175891232183354e-03 9.449039213268972670e-01
-2.371863533150392854e-03 9.767866116195857984e-01
2.075380591506594073e-03 9.796876201423365682e-01
5.633175891232183354e-03 9.449039213268972670e-01
5.633175891232183354e-03 9.449039213268972670e-01
7.115590599451179429e-03 9.304375823302792892e-01
-8.894488249313974287e-04 9.912939342373472407e-01
-1.363821531561476043e-02 8.671184675178263968e-01
-2.342215238986013193e-02 7.738217178513379091e-01
-3.972871418026908269e-02 6.258476416905683903e-01
-5.040210007944585097e-02 5.361006550949052318e-01
-6.433679833670441495e-02 4.294722720994228471e-01
-7.263832070273078256e-02 3.722334733269203610e-01
-7.323128658601839314e-02 3.683325449275859365e-01
-7.589963306081257133e-02 3.510919355466789460e-01
-7.827149659396295811e-02 3.361995299905439216e-01
-7.441721835259358653e-02 3.606066084965107166e-01
-6.789459363643000900e-02 4.043455626037896211e-01
-6.077900303697882090e-02 4.554742759807657304e-01
-5.544231008739043676e-02 4.960718833131317895e-01
-3.913574829698147906e-02 6.310164521734746845e-01
-2.786939651451711755e-02 7.323773754862044072e-01
-9.783937074245369764e-03 9.044585747676215925e-01
1.096986884082056836e-02 8.929431143060262421e-01
2.609049886465432400e-02 7.488701052228343702e-01
2.075380591506593986e-02 7.990068805269330277e-01
1.185931766575196514e-02 8.843210255678012333e-01
9.487454132601571416e-03 9.073406465970995649e-01
1.897490826520314283e-02 8.159145165192873694e-01
1.986435709013454134e-02 8.074495665615314399e-01
1.749249355698414762e-02 8.300696778096683381e-01
1.571359590712135407e-02 8.471278327644229389e-01
1.867842532355934448e-02 8.187409513033527819e-01
2.401511827314772862e-02 7.682558718230400041e-01
-2.075380591506594073e-03 9.796876201423365682e-01
8.894488249313972986e-03 9.131083778348803026e-01
-2.964829416437991067e-04 9.970979274004432291e-01
0.000000000000000000e+00 1.000000000000000000e+00
-1.630656179040895423e-02 8.414334856400400575e-01
-1.867842532355934448e-02 8.187409513033527819e-01
-1.334173237397096035e-02 8.699814620729005021e-01
-5.929658832875982569e-03 9.420090616967976560e-01
-2.371863533150392854e-03 9.767866116195857984e-01
4.743727066300785708e-03 9.535926721610885615e-01
1.393469825725855878e-02 8.642571976626228780e-01
2.697994768958572598e-02 7.406089869392304958e-01
3.854278241369388930e-02 6.362031933163905251e-01
4.951265125451445592e-02 5.433279985817213165e-01
6.196493480355402123e-02 4.467108895906160004e-01
7.352776952766218455e-02 3.663915630135512469e-01
8.420115542683895282e-02 3.007583610275597064e-01
8.775895072656454687e-02 2.807219880476723439e-01
9.872881956738512044e-02 2.246858927483212642e-01
1.037690295753296993e-01 2.017877183511448125e-01
1.144424154745064676e-01 1.589540643170408718e-01
1.248193184320394444e-01 1.242231377330656611e-01
1.316384260898467995e-01 1.048053514544350084e-01
1.304524943232716339e-01 1.079992455479340946e-01
1.414223631640921797e-01 8.120664873599278688e-02
1.461660902303929810e-01 7.141286804581721548e-02
1.529851978882003360e-01 5.903497525911618332e-02
1.672163790871027123e-01 3.883230358571816004e-02
1.627691349624457162e-01 4.440383373123823335e-02
1.538746467131317519e-01 5.755903576041646041e-02
1.357891872728600180e-01 9.420802694357188756e-02
1.174072448909444649e-01 1.483619832413657080e-01
1.011006831005355072e-01 2.136911374789931539e-01
8.924136543478354555e-02 2.726446232915749057e-01
7.945742836053816538e-02 3.289065401280076850e-01
7.263832070273078256e-02 3.722334733269203610e-01
6.522624716163581693e-02 4.231078096129455846e-01
6.255790068684162486e-02 4.423650702271484381e-01
5.069858302108965625e-02 5.337022337307312236e-01
3.972871418026908269e-02 6.258476416905683903e-01
2.520105003972292548e-02 7.571598568220951897e-01
1.749249355698414762e-02 8.300696778096683381e-01
9.487454132601571416e-03 9.073406465970995649e-01
1.245228354903956530e-02 8.785804286038754185e-01
9.190971190957773068e-03 9.102239267136499334e-01
2.964829416437991284e-03 9.709855443841508560e-01
-3.261312358081790500e-03 9.680855615709162976e-01
