-5.870362244547223246e-02 4.710382183974096693e-01
-6.107548597862261924e-02 4.532744925576422945e-01
-4.921616831287065758e-02 5.457477395487861926e-01
-4.210057771341947641e-02 6.053558496593003380e-01
-3.854278241369388930e-02 6.362031933163905251e-01
-3.231664063917410318e-02 6.916917832445974579e-01
-2.401511827314772862e-02 7.682558718230400041e-01
-1.126635178246436671e-02 8.900676414656445434e-01
2.668346474794192503e-03 9.738859070480740954e-01
1.482414708218995555e-02 8.556841003043771376e-01
3.053774298931130962e-02 7.078681665885183660e-01
3.379905534739310186e-02 6.783166922166690149e-01
4.061816300520047773e-02 6.181285027002140220e-01
3.794981653040628566e-02 6.414076534179217193e-01
4.891968537122685229e-02 5.481727599670809248e-01
5.307044655424004997e-02 5.147101333126655742e-01
5.218099772930864799e-02 5.217912047571033884e-01
4.417595830492607872e-02 5.876737803767448920e-01
4.684430477972026385e-02 5.652939792471884939e-01
4.536189007150127211e-02 5.776771447487902833e-01
4.358299242163847509e-02 5.927016269434939311e-01
4.417595830492607872e-02 5.876737803767448920e-01
5.069858302108965625e-02 5.337022337307312236e-01
5.633175891232183874e-02 4.891756009938119654e-01
6.433679833670441495e-02 4.294722720994228471e-01
8.005039424382576208e-02 3.252984096087256916e-01
1.022866148671107006e-01 2.083402316650732056e-01
1.182966937158758669e-01 1.452908242710748976e-01
1.328243578564220206e-01 1.016861715867894561e-01
1.402364313975169863e-01 8.381661705058560119e-02
1.429047778723111783e-01 7.803646573595542091e-02
1.390504996309417929e-01 8.649339833351722684e-02
1.399399484558731810e-01 8.447950564542275331e-02
1.372716019810789889e-01 9.063625106108481877e-02
1.265982160819022484e-01 1.189082503548047343e-01
1.159248301827254524e-01 1.535893021574786799e-01
9.872881956738512044e-02 2.246858927483212642e-01
8.301522366026375943e-02 3.076417681216608302e-01
6.700514481149860702e-02 4.105441911274851918e-01
6.018603715369122420e-02 4.598916382854670859e-01
5.722120773725323378e-02 4.823307735484855252e-01
5.395989537917145196e-02 5.076788297393297622e-01
5.218099772930864799e-02 5.217912047571033884e-01
5.307044655424004997e-02 5.147101333126655742e-01
4.565837301314506352e-02 5.751904245813735939e-01
3.854278241369388930e-02 6.362031933163905251e-01
3.706036770547489062e-02 6.492470972426016562e-01
2.875884533944851953e-02 7.241761344400822198e-01
2.312566944821633011e-02 7.766089837084957370e-01
1.689952767369655093e-02 8.357473386901990153e-01
1.423118119890235886e-02 8.613976889420622562e-01
7.412073541094977777e-03 9.275468905428219113e-01
1.571359590712135407e-02 8.471278327644229389e-01
2.371863533150393027e-02 7.710373360539325427e-01
3.024126004766751127e-02 7.105772022253978859e-01
3.409553828903690020e-02 6.756535088032568082e-01
3.765333358876248732e-02 6.440164612225398599e-01
4.032168006355668632e-02 6.206969709910064026e-01
4.476892418821366154e-02 5.826655575414094734e-01
4.387947536328227344e-02 5.901852624462056163e-01
5.158803184602105130e-02 5.265393238943145704e-01
5.781417362054082354e-02 4.777963516192144100e-01
5.692472479560943543e-02 4.846066389624522630e-01
6.196493480355402123e-02 4.467108895906160004e-01
6.730162775314239842e-02 4.084717983909711414e-01
5.988955421204742585e-02 4.621091904392963245e-01
6.967349128629278521e-02 3.921158714755809127e-01
7.560315011916877992e-02 3.529821582142212977e-01
6.611569598656720503e-02 4.167983588330201883e-01
7.678908188574397331e-02 3.454594644319870511e-01
8.064336012711337265e-02 3.217158712527454223e-01
9.072378014300254423e-02 2.647261663980006730e-01
1.061408931084800999e-01 1.916153006288567051e-01
1.150353813577940781e-01 1.567915539631364319e-01
1.096986884082056801e-01 1.770648480050676654e-01
1.150353813577940781e-01 1.567915539631364319e-01
1.209650401906700451e-01 1.363664197559419922e-01
1.295630454983402458e-01 1.104443401142776171e-01
1.340102896229972140e-01 9.864063092679130340e-02
1.316384260898467995e-01 1.048053514544350084e-01
1.292665625566964127e-01 1.112689219191441703e-01
1.295630454983402458e-01 1.104443401142776171e-01
1.251158013736832497e-01 1.233248014461288400e-01
1.117740689997122755e-01 1.689625097633102035e-01
9.220619485122152903e-02 2.569660949863233901e-01
7.945742836053816538e-02 3.289065401280076850e-01
5.425637832081523643e-02 5.053462048518314598e-01
3.972871418026908269e-02 6.258476416905683903e-01
2.490456709807913060e-02 7.599293179387031083e-01
1.274876649068336365e-02 8.757124792136103952e-01
3.557795299725589715e-03 9.651859965367522998e-01
-3.261312358081790500e-03 9.680855615709162976e-01
-5.633175891232183354e-03 9.449039213268972670e-01
-8.005039424382576208e-03 9.217683837331315244e-01
-1.452766414054615894e-02 8.585399777232740615e-01
-1.660304473205275258e-02 8.385893692449536418e-01
-2.164325473999733837e-02 7.905873935986582612e-01
-2.846236239780471772e-02 7.269064540756902115e-01
-2.727643063122952086e-02 7.378617950653341140e-01
-1.749249355698414762e-02 8.300696778096683381e-01
-8.301522366026376290e-03 9.188806437371819236e-01
-3.557795299725589715e-03 9.651859965367522998e-01
6.522624716163580999e-03 9.362216548281087070e-01
8.598005307670174638e-03 9.159939626331864426e-01
1.215580060739576349e-02 8.814499563060378406e-01
1.393469825725855878e-02 8.642571976626228780e-01
1.601007884876515242e-02 8.442796520983791853e-01
2.105028885670973821e-02 7.961977612492739942e-01
1.867842532355934448e-02 8.187409513033527819e-01
1.363821531561476043e-02 8.671184675178263968e-01
1.660304473205275258e-02 8.385893692449536418e-01
2.312566944821633011e-02 7.766089837084957370e-01
1.660304473205275258e-02 8.385893692449536418e-01
1.571359590712135407e-02 8.471278327644229389e-01
2.549753298136672730e-02 7.543934791309931942e-01
3.409553828903690020e-02 6.756535088032568082e-01
4.269354359670708005e-02 6.002797769451055920e-01
6.077900303697882090e-02 4.554742759807657304e-01
7.738204776903157001e-02 3.417363481679077664e-01
1.159248301827254524e-01 1.535893021574786799e-01
1.603972714292953294e-01 4.763874143315074278e-02
2.016084003177834039e-01 1.245362161149022977e-02
2.558647786385986334e-01 1.411799870022155271e-03
3.071563275429758932e-01 1.124909782894707694e-04
3.631916035136538712e-01 3.947153474781091095e-06
4.109253571183055787e-01 1.319405312487593320e-07
4.577696618980258703e-01 2.693720605379407260e-09
4.903827854788437302e-01 1.240402233816833377e-10
5.135084549270602094e-01 1.139274436966397003e-11
5.318903973089756931e-01 1.495956098977733595e-12
5.431567490914400720e-01 4.051821495436046372e-13
5.473075102744532350e-01 2.473323074432965231e-13
5.479004761577408456e-01 2.303643664427148731e-13
5.490864079243159557e-01 1.997568868111831362e-13
5.594633108818489742e-01 5.600268802447476618e-14
5.621316573566431662e-01 4.009313464022134796e-14
5.532371691073292297e-01 1.207461495461398358e-13
5.550160667571920614e-01 9.710618674875275026e-14
5.612422085317118059e-01 4.483259462148716670e-14
5.754733897306141266e-01 7.202898696867650078e-15
5.897045709295165583e-01 1.057097814235764728e-15
6.054181668366378499e-01 1.135423676580803887e-16
6.199458309771839204e-01 1.289929385987556362e-17
6.318051486429359098e-01 2.005855523549997504e-18
6.398101880673184860e-01 5.453994780006457964e-19
6.371418415925242940e-01 8.454498423979838184e-19
6.368453586508805442e-01 8.874124987965417053e-19
6.306192168763607997e-01 2.424899489836236316e-18
6.309156998180045495e-01 2.312748906554243472e-18
6.350664610010178235e-01 1.185422585107101026e-18
6.495941251415638940e-01 1.052918269323201651e-19
6.667901357569041565e-01 5.028905123176009053e-21
6.833931804889569195e-01 2.188618548948212839e-22
6.958454640379966305e-01 1.813549151749428093e-23
7.192676164278566375e-01 1.166138697051360781e-25
7.385390076347035926e-01 1.227922559078110493e-27
7.604787453163448507e-01 4.113394026253496189e-30
7.824184829979858868e-01 7.214476778802631324e-33
8.076195330377088366e-01 1.856774462476821669e-36
8.265944413029120419e-01 1.571710188147890897e-39
8.387502419103076701e-01 1.058177663278614976e-41
8.452728666264713864e-01 6.073691414378443297e-43
8.491271448678407996e-01 1.053897690872763597e-43
8.491271448678407996e-01 1.053897690872763597e-43
8.485341789845531890e-01 1.384193843926978964e-43
8.470517642763341071e-01 2.722633229912516322e-43
8.452728666264713864e-01 6.073691414378443297e-43
8.434939689766086657e-01 1.341384412190008332e-42
8.414185883851019732e-01 3.339026970507397472e-42
8.420115542683895837e-01 2.576567727824937160e-42
8.396396907352392525e-01 7.221023433075877835e-42
8.345994807272945071e-01 6.108374144828308732e-41
8.351924466105821176e-01 4.769330946357168173e-41
8.340065148440070075e-01 7.815722993827691891e-41
8.337100319023632577e-01 8.837565015838491840e-41
8.307452024859252049e-01 2.980236354545719621e-40
8.292627877777061229e-01 5.424804227368953688e-40
8.277803730694871520e-01 9.818051619016763006e-40
8.262979583612681811e-01 1.766919544801537271e-39
8.242225777697615996e-01 3.985176504288462116e-39
8.206647824700359362e-01 1.567895705319445809e-38
8.176999530535979943e-01 4.798114632950067051e-38
8.102878795125030287e-01 7.206862959928391452e-37
8.031722889130519238e-01 8.703570692328433351e-36
7.922024200722312948e-01 3.340468679986975728e-34
7.779712388733288631e-01 2.767904965788429404e-32
7.607752282579886005e-01 3.792662649406457283e-30
7.400214223429225635e-01 8.508086008173530663e-28
7.080012646453922587e-01 1.406175911528475528e-24
6.727197945897801512e-01 1.680430869398061118e-21
6.315086657012921600e-01 2.103446504320205163e-18
5.873327073963661160e-01 1.465038301248919604e-15
5.398954367333581583e-01 5.943351114573454777e-13
4.820812631128174042e-01 2.800785388028930387e-10
4.293072995002211178e-01 3.072914091913171843e-08
3.711966429380365584e-01 2.316215053946899639e-06
3.258347528665352377e-01 3.955963665802421798e-05
2.754326527870893937e-01 5.692184465790319165e-04
2.351109727235327074e-01 3.439753684488643104e-03
1.965681903098388250e-01 1.488015798153693656e-02
1.678093449703902951e-01 3.813589642066621960e-02
1.449801584638177876e-01 7.376660306741103512e-02
1.280806307901212193e-01 1.146154408126618257e-01
1.147388984161502451e-01 1.578700323126399907e-01
9.635695603423471978e-02 2.360749260676175687e-01
8.953784837642732308e-02 2.710482346465626913e-01
7.916094541889436009e-02 3.307201990489159193e-01
7.471370129423737794e-02 3.586909702515078679e-01
6.581921304492339975e-02 4.188953796157086629e-01
5.425637832081523643e-02 5.053462048518314598e-01
4.951265125451445592e-02 5.433279985817213165e-01
5.484934420410284006e-02 5.006977743033890205e-01
6.522624716163581693e-02 4.231078096129455846e-01
8.805543366820833828e-02 2.790937805667092486e-01
1.165177960660130768e-01 1.514819803124435593e-01
1.411258802224483744e-01 8.185293732960102764e-02
1.529851978882003360e-01 5.903497525911618332e-02
1.672163790871027123e-01 3.883230358571816004e-02
1.947892926599760488e-01 1.583007492885302528e-02
2.321461433070947100e-01 3.883224014314878500e-03
2.724678233706513963e-01 6.560832029249127808e-04
3.228699234500972404e-01 4.691433805596056966e-05
3.697142282298175320e-01 2.559290979849361223e-06
4.058851471103609998e-01 1.938150366245702955e-07
4.450208954073425205e-01 8.239635953663485579e-09
4.948300296035006984e-01 7.945750222887859609e-11
5.348552267254136350e-01 1.065790123740327839e-12
5.799206338552711504e-01 3.994016655959852793e-15
6.229106603936219733e-01 8.160612268540887631e-18
6.611569598656720226e-01 1.392333793275987921e-20
6.878404246136139433e-01 9.122125487041656959e-23
7.204535481944318587e-01 8.909497053447107121e-26
7.444686664675795873e-01 2.787633752663871274e-28
7.634435747327827926e-01 1.816848969412719511e-30
7.764888241651100032e-01 4.303358445768704488e-32
7.883481418308618816e-01 1.142617778188666985e-33
8.010969083215453423e-01 1.765884722722161678e-35
8.088054648042840578e-01 1.221474239011586047e-36
8.144386406955161917e-01 1.604343041012078662e-37
8.203682995283921864e-01 1.755070827033605152e-38
8.260014754196244313e-01 1.985933691951829199e-39
8.289663048360623732e-01 6.110972324229015962e-40
8.322276171941441758e-01 1.627727741271480060e-40
8.340065148440070075e-01 7.815722993827691891e-41
8.348959636689383679e-01 5.398148332465608108e-41
8.351924466105821176e-01 4.769330946357168173e-41
8.351924466105821176e-01 4.769330946357168173e-41
8.360818954355135890e-01 3.284372054884026522e-41
8.354889295522258674e-01 4.212725733336241618e-41
8.348959636689383679e-01 5.398148332465608108e-41
8.331170660190755362e-01 1.129132240778062744e-40
8.295592707193499837e-01 4.814577052004530710e-40
8.224436801198988789e-01 7.934923323366263306e-39
8.150316065788038022e-01 1.290489909697338320e-37
8.049511865629146445e-01 4.714074344020612004e-36
7.942778006637379873e-01 1.704171505118077864e-34
7.815290341730545265e-01 9.464281321104975055e-33
7.711521312155215080e-01 2.050148448409792521e-31
7.598857794330571291e-01 4.836813158473246953e-30
7.468405300007300296e-01 1.522873081412529186e-28
7.323128658601838481e-01 5.581858180715227993e-27
7.130414746533370041e-01 4.685263620678363025e-25
6.902122881467643856e-01 5.683216856471933079e-23
6.656042039903289353e-01 6.242808618790647291e-21
6.421820516004689283e-01 3.680587518212124652e-19
6.187598992106088103e-01 1.547086236734083654e-17
5.882221562212974764e-01 1.296684252422111447e-15
5.553125496988358112e-01 9.363133451596858674e-14
5.182521819933609830e-01 6.825452019495637806e-12
4.832671948793926253e-01 2.496473438733509228e-10
4.562872471898068438e-01 3.074981819838385768e-09
4.257495042004955099e-01 4.102005816001240975e-08
3.937293465029652606e-01 4.775604701112640844e-07
3.685282964632423108e-01 2.771009159355088601e-06
3.332468264076302034e-01 2.562906932217481264e-05
3.080457763679072536e-01 1.071965016934879904e-04
2.846236239780471355e-01 3.627900221557480353e-04
2.606085057048994624e-01 1.139836337591340707e-03
2.368898703733955113e-01 3.196110516084556871e-03
2.176184791665485563e-01 6.888631574024877205e-03
2.042767467925776237e-01 1.131526334653156808e-02
1.820405261692926713e-01 2.431576597323259828e-02
1.704776914451845149e-01 3.513079941763114222e-02
1.675128620287465453e-01 3.848277445482773534e-02
1.701812085035407096e-01 3.545449648875535070e-02
1.758143843947728713e-01 2.971779462889076462e-02
1.829299749942240594e-01 2.361746367681631653e-02
1.953822585432636316e-01 1.550773018701297190e-02
2.060556444424403999e-01 1.060814390952599488e-02
2.152466156333981695e-01 7.539731343929273986e-03
2.279953821240815193e-01 4.590467107361976065e-03
2.428195292062714783e-01 2.492289024260426963e-03
2.463773245059970585e-01 2.140627348198600143e-03
2.603120227632556016e-01 1.155316190216649922e-03
2.644627839462688201e-01 9.551493219886567380e-04
2.549753298136672730e-01 1.468951834562175250e-03
2.478597392142160849e-01 2.007890475572415238e-03
2.327391091903823206e-01 3.790621074895889064e-03
2.288848309490129351e-01 4.429862876378911837e-03
2.211762744662741642e-01 6.005596054279806542e-03
2.229551721161369404e-01 5.603146471153197007e-03
2.345180068402451246e-01 3.524612444548208025e-03
2.294777968323004902e-01 4.325612878569840523e-03
2.274024162407939642e-01 4.700417305473164262e-03
2.306637285988757391e-01 4.123694553098176431e-03
2.333320750736699312e-01 3.700009640476946849e-03
2.377793191983268994e-01 3.080225403577102530e-03
2.431160121479152836e-01 2.461100706416683749e-03
2.416335974396963127e-01 2.620653892408813645e-03
2.431160121479152836e-01 2.461100706416683749e-03
2.398546997898335087e-01 2.824441081769894692e-03
2.401511827314772862e-01 2.789511697719098803e-03
2.428195292062714783e-01 2.492289024260426963e-03
2.585331251133928254e-01 1.252305333645980850e-03
2.736537551372266175e-01 6.199686034003031769e-04
2.772115504369521699e-01 5.223230076899087072e-04
2.742467210205141726e-01 6.026063990205195306e-04
2.703924427791448148e-01 7.239781301504622521e-04
2.706889257207886201e-01 7.138985847313168882e-04
2.686135451292820386e-01 7.872548321360679866e-04
2.677240963043506228e-01 8.207636303968243296e-04
2.804728627950339725e-01 4.454848152424109651e-04
2.923321804607859620e-01 2.456767188653728382e-04
2.982618392936619567e-01 1.806539300400205759e-04
3.139754352007833038e-01 7.742635121424858873e-05
3.296890311079046509e-01 3.161033064441964402e-05
3.462920758399574139e-01 1.161380973652698265e-05
3.697142282298175320e-01 2.559290979849361223e-06
3.875032047284454606e-01 7.475684247127228144e-07
4.046992153437858342e-01 2.119756909347070832e-07
4.097394253517304130e-01 1.445179759632687766e-07
4.046992153437858342e-01 2.119756909347070832e-07
4.183374306594005998e-01 7.408687843043514571e-08
4.408701342243293575e-01 1.174188944188526110e-08
4.681465648555587777e-01 1.047479131406010625e-09
4.820812631128174042e-01 2.800785388028930387e-10
4.883074048873371487e-01 1.523639616363351915e-10
4.814882972295297936e-01 2.966092758018322302e-10
4.725938089802158570e-01 6.919941177836473616e-10
4.616239401393952280e-01 1.903652532846244567e-09
4.450208954073425205e-01 8.239635953663485579e-09
4.358299242163847786e-01 1.793833256604735767e-08
4.278248847920020914e-01 3.467330231151884499e-08
4.144831524180311866e-01 1.001905209747274847e-07
4.002519712191288104e-01 2.956784577070204914e-07
3.898750682615957919e-01 6.309273636237113497e-07
3.774227847125563029e-01 1.514917860114437203e-06
3.661564329300919240e-01 3.245373913816923476e-06
3.540006323226961293e-01 7.153396752191597220e-06
3.442166952484508324e-01 1.320379803868466222e-05
3.299855140495484007e-01 3.106566225294183839e-05
3.222769575668096298e-01 4.853154828816625235e-05
3.148648840257146642e-01 7.369480433458044228e-05
3.003372198851685382e-01 1.619692824599663124e-04
2.929251463440735725e-01 2.383098182033187621e-04
2.834376922114720254e-01 3.848355160640451597e-04
2.718748574873637858e-01 6.748577674507334496e-04
2.594225739383242413e-01 1.202917082042406684e-03
2.484527050975036955e-01 1.956923205570067648e-03
2.392617339065459259e-01 2.895488495037660485e-03
2.274024162407939642e-01 4.700417305473164262e-03
2.131712350418915880e-01 8.153661996131249950e-03
1.989400538429892396e-01 1.369116879402998942e-02
1.876737020605248607e-01 2.017706377689836711e-02
1.796686626361422845e-01 2.626511458016447115e-02
1.675128620287465453e-01 3.848277445482773534e-02
1.598043055460077466e-01 4.847742420566811261e-02
1.538746467131317519e-01 5.755903576041646041e-02
1.455731243471053704e-01 7.258200360994415679e-02
1.328243578564220206e-01 1.016861715867894561e-01
1.295630454983402458e-01 1.104443401142776171e-01
1.174072448909444649e-01 1.483619832413657080e-01
1.177037278325882425e-01 1.473328564207764813e-01
1.011006831005355072e-01 2.136911374789931539e-01
8.716598484327695018e-02 2.839975271296167336e-01
7.263832070273078256e-02 3.722334733269203610e-01
6.937700834464900768e-02 3.941385828586921880e-01
5.307044655424004997e-02 5.147101333126655742e-01
4.684430477972026385e-02 5.652939792471884939e-01
4.002519712191288104e-02 6.232700258990213626e-01
3.617091888054349558e-02 6.571251923062654265e-01
4.061816300520047773e-02 6.181285027002140220e-01
4.387947536328227344e-02 5.901852624462056163e-01
4.061816300520047773e-02 6.181285027002140220e-01
4.625133889643266022e-02 5.702320701024229388e-01
5.040210007944585097e-02 5.361006550949052318e-01
5.425637832081523643e-02 5.053462048518314598e-01
5.366341243752763973e-02 5.100170378774893098e-01
5.662824185396563709e-02 4.868882533534031332e-01
6.967349128629278521e-02 3.921158714755809127e-01
7.560315011916877992e-02 3.529821582142212977e-01
7.412073541094978124e-02 3.625285898516916738e-01
6.611569598656720503e-02 4.167983588330201883e-01
6.641217892821101032e-02 4.147074807397599372e-01
6.759811069478620371e-02 4.064055859092239320e-01
7.115590599451178389e-02 3.820961561382232308e-01
7.263832070273078256e-02 3.722334733269203610e-01
6.819107657807380041e-02 4.022917372086682875e-01
5.129154890437724601e-02 5.289215487719876041e-01
4.476892418821366154e-02 5.826655575414094734e-01
4.417595830492607872e-02 5.876737803767448920e-01
3.735685064711868897e-02 6.466296182230275580e-01
3.854278241369388930e-02 6.362031933163905251e-01
2.964829416437991111e-02 7.160061171722618134e-01
2.253270356492873341e-02 7.821920330317586600e-01
3.172367475588650648e-02 6.970688840883159099e-01
4.625133889643266022e-02 5.702320701024229388e-01
5.158803184602105130e-02 5.265393238943145704e-01
5.455286126245904171e-02 5.030191806303059288e-01
5.247748067095245328e-02 5.194253481110322479e-01
6.522624716163581693e-02 4.231078096129455846e-01
8.301522366026375943e-02 3.076417681216608302e-01
9.368860955944052771e-02 2.493637939966689143e-01
9.872881956738512044e-02 2.246858927483212642e-01
1.147388984161502451e-01 1.578700323126399907e-01
1.067338589917676828e-01 1.891315875895746845e-01
9.131674602629012705e-02 2.616031639681944965e-01
7.026645716958039578e-02 3.880891952998221095e-01
4.417595830492607872e-02 5.876737803767448920e-01
3.617091888054349558e-02 6.571251923062654265e-01
3.172367475588650648e-02 6.970688840883159099e-01
3.913574829698147906e-02 6.310164521734746845e-01
3.557795299725589194e-02 6.623983605342298464e-01
2.579401592301052565e-02 7.516302176940485857e-01
2.638698180629811887e-02 7.461131743107052294e-01
3.587443593889969723e-02 6.597596845177695624e-01
4.180409477177567806e-02 6.079010046257529165e-01
5.514582714574663841e-02 4.983820029128035456e-01
7.293480364437458785e-02 3.702798501657540431e-01
7.916094541889436009e-02 3.307201990489159193e-01
9.517102426765951251e-02 2.419185580794080970e-01
1.233369037238204458e-01 1.287908251484515543e-01
1.357891872728600180e-01 9.420802694357188756e-02
1.384575337476542101e-01 8.785718776847366296e-02
1.369751190394352114e-01 9.134184281666862804e-02
1.500203684717623664e-01 6.418094321298527249e-02
1.440907096388863717e-01 7.557279793156508607e-02
1.319349090314906048e-01 1.040185939091089334e-01
1.200755913657386431e-01 1.392934434435438018e-01
1.091057225249180834e-01 1.794315995123113017e-01
9.724640485916610788e-02 2.317575706007100333e-01
8.479412131012654952e-02 2.973550534664020639e-01
7.382425246930598983e-02 3.644569096425660515e-01
6.878404246136139710e-02 3.982027141488467814e-01
5.988955421204742585e-02 4.621091904392963245e-01
5.010561713780205262e-02 5.385044362657284145e-01
3.557795299725589194e-02 6.623983605342298464e-01
2.253270356492873341e-02 7.821920330317586600e-01
-3.261312358081790500e-03 9.680855615709162976e-01
-8.005039424382576208e-03 9.217683837331315244e-01
-2.816587945616091937e-02 7.296402116268713156e-01
-4.091464594684428302e-02 6.155646465962631986e-01
-4.476892418821366154e-02 5.826655575414094734e-01
-4.358299242163847509e-02 5.927016269434939311e-01
-3.883926535533768765e-02 6.336075945836285861e-01
-3.794981653040628566e-02 6.414076534179217193e-01
-2.609049886465432400e-02 7.488701052228343702e-01
0.000000000000000000e+00 1.000000000000000000e+00
2.075380591506593986e-02 7.990068805269330277e-01
4.328650947999467674e-02 5.952228501484999601e-01
6.107548597862261924e-02 4.532744925576422945e-01
7.767853071067537529e-02 3.398843585695746627e-01
8.775895072656454687e-02 2.807219880476723439e-01
7.827149659396295811e-02 3.361995299905439216e-01
6.937700834464900768e-02 3.941385828586921880e-01
6.552273010327960834e-02 4.209985332258585622e-01
8.568357013505793762e-02 2.922980591971183206e-01
9.279916073450913960e-02 2.539062796430360813e-01
1.011006831005355072e-01 2.136911374789931539e-01
9.961826839231652242e-02 2.205168850087819155e-01
9.517102426765951251e-02 2.419185580794080970e-01
9.932178545067270325e-02 2.219004069689727299e-01
9.309564367615293101e-02 2.523858250901062639e-01
8.005039424382576208e-02 3.252984096087256916e-01
5.484934420410284006e-02 5.006977743033890205e-01
3.794981653040628566e-02 6.414076534179217193e-01
1.808545944027174779e-02 8.244007875952082953e-01
-1.897490826520314283e-02 8.159145165192873694e-01
-4.743727066300786055e-02 5.603763285236014191e-01
-4.951265125451445592e-02 5.433279985817213165e-01
-3.113070887259890979e-02 7.024610924282417290e-01
-2.520105003972292548e-02 7.571598568220951897e-01
-1.838194238191554614e-02 8.215697200589215932e-01
-2.520105003972292548e-02 7.571598568220951897e-01
-3.735685064711868897e-02 6.466296182230275580e-01
-4.506540712985746683e-02 5.801688633536490336e-01
-4.595485595478886881e-02 5.727087255311262837e-01
-4.891968537122685229e-02 5.481727599670809248e-01
-3.794981653040628566e-02 6.414076534179217193e-01
-2.282918650657253176e-02 7.793991000097524324e-01
-2.846236239780471772e-02 7.269064540756902115e-01
-3.587443593889969723e-02 6.597596845177695624e-01
-4.714078772136406220e-02 5.628325879478939253e-01
-4.506540712985746683e-02 5.801688633536490336e-01
-4.328650947999467674e-02 5.952228501484999601e-01
-4.891968537122685229e-02 5.481727599670809248e-01
-5.573879302903423510e-02 4.937674321715974646e-01
-5.099506596273345460e-02 5.313091918063778119e-01
-5.010561713780205262e-02 5.385044362657284145e-01
-4.625133889643266022e-02 5.702320701024229388e-01
-4.002519712191288104e-02 6.232700258990213626e-01
-3.676388476383109227e-02 6.518688709480365828e-01
-2.253270356492873341e-02 7.821920330317586600e-01
3.557795299725589715e-03 9.651859965367522998e-01
3.202015769753030483e-02 6.943784302114590634e-01
5.099506596273345460e-02 5.313091918063778119e-01
6.255790068684162486e-02 4.423650702271484381e-01
6.967349128629278521e-02 3.921158714755809127e-01
8.271874071861996802e-02 3.093786230691373818e-01
7.678908188574397331e-02 3.454594644319870511e-01
8.182929189368856604e-02 3.146276022038722586e-01
8.953784837642732308e-02 2.710482346465626913e-01
9.902530250902891185e-02 2.232900733959704287e-01
1.150353813577940781e-01 1.567915539631364319e-01
1.289700796150526074e-01 1.120983064239347154e-01
1.381610508060103770e-01 8.854549230586079844e-02
1.411258802224483744e-01 8.185293732960102764e-02
1.553570614213507506e-01 5.516670975686254613e-02
1.461660902303929810e-01 7.141286804581721548e-02
1.346032555062847968e-01 9.714513765565888082e-02
1.304524943232716339e-01 1.079992455479340946e-01
1.197791084240948517e-01 1.402796853807732336e-01
1.123670348829998722e-01 1.666989359378410751e-01
1.123670348829998722e-01 1.666989359378410751e-01
1.085127566416304729e-01 1.818215535488938439e-01
9.961826839231652242e-02 2.205168850087819155e-01
8.835191660985215745e-02 2.774719436947004070e-01
6.759811069478620371e-02 4.064055859092239320e-01
6.107548597862261924e-02 4.532744925576422945e-01
5.722120773725323378e-02 4.823307735484855252e-01
5.158803184602105130e-02 5.265393238943145704e-01
4.061816300520047773e-02 6.181285027002140220e-01
4.506540712985746683e-02 5.801688633536490336e-01
4.980913419615826121e-02 5.409135574273699065e-01
5.247748067095245328e-02 5.194253481110322479e-01
5.603527597067804039e-02 4.914686659678587644e-01
5.514582714574663841e-02 4.983820029128035456e-01
5.692472479560943543e-02 4.846066389624522630e-01
5.633175891232183874e-02 4.891756009938119654e-01
4.743727066300786055e-02 5.603763285236014191e-01
5.366341243752763973e-02 5.100170378774893098e-01
5.455286126245904171e-02 5.030191806303059288e-01
8.864839955149593498e-02 2.758564741645784801e-01
1.123670348829998722e-01 1.666989359378410751e-01
1.405329143391607916e-01 8.315790427254622641e-02
1.479449878802557850e-01 6.799687121706082804e-02
1.467590561136805638e-01 7.025905895644209143e-02
1.265982160819022484e-01 1.189082503548047343e-01
1.147388984161502451e-01 1.578700323126399907e-01
9.250267779286532044e-02 2.554330344410288833e-01
6.018603715369122420e-02 4.598916382854670859e-01
3.765333358876248732e-02 6.440164612225398599e-01
-9.487454132601571416e-03 9.073406465970995649e-01
-3.053774298931130962e-02 7.078681665885183660e-01
-3.350257240574930351e-02 6.809838595647544901e-01
-5.218099772930864799e-02 5.217912047571033884e-01
-6.492976421999201164e-02 4.252231985377508128e-01
-8.538708719341416009e-02 2.939773304316840030e-01
-1.067338589917676828e-01 1.891315875895746845e-01
-1.197791084240948517e-01 1.402796853807732336e-01
-1.381610508060103770e-01 8.854549230586079844e-02
-1.609902373125829400e-01 4.681216947830028202e-02
-1.891561167687438594e-01 1.919482601172656233e-02
-1.944928097183322158e-01 1.599342380925915241e-02
-1.956787414849074092e-01 1.534871318902557465e-02
-1.799651455777860898e-01 2.601435669290800418e-02
-1.580254078961449427e-01 5.106743286649655794e-02
-1.443871925805301770e-01 7.496680395050853152e-02
-1.340102896229972140e-01 9.864063092679130340e-02
-1.286735966734088299e-01 1.129325101135463943e-01
-1.206685572490262398e-01 1.373368257292598982e-01
-1.141459325328626762e-01 1.600436637293107256e-01
-1.013971660421793125e-01 2.123442977666193665e-01
-1.082162736999866814e-01 1.830252617176621188e-01
-1.079197907583429039e-01 1.842348065684406011e-01
-1.013971660421793125e-01 2.123442977666193665e-01
-9.190971190957773762e-02 2.585054666374553278e-01
-8.568357013505793762e-02 2.922980591971183206e-01
-7.471370129423737794e-02 3.586909702515078679e-01
-6.226141774519781957e-02 4.445349800368063597e-01
-5.662824185396563709e-02 4.868882533534031332e-01
-5.870362244547223246e-02 4.710382183974096693e-01
-6.433679833670441495e-02 4.294722720994228471e-01
-6.641217892821101032e-02 4.147074807397599372e-01
-6.018603715369122420e-02 4.598916382854670859e-01
-6.581921304492339975e-02 4.188953796157086629e-01
-7.085942305286800635e-02 3.840875631652067579e-01
-6.463328127834820636e-02 4.273446895722357031e-01
-5.751769067889703907e-02 4.800606726505796118e-01
-3.883926535533768765e-02 6.336075945836285861e-01
-1.986435709013454134e-02 8.074495665615314399e-01
-4.743727066300785708e-03 9.535926721610885615e-01
1.719601061534034928e-02 8.329074296730538673e-01
2.223622062328493507e-02 7.849877489446721590e-01
3.468850417232450384e-02 6.703392096267499767e-01
5.040210007944585097e-02 5.361006550949052318e-01
5.336692949588384138e-02 5.123608116645708144e-01
5.929658832875982222e-02 4.665619685091459967e-01
7.649259894410016802e-02 3.473305851482736406e-01
8.420115542683895282e-02 3.007583610275597064e-01
6.581921304492339975e-02 4.188953796157086629e-01
6.048252009533502255e-02 4.576799956464069341e-01
3.646740182218729392e-02 6.544949118504775898e-01
2.549753298136672730e-02 7.543934791309931942e-01
1.185931766575196514e-02 8.843210255678012333e-01
-9.190971190957773068e-03 9.102239267136499334e-01
-2.935181122273611623e-02 7.187259347034499202e-01
-3.824629947205008401e-02 6.388032218287085229e-01
-4.032168006355668632e-02 6.206969709910064026e-01
-3.854278241369388930e-02 6.362031933163905251e-01
-3.735685064711868897e-02 6.466296182230275580e-01
-1.334173237397096035e-02 8.699814620729005021e-01
5.929658832875982135e-04 9.941958928102592186e-01
7.412073541094977777e-03 9.275468905428219113e-01
1.008042001588917158e-02 9.015777484609692749e-01
1.185931766575196514e-02 8.843210255678012333e-01
1.571359590712135407e-02 8.471278327644229389e-01
2.253270356492873341e-02 7.821920330317586600e-01
1.927139120684694465e-02 8.130904508085307070e-01
5.336692949588385006e-03 9.477995014573001864e-01
-6.819107657807380214e-03 9.333291829600072198e-01
-8.005039424382576208e-03 9.217683837331315244e-01
3.261312358081790500e-03 9.680855615709162976e-01
2.520105003972292548e-02 7.571598568220951897e-01
4.417595830492607872e-02 5.876737803767448920e-01
3.350257240574930351e-02 6.809838595647544901e-01
1.660304473205275258e-02 8.385893692449536418e-01
1.185931766575196427e-03 9.883920896866599248e-01
-4.150761183013188145e-03 9.593882714367604203e-01
-3.261312358081790500e-03 9.680855615709162976e-01
-9.783937074245369764e-03 9.044585747676215925e-01
-2.075380591506593986e-02 7.990068805269330277e-01
-2.045732297342214151e-02 8.018185775483293032e-01
-1.719601061534034928e-02 8.329074296730538673e-01
-1.749249355698414762e-02 8.300696778096683381e-01
-2.846236239780471772e-02 7.269064540756902115e-01
-3.676388476383109227e-02 6.518688709480365828e-01
-3.172367475588650648e-02 6.970688840883159099e-01
-2.786939651451711755e-02 7.323773754862044072e-01
-1.393469825725855878e-02 8.642571976626228780e-01
-1.482414708218995642e-03 9.854903971587298805e-01
5.929658832875982135e-04 9.941958928102592186e-01
3.557795299725589715e-03 9.651859965367522998e-01
7.412073541094977777e-03 9.275468905428219113e-01
1.393469825725855878e-02 8.642571976626228780e-01
2.016084003177834316e-02 8.046328177724200170e-01
2.609049886465432400e-02 7.488701052228343702e-01
3.854278241369388930e-02 6.362031933163905251e-01
4.417595830492607872e-02 5.876737803767448920e-01
5.514582714574663841e-02 4.983820029128035456e-01
6.315086657012922156e-02 4.380432981770336909e-01
6.552273010327960834e-02 4.209985332258585622e-01
7.501018423588118322e-02 3.567816796104619215e-01
8.005039424382576208e-02 3.252984096087256916e-01
8.390467248519514754e-02 3.024696123114706259e-01
8.598005307670174291e-02 2.906251790737882090e-01
1.108846201747808735e-01 1.724005591890398759e-01
1.337138066813534087e-01 9.939517144462328702e-02
1.592113396627201360e-01 4.932834708127908918e-02
1.790756967528546462e-01 2.677283904234578973e-02
1.864877702939496396e-01 2.099383012836529561e-02
1.891561167687438594e-01 1.919482601172656233e-02
1.938998438350446329e-01 1.632452782872499328e-02
1.811510773443612554e-01 2.503171156256107574e-02
1.731460379199787070e-01 3.232830922607189683e-02
1.695882426202530990e-01 3.610945298436168960e-02
1.583218908377887202e-01 5.062796567452904073e-02
1.541711296547755572e-01 5.707385787026122287e-02
1.538746467131317519e-01 5.755903576041646041e-02
1.529851978882003360e-01 5.903497525911618332e-02
1.426082949306673731e-01 7.866239174997337325e-02
1.301560113816278008e-01 1.088095184964528450e-01
1.120705519413560808e-01 1.678278855850593998e-01
1.150353813577940781e-01 1.567915539631364319e-01
1.138494495912188709e-01 1.611388442240062058e-01
1.129600007662874689e-01 1.644580077525825412e-01
1.099951713498494715e-01 1.758901426415079849e-01
1.265982160819022484e-01 1.189082503548047343e-01
1.375680849227227942e-01 8.993500680968086192e-02
1.399399484558731810e-01 8.447950564542275331e-02
1.562465102462821664e-01 5.377112358093449895e-02
1.571359590712135545e-01 5.240484653993458808e-02
1.595078226043639413e-01 4.890134752980502403e-02
1.603972714292953294e-01 4.763874143315074278e-02
1.553570614213507506e-01 5.516670975686254613e-02
1.571359590712135545e-01 5.240484653993458808e-02
1.621761690791581056e-01 4.519484355562229660e-02
1.595078226043639413e-01 4.890134752980502403e-02
1.420153290473797902e-01 7.992637520990411582e-02
1.242263525487518477e-01 1.260349640212920785e-01
9.783937074245370458e-02 2.289103510540752284e-01
7.560315011916877992e-02 3.529821582142212977e-01
5.722120773725323378e-02 4.823307735484855252e-01
8.005039424382576208e-03 9.217683837331315244e-01
-2.075380591506593986e-02 7.990068805269330277e-01
-5.218099772930864799e-02 5.217912047571033884e-01
-9.635695603423471978e-02 2.360749260676175687e-01
-1.150353813577940781e-01 1.567915539631364319e-01
-1.301560113816278008e-01 1.088095184964528450e-01
-1.331208407980657982e-01 1.009179248801595208e-01
-1.535781637714879466e-01 5.804760344190897786e-02
-1.764073502780604819e-01 2.916270626679106498e-02
-1.755179014531290937e-01 2.999869526645567580e-02
-1.817440432276488660e-01 2.455243692887887352e-02
-1.817440432276488660e-01 2.455243692887887352e-02
-1.885631508854562488e-01 1.958264134134853757e-02
-1.870807361772372501e-01 2.058194957460514340e-02
-1.882666679438124158e-01 1.977907712914557872e-02
-1.710706573284720977e-01 3.449089357278881107e-02
-1.503168514134061440e-01 6.365038430863736996e-02
-1.310454602065592167e-01 1.063928922966449753e-01
-1.177037278325882425e-01 1.473328564207764813e-01
-8.924136543478354555e-02 2.726446232915749057e-01
-7.975391130218197067e-02 3.270992764848893453e-01
-6.611569598656720503e-02 4.167983588330201883e-01
-5.840713950382842717e-02 4.732851096142309810e-01
-5.247748067095245328e-02 5.194253481110322479e-01
-4.447244124656987013e-02 5.851672042832731790e-01
-4.743727066300786055e-02 5.603763285236014191e-01
-5.099506596273345460e-02 5.313091918063778119e-01
-4.773375360465165890e-02 5.579252225941291332e-01
-4.239706065506327476e-02 6.028154322422107914e-01
-4.061816300520047773e-02 6.181285027002140220e-01
-3.854278241369388930e-02 6.362031933163905251e-01
-3.765333358876248732e-02 6.440164612225398599e-01
-2.786939651451711755e-02 7.323773754862044072e-01
-3.854278241369388930e-03 9.622868871938534685e-01
2.371863533150393027e-02 7.710373360539325427e-01
4.358299242163847509e-02 5.927016269434939311e-01
5.781417362054082354e-02 4.777963516192144100e-01
5.722120773725323378e-02 4.823307735484855252e-01
4.565837301314506352e-02 5.751904245813735939e-01
3.706036770547489062e-02 6.492470972426016562e-01
2.905532828109231788e-02 7.214492841993171979e-01
3.202015769753030483e-02 6.943784302114590634e-01
1.452766414054615894e-02 8.585399777232740615e-01
1.749249355698414762e-02 8.300696778096683381e-01
1.304524943232716200e-02 8.728461448268055589e-01
2.964829416437991067e-04 9.970979274004432291e-01
-5.929658832875982569e-03 9.420090616967976560e-01
-2.371863533150392854e-03 9.767866116195857984e-01
2.964829416437991284e-03 9.709855443841508560e-01
-1.452766414054615894e-02 8.585399777232740615e-01
-5.455286126245904171e-02 5.030191806303059288e-01
-8.301522366026375943e-02 3.076417681216608302e-01
-1.067338589917676828e-01 1.891315875895746845e-01
-1.022866148671107006e-01 2.083402316650732056e-01
-9.843233662574131515e-02 2.260878733589901379e-01
-9.694992191752231647e-02 2.331904780420603340e-01
-9.428157544272812440e-02 2.463668942986090571e-01
-8.153280895204477463e-02 3.163900668191798604e-01
-7.560315011916877992e-02 3.529821582142212977e-01
-6.908052540300518851e-02 3.961675330162681696e-01
-6.107548597862261924e-02 4.532744925576422945e-01
-6.107548597862261924e-02 4.532744925576422945e-01
-5.751769067889703907e-02 4.800606726505796118e-01
-5.692472479560943543e-02 4.846066389624522630e-01
-5.099506596273345460e-02 5.313091918063778119e-01
-6.018603715369122420e-02 4.598916382854670859e-01
-5.425637832081523643e-02 5.053462048518314598e-01
-4.980913419615826121e-02 5.409135574273699065e-01
-5.633175891232183874e-02 4.891756009938119654e-01
-4.862320242958305394e-02 5.506030392940450824e-01
-4.684430477972026385e-02 5.652939792471884939e-01
-5.040210007944585097e-02 5.361006550949052318e-01
-5.751769067889703907e-02 4.800606726505796118e-01
-5.455286126245904171e-02 5.030191806303059288e-01
-5.988955421204742585e-02 4.621091904392963245e-01
-5.514582714574663841e-02 4.983820029128035456e-01
-5.277396361259623775e-02 5.170649848479640376e-01
-3.794981653040628566e-02 6.414076534179217193e-01
-1.689952767369655093e-02 8.357473386901990153e-01
5.633175891232183354e-03 9.449039213268972670e-01
2.490456709807913060e-02 7.599293179387031083e-01
4.299002653835087145e-02 5.977489081697676676e-01
6.522624716163581693e-02 4.231078096129455846e-01
8.835191660985215745e-02 2.774719436947004070e-01
1.188896595991634497e-01 1.432703234095544509e-01
1.488344367051871731e-01 6.633944252596912783e-02
1.778897649862794805e-01 2.781349766129305456e-02
2.036837809092899854e-01 1.156000798932923720e-02
2.327391091903823206e-01 3.790621074895889064e-03
2.567542274635301047e-01 1.356684450246814803e-03
2.825482433865406096e-01 4.021759841660685775e-04
3.035985322432502853e-01 1.362076327260290469e-04
3.276136505163980694e-01 3.568209921069107597e-05
3.519252517311895478e-01 8.160544443818946618e-06
3.780157505958439135e-01 1.454213052184471391e-06
4.011414200440602262e-01 2.767457724028760298e-07
4.239706065506327892e-01 4.733464523657088513e-08
4.417595830492607734e-01 1.088798773219737735e-08
4.613274571977514782e-01 1.955471680679409044e-09
4.788199507547356570e-01 3.834153181549195075e-10
4.957194784284321698e-01 7.262976415616320003e-11
5.063928643276089936e-01 2.421045768747268132e-11
5.194381137599360931e-01 5.997465310916758143e-12
5.304079826007567222e-01 1.770135638479209052e-12
5.354481926087012456e-01 9.955192450947244095e-13
5.464180614495217636e-01 2.750841383207583917e-13
5.511617885158226482e-01 1.554406738402096572e-13
5.535336520489729795e-01 1.164504433315339045e-13
5.576844132319862535e-01 6.986351934935664038e-14
5.612422085317118059e-01 4.483259462148716670e-14
5.603527597067803345e-01 5.011564399090148071e-14
5.594633108818489742e-01 5.600268802447476618e-14
5.603527597067803345e-01 5.011564399090148071e-14
5.600562767651365847e-01 5.200771766641638770e-14
5.582773791152737530e-01 6.490827212934475785e-14
5.562019985237671715e-01 8.391703578970726567e-14
5.520512373407540085e-01 1.395233233943923692e-13
5.449356467413027927e-01 3.281997596802336521e-13
5.422673002665087116e-01 4.499920666447817876e-13
5.333728120171946641e-01 1.263207163596786365e-12
5.253677725928120879e-01 3.117918137766211038e-12
5.155838355185666799e-01 9.113993944835728754e-12
5.046139666777461619e-01 2.915222956746331452e-11
4.918652001870627566e-01 1.070028223597153150e-10
4.785234678130918518e-01 3.944550899858636352e-10
4.619204230810390333e-01 1.853159029463656359e-09
4.370158559829598888e-01 1.624600900074547328e-08
4.183374306594005998e-01 7.408687843043514571e-08
3.937293465029652606e-01 4.775604701112640844e-07
3.646740182218729531e-01 3.579976487741241888e-06
3.293925481662608457e-01 3.216397226408539367e-05
3.077492934262635038e-01 1.089349017618286585e-04
2.783974822035273911e-01 4.930683481490838243e-04
2.463773245059970585e-01 2.140627348198600143e-03
2.220657232912055246e-01 5.801256941935437061e-03
2.010154344344958210e-01 1.271981796208631645e-02
1.761108673364166766e-01 2.943913627031042451e-02
1.547640955380631400e-01 5.611360452277151800e-02
1.423118119890235678e-01 7.929235583337151949e-02
1.274876649068336365e-01 1.163178451872034641e-01
1.194826254824510464e-01 1.412712360678542722e-01
1.200755913657386431e-01 1.392934434435438018e-01
1.174072448909444649e-01 1.483619832413657080e-01
1.182966937158758669e-01 1.452908242710748976e-01
1.248193184320394444e-01 1.242231377330656611e-01
1.334173237397096035e-01 1.001542637938631075e-01
1.434977437555987889e-01 7.679665902440360736e-02
1.512063002383375598e-01 6.208019373546608266e-02
1.684023108536779056e-01 3.745003288273548309e-02
1.817440432276488660e-01 2.455243692887887352e-02
1.921209461851818290e-01 1.735386713444437082e-02
2.105028885670973959e-01 9.007859477972484513e-03
2.300707627155881563e-01 4.223570304353793312e-03
2.537893980470920519e-01 1.548438024100770929e-03
2.632768521796935990e-01 1.008822095502017249e-03
2.872919704528413831e-01 3.173933561921034969e-04
3.024126004766751197e-01 1.450977573563348288e-04
3.163472987339336906e-01 6.784738174154155137e-05
