-4.595485595478886881e-02 5.727087255311262837e-01
-4.743727066300786055e-02 5.603763285236014191e-01
-4.743727066300786055e-02 5.603763285236014191e-01
-4.565837301314506352e-02 5.751904245813735939e-01
-4.091464594684428302e-02 6.155646465962631986e-01
-3.735685064711868897e-02 6.466296182230275580e-01
-3.498498711396829525e-02 6.676881514184496158e-01
-3.113070887259890979e-02 7.024610924282417290e-01
-3.083422593095511144e-02 7.051627864718528205e-01
-3.083422593095511144e-02 7.051627864718528205e-01
-3.083422593095511144e-02 7.051627864718528205e-01
-3.142719181424270813e-02 6.997631148740800500e-01
-3.083422593095511144e-02 7.051627864718528205e-01
-2.846236239780471772e-02 7.269064540756902115e-01
-2.193973768164113672e-02 7.877862138133687742e-01
-2.223622062328493507e-02 7.849877489446721590e-01
-2.223622062328493507e-02 7.849877489446721590e-01
-2.016084003177834316e-02 8.046328177724200170e-01
-2.401511827314772862e-02 7.682558718230400041e-01
-2.727643063122952086e-02 7.378617950653341140e-01
-2.342215238986013193e-02 7.738217178513379091e-01
-2.401511827314772862e-02 7.682558718230400041e-01
-3.024126004766751127e-02 7.105772022253978859e-01
-2.757291357287331920e-02 7.351179139191905687e-01
-2.638698180629811887e-02 7.461131743107052294e-01
-2.431160121479152697e-02 7.654773585553373838e-01
-2.520105003972292548e-02 7.571598568220951897e-01
-2.105028885670973821e-02 7.961977612492739942e-01
-1.956787414849073953e-02 8.102687891826182431e-01
-1.956787414849073953e-02 8.102687891826182431e-01
-1.541711296547755572e-02 8.499779917054914868e-01
-1.719601061534034928e-02 8.329074296730538673e-01
-1.393469825725855878e-02 8.642571976626228780e-01
-1.067338589917677001e-02 8.958199811174174521e-01
-1.067338589917677001e-02 8.958199811174174521e-01
-7.412073541094977777e-03 9.275468905428219113e-01
-2.075380591506594073e-03 9.796876201423365682e-01
-3.557795299725589715e-03 9.651859965367522998e-01
-4.447244124656986493e-03 9.564901871408936218e-01
-2.371863533150392854e-03 9.767866116195857984e-01
-2.668346474794192503e-03 9.738859070480740954e-01
4.150761183013188145e-03 9.593882714367604203e-01
3.854278241369388930e-03 9.622868871938534685e-01
4.150761183013188145e-03 9.593882714367604203e-01
6.522624716163580999e-03 9.362216548281087070e-01
1.215580060739576349e-02 8.814499563060378406e-01
1.689952767369655093e-02 8.357473386901990153e-01
1.986435709013454134e-02 8.074495665615314399e-01
2.253270356492873341e-02 7.821920330317586600e-01
2.312566944821633011e-02 7.766089837084957370e-01
2.164325473999733837e-02 7.905873935986582612e-01
2.549753298136672730e-02 7.543934791309931942e-01
3.320608946410550516e-02 6.836549817031285503e-01
3.498498711396829525e-02 6.676881514184496158e-01
4.032168006355668632e-02 6.206969709910064026e-01
4.180409477177567806e-02 6.079010046257529165e-01
4.506540712985746683e-02 5.801688633536490336e-01
4.595485595478886881e-02 5.727087255311262837e-01
4.684430477972026385e-02 5.652939792471884939e-01
4.536189007150127211e-02 5.776771447487902833e-01
3.883926535533768765e-02 6.336075945836285861e-01
3.706036770547489062e-02 6.492470972426016562e-01
3.706036770547489062e-02 6.492470972426016562e-01
4.091464594684428302e-02 6.155646465962631986e-01
3.824629947205008401e-02 6.388032218287085229e-01
4.032168006355668632e-02 6.206969709910064026e-01
4.358299242163847509e-02 5.927016269434939311e-01
4.269354359670708005e-02 6.002797769451055920e-01
3.883926535533768765e-02 6.336075945836285861e-01
3.824629947205008401e-02 6.388032218287085229e-01
3.794981653040628566e-02 6.414076534179217193e-01
3.587443593889969723e-02 6.597596845177695624e-01
2.994477710602371293e-02 7.132898626942123510e-01
2.816587945616091937e-02 7.296402116268713156e-01
2.875884533944851953e-02 7.241761344400822198e-01
2.875884533944851953e-02 7.241761344400822198e-01
2.905532828109231788e-02 7.214492841993171979e-01
2.816587945616091937e-02 7.296402116268713156e-01
2.460808415643532879e-02 7.627018295362357758e-01
2.016084003177834316e-02 8.046328177724200170e-01
1.452766414054615894e-02 8.585399777232740615e-01
1.156283472410816505e-02 8.871935995775296346e-01
1.037690295753296993e-02 8.986982048648328725e-01
8.005039424382576208e-03 9.217683837331315244e-01
8.005039424382576208e-03 9.217683837331315244e-01
3.854278241369388930e-03 9.622868871938534685e-01
5.040210007944585791e-03 9.506957643301321426e-01
5.040210007944585791e-03 9.506957643301321426e-01
2.668346474794192503e-03 9.738859070480740954e-01
-5.929658832875982135e-04 9.941958928102592186e-01
-5.633175891232183354e-03 9.449039213268972670e-01
-5.633175891232183354e-03 9.449039213268972670e-01
-7.708556482738777860e-03 9.246571451663863073e-01
-8.894488249313972986e-03 9.131083778348803026e-01
-5.040210007944585791e-03 9.506957643301321426e-01
-5.040210007944585791e-03 9.506957643301321426e-01
-4.150761183013188145e-03 9.593882714367604203e-01
-1.778897649862794857e-03 9.825888946481970976e-01
1.185931766575196427e-03 9.883920896866599248e-01
4.447244124656986493e-03 9.564901871408936218e-01
7.708556482738777860e-03 9.246571451663863073e-01
1.215580060739576349e-02 8.814499563060378406e-01
1.986435709013454134e-02 8.074495665615314399e-01
2.905532828109231788e-02 7.214492841993171979e-01
3.706036770547489062e-02 6.492470972426016562e-01
4.417595830492607872e-02 5.876737803767448920e-01
4.832671948793926253e-02 5.530385568064644097e-01
5.188451478766484964e-02 5.241625362563739898e-01
6.641217892821101032e-02 4.147074807397599372e-01
7.589963306081257133e-02 3.510919355466789460e-01
7.767853071067537529e-02 3.398843585695746627e-01
7.767853071067537529e-02 3.398843585695746627e-01
7.501018423588118322e-02 3.567816796104619215e-01
7.886446247725056868e-02 3.325402515855780949e-01
7.174887187779939446e-02 3.781321935963011249e-01
6.700514481149860702e-02 4.105441911274851918e-01
6.759811069478620371e-02 4.064055859092239320e-01
5.751769067889703907e-02 4.800606726505796118e-01
5.870362244547223246e-02 4.710382183974096693e-01
4.891968537122685229e-02 5.481727599670809248e-01
4.980913419615826121e-02 5.409135574273699065e-01
5.366341243752763973e-02 5.100170378774893098e-01
5.366341243752763973e-02 5.100170378774893098e-01
4.743727066300786055e-02 5.603763285236014191e-01
4.002519712191288104e-02 6.232700258990213626e-01
3.320608946410550516e-02 6.836549817031285503e-01
2.816587945616091937e-02 7.296402116268713156e-01
2.520105003972292548e-02 7.571598568220951897e-01
2.342215238986013193e-02 7.738217178513379091e-01
2.105028885670973821e-02 7.961977612492739942e-01
1.304524943232716200e-02 8.728461448268055589e-01
1.008042001588917158e-02 9.015777484609692749e-01
4.447244124656986493e-03 9.564901871408936218e-01
-1.482414708218995642e-03 9.854903971587298805e-01
-4.743727066300785708e-03 9.535926721610885615e-01
-9.190971190957773068e-03 9.102239267136499334e-01
-1.185931766575196514e-02 8.843210255678012333e-01
-1.215580060739576349e-02 8.814499563060378406e-01
-1.185931766575196514e-02 8.843210255678012333e-01
-1.156283472410816505e-02 8.871935995775296346e-01
-1.245228354903956530e-02 8.785804286038754185e-01
-1.334173237397096035e-02 8.699814620729005021e-01
-1.393469825725855878e-02 8.642571976626228780e-01
-1.571359590712135407e-02 8.471278327644229389e-01
-1.601007884876515242e-02 8.442796520983791853e-01
-1.215580060739576349e-02 8.814499563060378406e-01
-1.452766414054615894e-02 8.585399777232740615e-01
-1.778897649862794597e-02 8.272341186337420771e-01
-1.986435709013454134e-02 8.074495665615314399e-01
-1.897490826520314283e-02 8.159145165192873694e-01
-1.660304473205275258e-02 8.385893692449536418e-01
-1.749249355698414762e-02 8.300696778096683381e-01
-1.897490826520314283e-02 8.159145165192873694e-01
-1.393469825725855878e-02 8.642571976626228780e-01
-8.598005307670174638e-03 9.159939626331864426e-01
-1.245228354903956530e-02 8.785804286038754185e-01
-1.274876649068336365e-02 8.757124792136103952e-01
-1.304524943232716200e-02 8.728461448268055589e-01
-1.423118119890235886e-02 8.613976889420622562e-01
-1.423118119890235886e-02 8.613976889420622562e-01
-1.749249355698414762e-02 8.300696778096683381e-01
-2.134677179835354002e-02 7.933912541585084188e-01
-2.431160121479152697e-02 7.654773585553373838e-01
-2.520105003972292548e-02 7.571598568220951897e-01
-2.994477710602371293e-02 7.132898626942123510e-01
-3.172367475588650648e-02 6.970688840883159099e-01
-3.290960652246169987e-02 6.863300293422641696e-01
-2.964829416437991111e-02 7.160061171722618134e-01
-2.816587945616091937e-02 7.296402116268713156e-01
-2.609049886465432400e-02 7.488701052228343702e-01
-2.223622062328493507e-02 7.849877489446721590e-01
-1.897490826520314283e-02 8.159145165192873694e-01
-1.482414708218995555e-02 8.556841003043771376e-01
-8.894488249313972986e-03 9.131083778348803026e-01
-5.929658832875982569e-03 9.420090616967976560e-01
-2.668346474794192503e-03 9.738859070480740954e-01
1.778897649862794857e-03 9.825888946481970976e-01
9.783937074245369764e-03 9.044585747676215925e-01
2.786939651451711755e-02 7.323773754862044072e-01
4.565837301314506352e-02 5.751904245813735939e-01
6.522624716163581693e-02 4.231078096129455846e-01
8.449763836848275811e-02 2.990535084792834697e-01
1.040655125169735046e-01 2.004952656344090867e-01
1.251158013736832497e-01 1.233248014461288400e-01
1.470555390553243691e-01 6.968785893254618447e-02
1.636585837873771321e-01 4.323902780954039238e-02
1.826334920525802541e-01 2.384829218885658325e-02
1.977541220764140184e-01 1.427485506754250580e-02
2.063521273840842052e-01 1.049415236734180766e-02
2.161360644583295854e-01 7.289429460958960286e-03
2.268094503575063259e-01 4.812721866605362830e-03
2.380758021399707047e-01 3.042448444050093251e-03
2.419300803813400902e-01 2.588013677033301069e-03
2.437089780312028942e-01 2.399782458697230416e-03
2.413371144980524796e-01 2.653666231369349298e-03
2.401511827314772862e-01 2.789511697719098803e-03
2.386687680232582598e-01 2.968146981071563897e-03
2.354074556651764849e-01 3.398018572373637247e-03
2.318496603654509047e-01 3.930284128998563602e-03
2.208797915246303867e-01 6.075121999480940886e-03
2.176184791665485563e-01 6.888631574024877205e-03
2.084275079755908144e-01 9.725980439297739200e-03
2.027943320843586250e-01 1.193584469097488596e-02
1.930103950101132448e-01 1.683236081818493754e-02
1.853018385273744462e-01 2.183896215813379768e-02
1.767038332197043149e-01 2.888849074317525675e-02
1.689952767369655162e-01 3.677459187518880568e-02
1.618796861375143281e-01 4.559473783105775363e-02
1.544676125964193347e-01 5.659205303022572103e-02
1.452766414054615651e-01 7.317236175866814740e-02
1.325278749147782154e-01 1.024590207738609038e-01
1.212615231323138504e-01 1.354012621417588214e-01
1.102916542914932768e-01 1.747212010526229820e-01
1.011006831005355072e-01 2.136911374789931539e-01
8.835191660985215745e-02 2.774719436947004070e-01
7.678908188574397331e-02 3.454594644319870511e-01
6.137196892026642453e-02 4.510806584565586475e-01
5.277396361259623775e-02 5.170649848479640376e-01
4.595485595478886881e-02 5.727087255311262837e-01
4.061816300520047773e-02 6.181285027002140220e-01
3.202015769753030483e-02 6.943784302114590634e-01
2.401511827314772862e-02 7.682558718230400041e-01
1.512063002383375564e-02 8.528300929131141794e-01
9.487454132601571416e-03 9.073406465970995649e-01
-5.040210007944585791e-03 9.506957643301321426e-01
-1.126635178246436671e-02 8.900676414656445434e-01
-1.660304473205275258e-02 8.385893692449536418e-01
-2.193973768164113672e-02 7.877862138133687742e-01
-1.927139120684694465e-02 8.130904508085307070e-01
-1.689952767369655093e-02 8.357473386901990153e-01
-1.719601061534034928e-02 8.329074296730538673e-01
-1.541711296547755572e-02 8.499779917054914868e-01
-1.215580060739576349e-02 8.814499563060378406e-01
-5.336692949588385006e-03 9.477995014573001864e-01
-4.447244124656986493e-03 9.564901871408936218e-01
-5.929658832875982569e-03 9.420090616967976560e-01
-1.778897649862794857e-03 9.825888946481970976e-01
1.185931766575196427e-03 9.883920896866599248e-01
-1.482414708218995642e-03 9.854903971587298805e-01
-8.894488249313974287e-04 9.912939342373472407e-01
1.778897649862794857e-03 9.825888946481970976e-01
7.115590599451179429e-03 9.304375823302792892e-01
8.301522366026376290e-03 9.188806437371819236e-01
8.301522366026376290e-03 9.188806437371819236e-01
8.598005307670174638e-03 9.159939626331864426e-01
1.363821531561476043e-02 8.671184675178263968e-01
1.601007884876515242e-02 8.442796520983791853e-01
1.512063002383375564e-02 8.528300929131141794e-01
1.867842532355934448e-02 8.187409513033527819e-01
2.193973768164113672e-02 7.877862138133687742e-01
2.638698180629811887e-02 7.461131743107052294e-01
2.757291357287331920e-02 7.351179139191905687e-01
2.520105003972292548e-02 7.571598568220951897e-01
2.075380591506593986e-02 7.990068805269330277e-01
1.927139120684694465e-02 8.130904508085307070e-01
2.371863533150393027e-02 7.710373360539325427e-01
2.016084003177834316e-02 8.046328177724200170e-01
1.423118119890235886e-02 8.613976889420622562e-01
1.245228354903956530e-02 8.785804286038754185e-01
5.040210007944585791e-03 9.506957643301321426e-01
2.964829416437991284e-03 9.709855443841508560e-01
-8.894488249313974287e-04 9.912939342373472407e-01
-3.557795299725589715e-03 9.651859965367522998e-01
-8.598005307670174638e-03 9.159939626331864426e-01
-1.571359590712135407e-02 8.471278327644229389e-01
-2.223622062328493507e-02 7.849877489446721590e-01
-2.371863533150393027e-02 7.710373360539325427e-01
-2.875884533944851953e-02 7.241761344400822198e-01
-3.379905534739310186e-02 6.783166922166690149e-01
-3.439202123068069855e-02 6.729943383228373932e-01
-3.528147005561209359e-02 6.650411922526084929e-01
-3.883926535533768765e-02 6.336075945836285861e-01
-3.972871418026908269e-02 6.258476416905683903e-01
-4.002519712191288104e-02 6.232700258990213626e-01
-4.180409477177567806e-02 6.079010046257529165e-01
-4.002519712191288104e-02 6.232700258990213626e-01
-4.091464594684428302e-02 6.155646465962631986e-01
-4.002519712191288104e-02 6.232700258990213626e-01
-3.676388476383109227e-02 6.518688709480365828e-01
-3.202015769753030483e-02 6.943784302114590634e-01
-2.935181122273611623e-02 7.187259347034499202e-01
-2.935181122273611623e-02 7.187259347034499202e-01
-2.579401592301052565e-02 7.516302176940485857e-01
-2.579401592301052565e-02 7.516302176940485857e-01
-2.431160121479152697e-02 7.654773585553373838e-01
-1.778897649862794597e-02 8.272341186337420771e-01
-1.274876649068336365e-02 8.757124792136103952e-01
-6.226141774519782651e-03 9.391149602969872667e-01
-1.482414708218995642e-03 9.854903971587298805e-01
4.150761183013188145e-03 9.593882714367604203e-01
5.633175891232183354e-03 9.449039213268972670e-01
6.226141774519782651e-03 9.391149602969872667e-01
6.522624716163580999e-03 9.362216548281087070e-01
8.598005307670174638e-03 9.159939626331864426e-01
1.334173237397096035e-02 8.699814620729005021e-01
1.719601061534034928e-02 8.329074296730538673e-01
1.808545944027174779e-02 8.244007875952082953e-01
1.778897649862794597e-02 8.272341186337420771e-01
2.045732297342214151e-02 8.018185775483293032e-01
2.282918650657253176e-02 7.793991000097524324e-01
2.371863533150393027e-02 7.710373360539325427e-01
2.727643063122952086e-02 7.378617950653341140e-01
2.816587945616091937e-02 7.296402116268713156e-01
3.261312358081790846e-02 6.890089730484230124e-01
3.439202123068069855e-02 6.729943383228373932e-01
3.676388476383109227e-02 6.518688709480365828e-01
3.706036770547489062e-02 6.492470972426016562e-01
4.061816300520047773e-02 6.181285027002140220e-01
4.299002653835087145e-02 5.977489081697676676e-01
3.854278241369388930e-02 6.362031933163905251e-01
4.002519712191288104e-02 6.232700258990213626e-01
4.358299242163847509e-02 5.927016269434939311e-01
4.921616831287065758e-02 5.457477395487861926e-01
4.654782183807646551e-02 5.677604806237507296e-01
4.595485595478886881e-02 5.727087255311262837e-01
4.506540712985746683e-02 5.801688633536490336e-01
4.447244124656987013e-02 5.851672042832731790e-01
3.943223123862528434e-02 6.284297924686068626e-01
3.646740182218729392e-02 6.544949118504775898e-01
3.231664063917410318e-02 6.916917832445974579e-01
2.846236239780471772e-02 7.269064540756902115e-01
2.371863533150393027e-02 7.710373360539325427e-01
2.164325473999733837e-02 7.905873935986582612e-01
2.075380591506593986e-02 7.990068805269330277e-01
2.045732297342214151e-02 8.018185775483293032e-01
1.660304473205275258e-02 8.385893692449536418e-01
1.512063002383375564e-02 8.528300929131141794e-01
1.512063002383375564e-02 8.528300929131141794e-01
1.037690295753296993e-02 8.986982048648328725e-01
9.190971190957773068e-03 9.102239267136499334e-01
7.412073541094977777e-03 9.275468905428219113e-01
1.778897649862794857e-03 9.825888946481970976e-01
3.854278241369388930e-03 9.622868871938534685e-01
3.261312358081790500e-03 9.680855615709162976e-01
1.778897649862794857e-03 9.825888946481970976e-01
2.371863533150392854e-03 9.767866116195857984e-01
-5.929658832875982135e-04 9.941958928102592186e-01
-1.778897649862794857e-03 9.825888946481970976e-01
0.000000000000000000e+00 1.000000000000000000e+00
1.482414708218995642e-03 9.854903971587298805e-01
1.482414708218995642e-03 9.854903971587298805e-01
2.964829416437991284e-03 9.709855443841508560e-01
5.040210007944585791e-03 9.506957643301321426e-01
3.854278241369388930e-03 9.622868871938534685e-01
6.819107657807380214e-03 9.333291829600072198e-01
1.096986884082056836e-02 8.929431143060262421e-01
1.215580060739576349e-02 8.814499563060378406e-01
1.096986884082056836e-02 8.929431143060262421e-01
1.304524943232716200e-02 8.728461448268055589e-01
1.541711296547755572e-02 8.499779917054914868e-01
2.193973768164113672e-02 7.877862138133687742e-01
2.638698180629811887e-02 7.461131743107052294e-01
3.290960652246169987e-02 6.863300293422641696e-01
3.854278241369388930e-02 6.362031933163905251e-01
4.476892418821366154e-02 5.826655575414094734e-01
4.891968537122685229e-02 5.481727599670809248e-01
5.247748067095245328e-02 5.194253481110322479e-01
5.692472479560943543e-02 4.846066389624522630e-01
5.900010538711602387e-02 4.687971665604988569e-01
6.196493480355402123e-02 4.467108895906160004e-01
6.226141774519781957e-02 4.445349800368063597e-01
6.018603715369122420e-02 4.598916382854670859e-01
5.366341243752763973e-02 5.100170378774893098e-01
4.328650947999467674e-02 5.952228501484999601e-01
4.032168006355668632e-02 6.206969709910064026e-01
3.854278241369388930e-02 6.362031933163905251e-01
3.646740182218729392e-02 6.544949118504775898e-01
2.905532828109231788e-02 7.214492841993171979e-01
2.609049886465432400e-02 7.488701052228343702e-01
1.660304473205275258e-02 8.385893692449536418e-01
8.598005307670174638e-03 9.159939626331864426e-01
1.778897649862794857e-03 9.825888946481970976e-01
-3.261312358081790500e-03 9.680855615709162976e-01
-9.783937074245369764e-03 9.044585747676215925e-01
-1.423118119890235886e-02 8.613976889420622562e-01
-1.808545944027174779e-02 8.244007875952082953e-01
-2.460808415643532879e-02 7.627018295362357758e-01
-3.261312358081790846e-02 6.890089730484230124e-01
-4.180409477177567806e-02 6.079010046257529165e-01
-4.536189007150127211e-02 5.776771447487902833e-01
-5.218099772930864799e-02 5.217912047571033884e-01
-5.455286126245904171e-02 5.030191806303059288e-01
-5.929658832875982222e-02 4.665619685091459967e-01
-6.196493480355402123e-02 4.467108895906160004e-01
-6.492976421999201164e-02 4.252231985377508128e-01
-6.463328127834820636e-02 4.273446895722357031e-01
-6.700514481149860702e-02 4.105441911274851918e-01
-6.759811069478620371e-02 4.064055859092239320e-01
-7.026645716958039578e-02 3.880891952998221095e-01
-7.471370129423737794e-02 3.586909702515078679e-01
-7.738204776903157001e-02 3.417363481679077664e-01
-8.242225777697616274e-02 3.111218802869832323e-01
-8.449763836848275811e-02 2.990535084792834697e-01
-8.598005307670174291e-02 2.906251790737882090e-01
-8.420115542683895282e-02 3.007583610275597064e-01
-8.271874071861996802e-02 3.093786230691373818e-01
-8.242225777697616274e-02 3.111218802869832323e-01
-7.767853071067537529e-02 3.398843585695746627e-01
-7.856797953560677727e-02 3.343666959025654029e-01
-7.441721835259358653e-02 3.606066084965107166e-01
-7.026645716958039578e-02 3.880891952998221095e-01
-6.641217892821101032e-02 4.147074807397599372e-01
-6.285438362848541627e-02 4.402011722932126503e-01
-5.781417362054082354e-02 4.777963516192144100e-01
-5.544231008739043676e-02 4.960718833131317895e-01
-4.743727066300786055e-02 5.603763285236014191e-01
-3.883926535533768765e-02 6.336075945836285861e-01
-3.142719181424270813e-02 6.997631148740800500e-01
-2.668346474794192069e-02 7.433594574316628734e-01
-2.134677179835354002e-02 7.933912541585084188e-01
-2.223622062328493507e-02 7.849877489446721590e-01
-2.016084003177834316e-02 8.046328177724200170e-01
-2.075380591506593986e-02 7.990068805269330277e-01
-1.867842532355934448e-02 8.187409513033527819e-01
-2.164325473999733837e-02 7.905873935986582612e-01
-2.253270356492873341e-02 7.821920330317586600e-01
-2.401511827314772862e-02 7.682558718230400041e-01
-2.697994768958572598e-02 7.406089869392304958e-01
-2.579401592301052565e-02 7.516302176940485857e-01
-2.253270356492873341e-02 7.821920330317586600e-01
-2.016084003177834316e-02 8.046328177724200170e-01
-2.312566944821633011e-02 7.766089837084957370e-01
-2.164325473999733837e-02 7.905873935986582612e-01
-2.134677179835354002e-02 7.933912541585084188e-01
-2.045732297342214151e-02 8.018185775483293032e-01
-1.778897649862794597e-02 8.272341186337420771e-01
-1.245228354903956530e-02 8.785804286038754185e-01
-9.487454132601571416e-03 9.073406465970995649e-01
-8.598005307670174638e-03 9.159939626331864426e-01
-4.447244124656986493e-03 9.564901871408936218e-01
-6.819107657807380214e-03 9.333291829600072198e-01
-3.854278241369388930e-03 9.622868871938534685e-01
0.000000000000000000e+00 1.000000000000000000e+00
2.964829416437991284e-03 9.709855443841508560e-01
2.075380591506594073e-03 9.796876201423365682e-01
1.482414708218995642e-03 9.854903971587298805e-01
3.854278241369388930e-03 9.622868871938534685e-01
2.964829416437991284e-03 9.709855443841508560e-01
8.894488249313974287e-04 9.912939342373472407e-01
-1.185931766575196427e-03 9.883920896866599248e-01
2.075380591506594073e-03 9.796876201423365682e-01
-8.894488249313974287e-04 9.912939342373472407e-01
-5.929658832875982135e-04 9.941958928102592186e-01
-1.778897649862794857e-03 9.825888946481970976e-01
-2.371863533150392854e-03 9.767866116195857984e-01
-1.482414708218995642e-03 9.854903971587298805e-01
-8.894488249313974287e-04 9.912939342373472407e-01
1.185931766575196427e-03 9.883920896866599248e-01
-1.778897649862794857e-03 9.825888946481970976e-01
3.261312358081790500e-03 9.680855615709162976e-01
4.743727066300785708e-03 9.535926721610885615e-01
6.522624716163580999e-03 9.362216548281087070e-01
8.598005307670174638e-03 9.159939626331864426e-01
1.067338589917677001e-02 8.958199811174174521e-01
1.096986884082056836e-02 8.929431143060262421e-01
1.126635178246436671e-02 8.900676414656445434e-01
1.601007884876515242e-02 8.442796520983791853e-01
1.215580060739576349e-02 8.814499563060378406e-01
6.226141774519782651e-03 9.391149602969872667e-01
4.743727066300785708e-03 9.535926721610885615e-01
4.447244124656986493e-03 9.564901871408936218e-01
2.964829416437991284e-03 9.709855443841508560e-01
3.854278241369388930e-03 9.622868871938534685e-01
2.964829416437991067e-04 9.970979274004432291e-01
-5.040210007944585791e-03 9.506957643301321426e-01
-8.894488249313972986e-03 9.131083778348803026e-01
-1.008042001588917158e-02 9.015777484609692749e-01
-1.423118119890235886e-02 8.613976889420622562e-01
-2.223622062328493507e-02 7.849877489446721590e-01
-2.520105003972292548e-02 7.571598568220951897e-01
-3.231664063917410318e-02 6.916917832445974579e-01
-3.587443593889969723e-02 6.597596845177695624e-01
-4.447244124656987013e-02 5.851672042832731790e-01
-4.684430477972026385e-02 5.652939792471884939e-01
-5.307044655424004997e-02 5.147101333126655742e-01
-5.722120773725323378e-02 4.823307735484855252e-01
-6.137196892026642453e-02 4.510806584565586475e-01
-6.315086657012922156e-02 4.380432981770336909e-01
-6.463328127834820636e-02 4.273446895722357031e-01
-6.285438362848541627e-02 4.402011722932126503e-01
-6.315086657012922156e-02 4.380432981770336909e-01
-5.988955421204742585e-02 4.621091904392963245e-01
-5.840713950382842717e-02 4.732851096142309810e-01
-5.158803184602105130e-02 5.265393238943145704e-01
-4.447244124656987013e-02 5.851672042832731790e-01
-3.972871418026908269e-02 6.258476416905683903e-01
-3.765333358876248732e-02 6.440164612225398599e-01
-3.498498711396829525e-02 6.676881514184496158e-01
-2.935181122273611623e-02 7.187259347034499202e-01
-2.431160121479152697e-02 7.654773585553373838e-01
-2.164325473999733837e-02 7.905873935986582612e-01
-1.808545944027174779e-02 8.244007875952082953e-01
-1.541711296547755572e-02 8.499779917054914868e-01
-1.096986884082056836e-02 8.929431143060262421e-01
-9.190971190957773068e-03 9.102239267136499334e-01
-6.819107657807380214e-03 9.333291829600072198e-01
-3.854278241369388930e-03 9.622868871938534685e-01
-2.964829416437991067e-04 9.970979274004432291e-01
-8.894488249313974287e-04 9.912939342373472407e-01
2.964829416437991284e-03 9.709855443841508560e-01
4.150761183013188145e-03 9.593882714367604203e-01
8.005039424382576208e-03 9.217683837331315244e-01
1.156283472410816505e-02 8.871935995775296346e-01
1.274876649068336365e-02 8.757124792136103952e-01
1.304524943232716200e-02 8.728461448268055589e-01
1.452766414054615894e-02 8.585399777232740615e-01
1.304524943232716200e-02 8.728461448268055589e-01
1.185931766575196514e-02 8.843210255678012333e-01
1.927139120684694465e-02 8.130904508085307070e-01
9.487454132601571416e-03 9.073406465970995649e-01
6.819107657807380214e-03 9.333291829600072198e-01
3.854278241369388930e-03 9.622868871938534685e-01
5.929658832875982135e-04 9.941958928102592186e-01
1.482414708218995642e-03 9.854903971587298805e-01
2.668346474794192503e-03 9.738859070480740954e-01
5.929658832875982135e-04 9.941958928102592186e-01
3.557795299725589715e-03 9.651859965367522998e-01
8.894488249313974287e-04 9.912939342373472407e-01
-2.075380591506594073e-03 9.796876201423365682e-01
-6.522624716163580999e-03 9.362216548281087070e-01
-7.708556482738777860e-03 9.246571451663863073e-01
-1.126635178246436671e-02 8.900676414656445434e-01
-1.304524943232716200e-02 8.728461448268055589e-01
-1.719601061534034928e-02 8.329074296730538673e-01
-1.897490826520314283e-02 8.159145165192873694e-01
-2.846236239780471772e-02 7.269064540756902115e-01
-3.024126004766751127e-02 7.105772022253978859e-01
-3.409553828903690020e-02 6.756535088032568082e-01
-3.290960652246169987e-02 6.863300293422641696e-01
-3.202015769753030483e-02 6.943784302114590634e-01
-2.668346474794192069e-02 7.433594574316628734e-01
-2.549753298136672730e-02 7.543934791309931942e-01
-2.727643063122952086e-02 7.378617950653341140e-01
-2.371863533150393027e-02 7.710373360539325427e-01
-2.193973768164113672e-02 7.877862138133687742e-01
-2.549753298136672730e-02 7.543934791309931942e-01
-2.342215238986013193e-02 7.738217178513379091e-01
-1.897490826520314283e-02 8.159145165192873694e-01
-1.956787414849073953e-02 8.102687891826182431e-01
-2.134677179835354002e-02 7.933912541585084188e-01
-2.223622062328493507e-02 7.849877489446721590e-01
-1.808545944027174779e-02 8.244007875952082953e-01
-1.393469825725855878e-02 8.642571976626228780e-01
-1.185931766575196514e-02 8.843210255678012333e-01
-7.412073541094977777e-03 9.275468905428219113e-01
-9.783937074245369764e-03 9.044585747676215925e-01
-7.708556482738777860e-03 9.246571451663863073e-01
-6.522624716163580999e-03 9.362216548281087070e-01
-1.185931766575196427e-03 9.883920896866599248e-01
2.371863533150392854e-03 9.767866116195857984e-01
8.005039424382576208e-03 9.217683837331315244e-01
1.423118119890235886e-02 8.613976889420622562e-01
1.423118119890235886e-02 8.613976889420622562e-01
1.749249355698414762e-02 8.300696778096683381e-01
2.342215238986013193e-02 7.738217178513379091e-01
2.638698180629811887e-02 7.461131743107052294e-01
3.083422593095511144e-02 7.051627864718528205e-01
3.706036770547489062e-02 6.492470972426016562e-01
4.061816300520047773e-02 6.181285027002140220e-01
4.684430477972026385e-02 5.652939792471884939e-01
5.395989537917145196e-02 5.076788297393297622e-01
6.137196892026642453e-02 4.510806584565586475e-01
7.026645716958039578e-02 3.880891952998221095e-01
7.738204776903157001e-02 3.417363481679077664e-01
8.953784837642732308e-02 2.710482346465626913e-01
9.724640485916610788e-02 2.317575706007100333e-01
1.008042001588917019e-01 2.150440683181752133e-01
1.082162736999866814e-01 1.830252617176621188e-01
1.123670348829998722e-01 1.666989359378410751e-01
1.212615231323138504e-01 1.354012621417588214e-01
1.242263525487518477e-01 1.260349640212920785e-01
1.286735966734088299e-01 1.129325101135463943e-01
1.396434655142294035e-01 8.514658726027514446e-02
1.494274025884747559e-01 6.525290607256838127e-02
1.556535443629945559e-01 5.469823018623285599e-02
1.675128620287465453e-01 3.848277445482773534e-02
1.672163790871027123e-01 3.883230358571816004e-02
1.722565890950473189e-01 3.324062318246848169e-02
1.778897649862794805e-01 2.781349766129305456e-02
1.844123897024430581e-01 2.249189591798418306e-02
1.918244632435380514e-01 1.753079239419731705e-02
1.962717073681950197e-01 1.503493749546389556e-02
1.974576391347702409e-01 1.442412897279587471e-02
2.007189514928520158e-01 1.285477609808136946e-02
2.069450932673717880e-01 1.026940127652659594e-02
2.146536497501105589e-01 7.710809574970618752e-03
2.185079279914799444e-01 6.657672771048573843e-03
2.208797915246303867e-01 6.075121999480940886e-03
2.226586891744931351e-01 5.668501390252098267e-03
2.226586891744931351e-01 5.668501390252098267e-03
2.220657232912055246e-01 5.801256941935437061e-03
2.232516550577807735e-01 5.538465421867620059e-03
2.199903426996989431e-01 6.288026355507562136e-03
2.161360644583295854e-01 7.289429460958960286e-03
2.125782691586039774e-01 8.337020119874614249e-03
2.060556444424403999e-01 1.060814390952599488e-02
2.027943320843586250e-01 1.193584469097488596e-02
1.968646732514826303e-01 1.472677023220517363e-02
1.873772191188810554e-01 2.037863832647815107e-02
1.814475602860050885e-01 2.479108113511654596e-02
1.764073502780604819e-01 2.916270626679106498e-02
1.686987937953217109e-01 3.711101710463566433e-02
1.648445155539523255e-01 4.172581382678910294e-02
1.601007884876515242e-01 4.805656089918988738e-02
1.574324420128573321e-01 5.195585688905465099e-02
1.559500273046383334e-01 5.423304032481837678e-02
1.529851978882003360e-01 5.903497525911618332e-02
1.512063002383375598e-01 6.208019373546608266e-02
1.467590561136805638e-01 7.025905895644209143e-02
1.443871925805301770e-01 7.496680395050853152e-02
1.440907096388863717e-01 7.557279793156508607e-02
1.408293972808045968e-01 8.250335010306748817e-02
1.331208407980657982e-01 1.009179248801595208e-01
1.310454602065592167e-01 1.063928922966449753e-01
1.277841478484774140e-01 1.154642006152676176e-01
1.227439378405328491e-01 1.306536638712747778e-01
1.182966937158758669e-01 1.452908242710748976e-01
1.126635178246436775e-01 1.655756477218980061e-01
1.031760636920421026e-01 2.043906433569822878e-01
9.694992191752231647e-02 2.331904780420603340e-01
8.983433131807114225e-02 2.694581987406205470e-01
8.390467248519514754e-02 3.024696123114706259e-01
8.064336012711337265e-02 3.217158712527454223e-01
7.293480364437458785e-02 3.702798501657540431e-01
6.908052540300518851e-02 3.961675330162681696e-01
6.315086657012922156e-02 4.380432981770336909e-01
6.166845186191022288e-02 4.488927865674418038e-01
5.840713950382842717e-02 4.732851096142309810e-01
5.010561713780205262e-02 5.385044362657284145e-01
5.129154890437724601e-02 5.289215487719876041e-01
4.654782183807646551e-02 5.677604806237507296e-01
4.447244124656987013e-02 5.851672042832731790e-01
4.180409477177567806e-02 6.079010046257529165e-01
3.528147005561209359e-02 6.650411922526084929e-01
3.290960652246169987e-02 6.863300293422641696e-01
3.024126004766751127e-02 7.105772022253978859e-01
2.549753298136672730e-02 7.543934791309931942e-01
2.075380591506593986e-02 7.990068805269330277e-01
1.838194238191554614e-02 8.215697200589215932e-01
1.601007884876515242e-02 8.442796520983791853e-01
9.783937074245369764e-03 9.044585747676215925e-01
3.854278241369388930e-03 9.622868871938534685e-01
-2.668346474794192503e-03 9.738859070480740954e-01
-8.598005307670174638e-03 9.159939626331864426e-01
-1.660304473205275258e-02 8.385893692449536418e-01
-2.342215238986013193e-02 7.738217178513379091e-01
-2.816587945616091937e-02 7.296402116268713156e-01
-3.439202123068069855e-02 6.729943383228373932e-01
-3.172367475588650648e-02 6.970688840883159099e-01
-2.786939651451711755e-02 7.323773754862044072e-01
-3.142719181424270813e-02 6.997631148740800500e-01
-3.113070887259890979e-02 7.024610924282417290e-01
-2.994477710602371293e-02 7.132898626942123510e-01
-2.846236239780471772e-02 7.269064540756902115e-01
-2.193973768164113672e-02 7.877862138133687742e-01
-2.312566944821633011e-02 7.766089837084957370e-01
-2.875884533944851953e-02 7.241761344400822198e-01
-3.113070887259890979e-02 7.024610924282417290e-01
-3.706036770547489062e-02 6.492470972426016562e-01
-3.943223123862528434e-02 6.284297924686068626e-01
-4.269354359670708005e-02 6.002797769451055920e-01
-4.328650947999467674e-02 5.952228501484999601e-01
-3.557795299725589194e-02 6.623983605342298464e-01
-2.549753298136672730e-02 7.543934791309931942e-01
-1.986435709013454134e-02 8.074495665615314399e-01
-1.363821531561476043e-02 8.671184675178263968e-01
-5.040210007944585791e-03 9.506957643301321426e-01
9.190971190957773068e-03 9.102239267136499334e-01
1.571359590712135407e-02 8.471278327644229389e-01
1.601007884876515242e-02 8.442796520983791853e-01
1.571359590712135407e-02 8.471278327644229389e-01
1.838194238191554614e-02 8.215697200589215932e-01
2.105028885670973821e-02 7.961977612492739942e-01
2.282918650657253176e-02 7.793991000097524324e-01
2.431160121479152697e-02 7.654773585553373838e-01
2.164325473999733837e-02 7.905873935986582612e-01
1.749249355698414762e-02 8.300696778096683381e-01
1.719601061534034928e-02 8.329074296730538673e-01
1.719601061534034928e-02 8.329074296730538673e-01
1.601007884876515242e-02 8.442796520983791853e-01
1.571359590712135407e-02 8.471278327644229389e-01
1.393469825725855878e-02 8.642571976626228780e-01
9.783937074245369764e-03 9.044585747676215925e-01
9.190971190957773068e-03 9.102239267136499334e-01
1.037690295753296993e-02 8.986982048648328725e-01
3.557795299725589715e-03 9.651859965367522998e-01
0.000000000000000000e+00 1.000000000000000000e+00
4.150761183013188145e-03 9.593882714367604203e-01
2.964829416437991284e-03 9.709855443841508560e-01
1.185931766575196427e-03 9.883920896866599248e-01
1.482414708218995642e-03 9.854903971587298805e-01
-1.482414708218995642e-03 9.854903971587298805e-01
-4.150761183013188145e-03 9.593882714367604203e-01
-3.854278241369388930e-03 9.622868871938534685e-01
-1.778897649862794857e-03 9.825888946481970976e-01
-2.964829416437991067e-04 9.970979274004432291e-01
1.778897649862794857e-03 9.825888946481970976e-01
1.185931766575196427e-03 9.883920896866599248e-01
2.371863533150392854e-03 9.767866116195857984e-01
2.371863533150392854e-03 9.767866116195857984e-01
3.557795299725589715e-03 9.651859965367522998e-01
1.185931766575196427e-03 9.883920896866599248e-01
3.261312358081790500e-03 9.680855615709162976e-01
4.150761183013188145e-03 9.593882714367604203e-01
9.783937074245369764e-03 9.044585747676215925e-01
1.304524943232716200e-02 8.728461448268055589e-01
1.512063002383375564e-02 8.528300929131141794e-01
1.956787414849073953e-02 8.102687891826182431e-01
2.193973768164113672e-02 7.877862138133687742e-01
2.638698180629811887e-02 7.461131743107052294e-01
2.935181122273611623e-02 7.187259347034499202e-01
3.794981653040628566e-02 6.414076534179217193e-01
4.032168006355668632e-02 6.206969709910064026e-01
4.625133889643266022e-02 5.702320701024229388e-01
5.069858302108965625e-02 5.337022337307312236e-01
5.218099772930864799e-02 5.217912047571033884e-01
5.336692949588384138e-02 5.123608116645708144e-01
6.255790068684162486e-02 4.423650702271484381e-01
6.967349128629278521e-02 3.921158714755809127e-01
7.352776952766218455e-02 3.663915630135512469e-01
7.619611600245639049e-02 3.492080766592342567e-01
7.886446247725056868e-02 3.325402515855780949e-01
8.390467248519514754e-02 3.024696123114706259e-01
8.716598484327695018e-02 2.839975271296167336e-01
8.983433131807114225e-02 2.694581987406205470e-01
8.983433131807114225e-02 2.694581987406205470e-01
8.627653601834554820e-02 2.889586880531052615e-01
8.123632601040095547e-02 3.181589335362122739e-01
7.056294011122418719e-02 3.860852451760948822e-01
6.908052540300518851e-02 3.961675330162681696e-01
6.522624716163581693e-02 4.231078096129455846e-01
5.929658832875982222e-02 4.665619685091459967e-01
5.455286126245904171e-02 5.030191806303059288e-01
5.633175891232183874e-02 4.891756009938119654e-01
5.307044655424004997e-02 5.147101333126655742e-01
5.069858302108965625e-02 5.337022337307312236e-01
4.625133889643266022e-02 5.702320701024229388e-01
4.773375360465165890e-02 5.579252225941291332e-01
4.832671948793926253e-02 5.530385568064644097e-01
4.358299242163847509e-02 5.927016269434939311e-01
4.210057771341947641e-02 6.053558496593003380e-01
3.706036770547489062e-02 6.492470972426016562e-01
3.735685064711868897e-02 6.466296182230275580e-01
3.587443593889969723e-02 6.597596845177695624e-01
3.290960652246169987e-02 6.863300293422641696e-01
3.142719181424270813e-02 6.997631148740800500e-01
2.846236239780471772e-02 7.269064540756902115e-01
1.897490826520314283e-02 8.159145165192873694e-01
1.215580060739576349e-02 8.814499563060378406e-01
9.487454132601571416e-03 9.073406465970995649e-01
8.301522366026376290e-03 9.188806437371819236e-01
7.708556482738777860e-03 9.246571451663863073e-01
1.037690295753296993e-02 8.986982048648328725e-01
1.096986884082056836e-02 8.929431143060262421e-01
1.215580060739576349e-02 8.814499563060378406e-01
1.215580060739576349e-02 8.814499563060378406e-01
1.630656179040895423e-02 8.414334856400400575e-01
2.460808415643532879e-02 7.627018295362357758e-01
2.727643063122952086e-02 7.378617950653341140e-01
3.439202123068069855e-02 6.729943383228373932e-01
3.320608946410550516e-02 6.836549817031285503e-01
3.706036770547489062e-02 6.492470972426016562e-01
4.121112888848808137e-02 6.130054280839929426e-01
3.972871418026908269e-02 6.258476416905683903e-01
4.387947536328227344e-02 5.901852624462056163e-01
4.595485595478886881e-02 5.727087255311262837e-01
4.595485595478886881e-02 5.727087255311262837e-01
5.247748067095245328e-02 5.194253481110322479e-01
5.366341243752763973e-02 5.100170378774893098e-01
5.099506596273345460e-02 5.313091918063778119e-01
5.010561713780205262e-02 5.385044362657284145e-01
5.247748067095245328e-02 5.194253481110322479e-01
5.247748067095245328e-02 5.194253481110322479e-01
4.921616831287065758e-02 5.457477395487861926e-01
4.417595830492607872e-02 5.876737803767448920e-01
4.299002653835087145e-02 5.977489081697676676e-01
4.358299242163847509e-02 5.927016269434939311e-01
4.002519712191288104e-02 6.232700258990213626e-01
3.350257240574930351e-02 6.809838595647544901e-01
2.994477710602371293e-02 7.132898626942123510e-01
2.668346474794192069e-02 7.433594574316628734e-01
2.342215238986013193e-02 7.738217178513379091e-01
2.460808415643532879e-02 7.627018295362357758e-01
2.371863533150393027e-02 7.710373360539325427e-01
2.609049886465432400e-02 7.488701052228343702e-01
3.290960652246169987e-02 6.863300293422641696e-01
3.883926535533768765e-02 6.336075945836285861e-01
4.091464594684428302e-02 6.155646465962631986e-01
4.299002653835087145e-02 5.977489081697676676e-01
4.714078772136406220e-02 5.628325879478939253e-01
5.129154890437724601e-02 5.289215487719876041e-01
5.662824185396563709e-02 4.868882533534031332e-01
6.196493480355402123e-02 4.467108895906160004e-01
7.115590599451178389e-02 3.820961561382232308e-01
7.085942305286800635e-02 3.840875631652067579e-01
6.789459363643000900e-02 4.043455626037896211e-01
6.819107657807380041e-02 4.022917372086682875e-01
6.255790068684162486e-02 4.423650702271484381e-01
6.196493480355402123e-02 4.467108895906160004e-01
6.374383245341681825e-02 4.337456682186658918e-01
6.344734951177301296e-02 4.358914596311522782e-01
6.196493480355402123e-02 4.467108895906160004e-01
6.522624716163581693e-02 4.231078096129455846e-01
6.878404246136139710e-02 3.982027141488467814e-01
7.441721835259358653e-02 3.606066084965107166e-01
7.945742836053816538e-02 3.289065401280076850e-01
8.123632601040095547e-02 3.181589335362122739e-01
8.182929189368856604e-02 3.146276022038722586e-01
8.449763836848275811e-02 2.990535084792834697e-01
8.805543366820833828e-02 2.790937805667092486e-01
9.190971190957773762e-02 2.585054666374553278e-01
9.902530250902891185e-02 2.232900733959704287e-01
9.724640485916610788e-02 2.317575706007100333e-01
1.011006831005355072e-01 2.136911374789931539e-01
1.043619954586172960e-01 1.992088056805922103e-01
1.064373760501238775e-01 1.903704910752466173e-01
1.082162736999866814e-01 1.830252617176621188e-01
1.058444101668363085e-01 1.928660274584493850e-01
1.028795807503982973e-01 2.057011360082986462e-01
1.019901319254669092e-01 2.096688543504385827e-01
9.932178545067270325e-02 2.219004069689727299e-01
9.190971190957773762e-02 2.585054666374553278e-01
8.953784837642732308e-02 2.710482346465626913e-01
8.479412131012654952e-02 2.973550534664020639e-01
8.005039424382576208e-02 3.252984096087256916e-01
7.560315011916877992e-02 3.529821582142212977e-01
6.967349128629278521e-02 3.921158714755809127e-01
6.611569598656720503e-02 4.167983588330201883e-01
6.226141774519781957e-02 4.445349800368063597e-01
5.662824185396563709e-02 4.868882533534031332e-01
5.366341243752763973e-02 5.100170378774893098e-01
5.158803184602105130e-02 5.265393238943145704e-01
4.476892418821366154e-02 5.826655575414094734e-01
3.706036770547489062e-02 6.492470972426016562e-01
3.261312358081790846e-02 6.890089730484230124e-01
2.549753298136672730e-02 7.543934791309931942e-01
1.778897649862794597e-02 8.272341186337420771e-01
1.363821531561476043e-02 8.671184675178263968e-01
1.245228354903956530e-02 8.785804286038754185e-01
8.005039424382576208e-03 9.217683837331315244e-01
4.150761183013188145e-03 9.593882714367604203e-01
8.894488249313974287e-04 9.912939342373472407e-01
1.185931766575196427e-03 9.883920896866599248e-01
8.894488249313974287e-04 9.912939342373472407e-01
-2.964829416437991284e-03 9.709855443841508560e-01
-5.633175891232183354e-03 9.449039213268972670e-01
-8.598005307670174638e-03 9.159939626331864426e-01
-1.245228354903956530e-02 8.785804286038754185e-01
-1.660304473205275258e-02 8.385893692449536418e-01
-1.897490826520314283e-02 8.159145165192873694e-01
-1.689952767369655093e-02 8.357473386901990153e-01
