1.603999999999999870e-01
1.580000000000000016e-01
1.423999999999999988e-01
1.652000000000000135e-01
1.814000000000000057e-01
3.004000000000000004e-01
3.622000000000000219e-01
4.182000000000000162e-01
4.712000000000000077e-01
5.013999999999999568e-01
5.076000000000000512e-01
4.955999999999999850e-01
4.759999999999999787e-01
4.713999999999999857e-01
4.823999999999999955e-01
4.551999999999999935e-01
5.083999999999999631e-01
4.808000000000000052e-01
5.043999999999999595e-01
4.981999999999999762e-01
4.892000000000000237e-01
4.759999999999999787e-01
4.467999999999999750e-01
4.537999999999999812e-01
4.163999999999999924e-01
4.193999999999999950e-01
4.401999999999999802e-01
3.781999999999999806e-01
3.064000000000000057e-01
2.723999999999999755e-01
2.595999999999999974e-01
2.431999999999999995e-01
1.577999999999999958e-01
1.554000000000000103e-01
1.479999999999999927e-01
9.360000000000000264e-02
6.239999999999999714e-02
2.479999999999999913e-02
8.399999999999999481e-03
5.599999999999999943e-03
6.400000000000000307e-03
1.000000000000000021e-03
8.000000000000000383e-04
5.999999999999999474e-04
1.399999999999999986e-03
2.399999999999999790e-03
8.000000000000000383e-04
1.399999999999999986e-03
8.000000000000000383e-04
1.600000000000000077e-03
1.600000000000000077e-03
8.000000000000000383e-04
1.399999999999999986e-03
2.200000000000000133e-03
1.399999999999999986e-03
8.399999999999999481e-03
7.199999999999999803e-03
7.799999999999999642e-03
7.599999999999999985e-03
7.599999999999999985e-03
2.120000000000000009e-02
2.440000000000000155e-02
2.380000000000000171e-02
2.440000000000000155e-02
2.239999999999999977e-02
2.380000000000000171e-02
2.179999999999999993e-02
2.759999999999999953e-02
2.380000000000000171e-02
3.099999999999999978e-02
3.440000000000000002e-02
5.079999999999999793e-02
5.179999999999999882e-02
6.539999999999999980e-02
2.299999999999999961e-02
1.859999999999999848e-02
2.659999999999999865e-02
5.480000000000000149e-02
8.480000000000000038e-02
9.859999999999999321e-02
1.008000000000000007e-01
1.428000000000000103e-01
1.559999999999999998e-01
2.056000000000000050e-01
2.477999999999999925e-01
2.233999999999999875e-01
2.477999999999999925e-01
2.816000000000000170e-01
3.068000000000000171e-01
3.422000000000000042e-01
3.805999999999999939e-01
3.934000000000000274e-01
4.464000000000000190e-01
4.788000000000000034e-01
4.969999999999999973e-01
4.242000000000000215e-01
4.282000000000000250e-01
4.627999999999999892e-01
4.756000000000000227e-01
4.222000000000000197e-01
3.286000000000000032e-01
2.992000000000000215e-01
3.548000000000000043e-01
3.738000000000000211e-01
3.632000000000000228e-01
3.579999999999999849e-01
3.664000000000000035e-01
4.053999999999999826e-01
4.047999999999999932e-01
4.040000000000000258e-01
4.541999999999999926e-01
4.178000000000000047e-01
4.232000000000000206e-01
4.113999999999999879e-01
4.143999999999999906e-01
4.109999999999999765e-01
4.116000000000000214e-01
4.359999999999999987e-01
4.504000000000000226e-01
4.556000000000000050e-01
4.627999999999999892e-01
4.994000000000000106e-01
4.928000000000000158e-01
4.712000000000000077e-01
4.547999999999999821e-01
4.680000000000000271e-01
4.617999999999999883e-01
4.667999999999999927e-01
4.586000000000000076e-01
4.617999999999999883e-01
4.223999999999999977e-01
4.576000000000000068e-01
4.799999999999999822e-01
5.046000000000000485e-01
5.031999999999999806e-01
4.948000000000000176e-01
4.908000000000000140e-01
4.968000000000000194e-01
4.703999999999999848e-01
4.872000000000000219e-01
4.746000000000000218e-01
4.712000000000000077e-01
4.324000000000000066e-01
4.032000000000000028e-01
4.351999999999999758e-01
4.786000000000000254e-01
4.789999999999999813e-01
4.703999999999999848e-01
3.217999999999999750e-01
3.956000000000000072e-01
5.013999999999999568e-01
3.714000000000000079e-01
4.069999999999999729e-01
3.781999999999999806e-01
3.446000000000000174e-01
2.999999999999999889e-01
2.518000000000000238e-01
2.074000000000000010e-01
2.162000000000000033e-01
2.250000000000000056e-01
2.175999999999999879e-01
1.894000000000000128e-01
1.786000000000000087e-01
1.736000000000000043e-01
1.363999999999999935e-01
1.400000000000000133e-01
1.370000000000000107e-01
1.446000000000000063e-01
9.859999999999999321e-02
7.199999999999999456e-02
8.500000000000000611e-02
7.539999999999999480e-02
5.920000000000000262e-02
3.559999999999999970e-02
4.259999999999999898e-02
4.479999999999999954e-02
3.939999999999999752e-02
6.199999999999999782e-03
8.200000000000000691e-03
8.999999999999999320e-03
9.599999999999999159e-03
6.799999999999999621e-03
7.799999999999999642e-03
5.000000000000000104e-03
5.599999999999999943e-03
7.000000000000000146e-03
5.999999999999999474e-04
4.000000000000000192e-04
8.000000000000000383e-04
1.000000000000000021e-03
2.200000000000000133e-03
1.399999999999999986e-03
1.199999999999999895e-03
1.000000000000000021e-03
1.199999999999999895e-03
8.000000000000000383e-04
1.199999999999999895e-03
8.000000000000000383e-04
1.000000000000000021e-03
2.000000000000000096e-04
5.999999999999999474e-04
1.000000000000000021e-03
8.000000000000000383e-04
1.600000000000000077e-03
1.199999999999999895e-03
1.600000000000000077e-03
1.199999999999999895e-03
8.000000000000000383e-04
2.000000000000000042e-03
8.000000000000000383e-04
1.000000000000000021e-03
1.199999999999999895e-03
2.599999999999999881e-03
1.199999999999999895e-03
8.000000000000000383e-04
1.000000000000000021e-03
1.199999999999999895e-03
1.000000000000000021e-03
1.399999999999999986e-03
1.399999999999999986e-03
1.000000000000000021e-03
1.199999999999999895e-03
1.000000000000000021e-03
4.000000000000000192e-04
1.399999999999999986e-03
1.600000000000000077e-03
1.199999999999999895e-03
8.000000000000000383e-04
8.000000000000000383e-04
1.199999999999999895e-03
8.000000000000000383e-04
2.000000000000000096e-04
1.199999999999999895e-03
1.000000000000000021e-03
1.199999999999999895e-03
2.000000000000000042e-03
8.000000000000000383e-04
8.000000000000000383e-04
1.199999999999999895e-03
1.600000000000000077e-03
1.000000000000000021e-03
4.000000000000000192e-04
5.999999999999999474e-04
1.399999999999999986e-03
1.399999999999999986e-03
8.000000000000000383e-04
1.199999999999999895e-03
4.000000000000000192e-04
1.000000000000000021e-03
7.000000000000000146e-03
8.800000000000000530e-03
1.199999999999999895e-03
3.039999999999999994e-02
2.819999999999999937e-02
3.160000000000000309e-02
5.439999999999999697e-02
6.679999999999999827e-02
8.840000000000000635e-02
8.140000000000000013e-02
8.480000000000000038e-02
7.979999999999999594e-02
8.759999999999999731e-02
9.700000000000000289e-02
8.580000000000000127e-02
1.313999999999999890e-01
1.250000000000000000e-01
1.313999999999999890e-01
1.615999999999999936e-01
1.665999999999999981e-01
1.655999999999999972e-01
1.703999999999999959e-01
1.678000000000000047e-01
1.960000000000000075e-01
1.648000000000000020e-01
1.739999999999999880e-01
1.925999999999999934e-01
1.852000000000000035e-01
1.658000000000000029e-01
1.456000000000000072e-01
1.423999999999999988e-01
1.358000000000000040e-01
1.368000000000000049e-01
1.353999999999999926e-01
1.348000000000000032e-01
1.277999999999999969e-01
9.400000000000000022e-02
7.320000000000000118e-02
7.860000000000000320e-02
6.079999999999999988e-02
3.760000000000000148e-02
2.580000000000000002e-02
1.739999999999999880e-02
2.419999999999999929e-02
2.380000000000000171e-02
5.599999999999999943e-03
8.999999999999999320e-03
8.000000000000000383e-04
1.199999999999999895e-03
1.199999999999999895e-03
5.999999999999999474e-04
1.399999999999999986e-03
5.999999999999999474e-04
1.600000000000000077e-03
1.399999999999999986e-03
5.999999999999999474e-04
1.399999999999999986e-03
5.999999999999999474e-04
1.000000000000000021e-03
6.599999999999999964e-03
8.800000000000000530e-03
8.000000000000000167e-03
6.799999999999999621e-03
2.380000000000000171e-02
2.580000000000000002e-02
2.100000000000000130e-02
2.259999999999999856e-02
6.560000000000000553e-02
9.320000000000000506e-02
1.035999999999999976e-01
1.028000000000000025e-01
1.454000000000000015e-01
2.235999999999999932e-01
2.358000000000000096e-01
2.500000000000000000e-01
2.363999999999999990e-01
2.636000000000000010e-01
2.701999999999999957e-01
2.717999999999999861e-01
2.733999999999999764e-01
2.510000000000000009e-01
2.361999999999999933e-01
2.310000000000000109e-01
2.265999999999999959e-01
1.423999999999999988e-01
1.171999999999999986e-01
9.260000000000000175e-02
6.279999999999999472e-02
4.499999999999999833e-02
2.879999999999999921e-02
2.380000000000000171e-02
2.259999999999999856e-02
2.620000000000000107e-02
2.840000000000000163e-02
5.599999999999999943e-03
7.400000000000000328e-03
7.400000000000000328e-03
7.400000000000000328e-03
9.400000000000000369e-03
7.400000000000000328e-03
8.200000000000000691e-03
7.799999999999999642e-03
7.400000000000000328e-03
6.799999999999999621e-03
8.000000000000000167e-03
8.000000000000000167e-03
8.000000000000000167e-03
9.199999999999999845e-03
8.999999999999999320e-03
7.199999999999999803e-03
6.199999999999999782e-03
5.999999999999999474e-04
2.160000000000000114e-02
8.399999999999999481e-03
9.199999999999999845e-03
1.000000000000000021e-03
1.399999999999999986e-03
1.000000000000000021e-03
2.000000000000000042e-03
8.000000000000000383e-04
7.199999999999999803e-03
5.999999999999999474e-04
8.000000000000000167e-03
8.399999999999999481e-03
8.000000000000000167e-03
1.199999999999999895e-03
4.000000000000000192e-04
1.000000000000000021e-03
1.399999999999999986e-03
1.000000000000000021e-03
1.600000000000000077e-03
2.200000000000000133e-03
1.399999999999999986e-03
8.000000000000000383e-04
2.000000000000000042e-03
8.000000000000000383e-04
1.000000000000000021e-03
1.000000000000000021e-03
1.000000000000000021e-03
5.999999999999999474e-04
8.000000000000000383e-04
1.199999999999999895e-03
1.000000000000000021e-03
1.000000000000000021e-03
1.600000000000000077e-03
8.000000000000000383e-04
2.399999999999999790e-03
1.399999999999999986e-03
1.000000000000000021e-03
5.999999999999999474e-04
1.799999999999999951e-03
1.199999999999999895e-03
1.600000000000000077e-03
1.000000000000000021e-03
8.000000000000000383e-04
2.000000000000000096e-04
1.000000000000000021e-03
1.199999999999999895e-03
1.600000000000000077e-03
5.999999999999999474e-04
2.000000000000000042e-03
1.199999999999999895e-03
5.799999999999999600e-03
6.000000000000000125e-03
8.800000000000000530e-03
9.199999999999999845e-03
6.599999999999999964e-03
8.200000000000000691e-03
2.699999999999999969e-02
2.680000000000000090e-02
2.699999999999999969e-02
2.740000000000000074e-02
2.100000000000000130e-02
2.040000000000000147e-02
2.539999999999999897e-02
3.540000000000000091e-02
1.880000000000000074e-02
2.120000000000000009e-02
2.419999999999999929e-02
2.139999999999999888e-02
2.560000000000000123e-02
2.359999999999999945e-02
2.000000000000000042e-02
7.199999999999999803e-03
7.199999999999999803e-03
8.600000000000000006e-03
5.599999999999999943e-03
8.399999999999999481e-03
5.799999999999999600e-03
6.400000000000000307e-03
7.199999999999999803e-03
6.000000000000000125e-03
6.799999999999999621e-03
4.000000000000000192e-04
1.000000000000000021e-03
4.000000000000000192e-04
1.199999999999999895e-03
1.399999999999999986e-03
1.199999999999999895e-03
1.000000000000000021e-03
1.000000000000000021e-03
7.000000000000000146e-03
1.000000000000000021e-03
1.000000000000000021e-03
8.000000000000000383e-04
1.000000000000000021e-03
5.999999999999999474e-04
1.199999999999999895e-03
1.799999999999999951e-03
1.399999999999999986e-03
8.000000000000000383e-04
1.199999999999999895e-03
0.000000000000000000e+00
8.000000000000000383e-04
1.799999999999999951e-03
1.000000000000000021e-03
5.999999999999999474e-04
1.000000000000000021e-03
5.999999999999999474e-04
4.000000000000000192e-04
4.000000000000000192e-04
1.600000000000000077e-03
1.000000000000000021e-03
1.199999999999999895e-03
1.600000000000000077e-03
7.599999999999999985e-03
1.399999999999999986e-03
5.599999999999999943e-03
7.199999999999999803e-03
7.000000000000000146e-03
1.399999999999999986e-03
8.000000000000000383e-04
2.000000000000000096e-04
2.000000000000000096e-04
1.199999999999999895e-03
1.000000000000000021e-03
5.999999999999999474e-04
1.000000000000000021e-03
1.799999999999999951e-03
1.799999999999999951e-03
1.399999999999999986e-03
4.000000000000000192e-04
1.399999999999999986e-03
8.000000000000000383e-04
1.000000000000000021e-03
1.000000000000000021e-03
1.199999999999999895e-03
4.000000000000000192e-04
5.999999999999999474e-04
1.799999999999999951e-03
1.399999999999999986e-03
1.600000000000000077e-03
8.000000000000000383e-04
1.399999999999999986e-03
1.000000000000000021e-03
4.000000000000000192e-04
1.799999999999999951e-03
5.999999999999999474e-04
8.000000000000000383e-04
2.200000000000000133e-03
5.999999999999999474e-04
1.199999999999999895e-03
1.399999999999999986e-03
6.799999999999999621e-03
6.799999999999999621e-03
6.799999999999999621e-03
5.999999999999999474e-04
2.000000000000000096e-04
8.000000000000000167e-03
2.419999999999999929e-02
7.400000000000000328e-03
9.599999999999999159e-03
9.599999999999999159e-03
8.800000000000000530e-03
7.400000000000000328e-03
2.500000000000000139e-02
2.719999999999999848e-02
2.160000000000000114e-02
2.620000000000000107e-02
2.560000000000000123e-02
2.380000000000000171e-02
1.980000000000000163e-02
2.079999999999999905e-02
2.040000000000000147e-02
2.719999999999999848e-02
2.560000000000000123e-02
2.380000000000000171e-02
1.899999999999999953e-02
2.500000000000000139e-02
2.280000000000000082e-02
2.520000000000000018e-02
2.199999999999999872e-02
2.359999999999999945e-02
5.360000000000000181e-02
5.659999999999999754e-02
6.719999999999999585e-02
7.399999999999999634e-02
6.859999999999999432e-02
6.819999999999999674e-02
7.639999999999999569e-02
7.340000000000000691e-02
1.000000000000000056e-01
9.099999999999999756e-02
7.900000000000000078e-02
1.045999999999999985e-01
1.053999999999999937e-01
1.195999999999999980e-01
1.158000000000000002e-01
1.158000000000000002e-01
1.403999999999999970e-01
1.355999999999999983e-01
1.391999999999999904e-01
1.487999999999999878e-01
1.570000000000000007e-01
1.948000000000000009e-01
2.001999999999999891e-01
1.731999999999999929e-01
1.658000000000000029e-01
1.839999999999999969e-01
1.837999999999999912e-01
1.855999999999999872e-01
1.875999999999999890e-01
1.791999999999999982e-01
2.020000000000000129e-01
2.200000000000000011e-01
2.341999999999999915e-01
2.290000000000000091e-01
2.305999999999999994e-01
2.416000000000000092e-01
2.326000000000000012e-01
2.280000000000000082e-01
2.202000000000000068e-01
2.018000000000000071e-01
2.137999999999999901e-01
2.061999999999999944e-01
2.099999999999999922e-01
2.079999999999999905e-01
1.768000000000000127e-01
1.845999999999999863e-01
1.663999999999999924e-01
1.607999999999999985e-01
1.345999999999999974e-01
1.310000000000000053e-01
1.144000000000000017e-01
1.004000000000000031e-01
9.900000000000000466e-02
9.740000000000000047e-02
5.800000000000000294e-02
5.759999999999999842e-02
2.999999999999999889e-02
2.900000000000000147e-02
2.779999999999999832e-02
3.020000000000000115e-02
3.459999999999999881e-02
7.340000000000000691e-02
5.020000000000000157e-02
7.560000000000000053e-02
9.400000000000000022e-02
7.140000000000000513e-02
7.960000000000000409e-02
1.418000000000000094e-01
1.287999999999999978e-01
1.343999999999999917e-01
1.650000000000000078e-01
1.670000000000000095e-01
1.990000000000000102e-01
2.107999999999999874e-01
2.041999999999999926e-01
2.223999999999999866e-01
2.466000000000000136e-01
2.580000000000000071e-01
2.414000000000000035e-01
2.600000000000000089e-01
2.893999999999999906e-01
2.856000000000000205e-01
3.437999999999999945e-01
3.765999999999999903e-01
3.711999999999999744e-01
3.936000000000000054e-01
3.981999999999999984e-01
4.072000000000000064e-01
4.102000000000000091e-01
4.153999999999999915e-01
4.062000000000000055e-01
3.900000000000000133e-01
3.745999999999999885e-01
3.940000000000000169e-01
4.006000000000000116e-01
4.046000000000000152e-01
3.890000000000000124e-01
3.881999999999999895e-01
3.957999999999999852e-01
3.907999999999999807e-01
3.861999999999999877e-01
3.914000000000000257e-01
3.910000000000000142e-01
3.250000000000000111e-01
3.128000000000000225e-01
3.155999999999999917e-01
3.277999999999999803e-01
3.178000000000000269e-01
2.792000000000000037e-01
2.807999999999999940e-01
2.753999999999999782e-01
2.406000000000000083e-01
2.511999999999999789e-01
2.750000000000000222e-01
2.554000000000000159e-01
2.681999999999999940e-01
2.686000000000000054e-01
2.518000000000000238e-01
2.366000000000000048e-01
2.447999999999999898e-01
2.531999999999999806e-01
2.654000000000000248e-01
2.605999999999999983e-01
2.485999999999999877e-01
2.575999999999999956e-01
2.424000000000000044e-01
2.479999999999999982e-01
2.492000000000000048e-01
2.399999999999999911e-01
2.474000000000000088e-01
2.521999999999999797e-01
2.235999999999999932e-01
2.109999999999999931e-01
1.952000000000000124e-01
2.008000000000000063e-01
2.030000000000000138e-01
2.033999999999999975e-01
1.998000000000000054e-01
2.013999999999999957e-01
1.995999999999999996e-01
1.988000000000000045e-01
2.041999999999999926e-01
2.119999999999999940e-01
2.051999999999999935e-01
2.088000000000000134e-01
2.081999999999999962e-01
1.809999999999999942e-01
1.494000000000000050e-01
1.461999999999999966e-01
1.617999999999999994e-01
1.545999999999999874e-01
1.673999999999999932e-01
1.481999999999999984e-01
1.378000000000000058e-01
1.270000000000000018e-01
1.247999999999999943e-01
1.254000000000000115e-01
9.639999999999999958e-02
8.619999999999999885e-02
9.639999999999999958e-02
9.099999999999999756e-02
7.240000000000000602e-02
9.039999999999999425e-02
1.076000000000000012e-01
1.063999999999999946e-01
1.024000000000000049e-01
8.519999999999999796e-02
9.360000000000000264e-02
1.274000000000000132e-01
1.283999999999999864e-01
1.680000000000000104e-01
2.561999999999999833e-01
2.564000000000000168e-01
3.180000000000000049e-01
3.442000000000000060e-01
3.784000000000000141e-01
3.672000000000000264e-01
4.143999999999999906e-01
3.837999999999999745e-01
4.232000000000000206e-01
4.414000000000000146e-01
4.401999999999999802e-01
4.554000000000000270e-01
4.225999999999999757e-01
4.415999999999999925e-01
4.302000000000000268e-01
4.315999999999999837e-01
4.040000000000000258e-01
4.368000000000000216e-01
4.560000000000000164e-01
5.048000000000000265e-01
4.652000000000000024e-01
4.593999999999999750e-01
4.607999999999999874e-01
4.344000000000000083e-01
4.228000000000000091e-01
3.983999999999999764e-01
3.890000000000000124e-01
3.780000000000000027e-01
3.930000000000000160e-01
3.775999999999999912e-01
3.463999999999999857e-01
3.002000000000000224e-01
3.024000000000000021e-01
2.806000000000000161e-01
2.666000000000000036e-01
2.631999999999999895e-01
2.630000000000000115e-01
2.802000000000000046e-01
3.184000000000000163e-01
3.131999999999999784e-01
3.024000000000000021e-01
3.002000000000000224e-01
3.443999999999999839e-01
3.486000000000000210e-01
3.562000000000000166e-01
3.649999999999999911e-01
3.548000000000000043e-01
3.556000000000000272e-01
3.526000000000000245e-01
3.699999999999999956e-01
3.655999999999999805e-01
4.016000000000000125e-01
3.357999999999999874e-01
3.578000000000000069e-01
3.542000000000000148e-01
3.582000000000000184e-01
3.538000000000000034e-01
3.356000000000000094e-01
3.316000000000000059e-01
3.095999999999999863e-01
3.569999999999999840e-01
3.205999999999999961e-01
3.317999999999999838e-01
3.230000000000000093e-01
3.098000000000000198e-01
3.111999999999999766e-01
2.554000000000000159e-01
2.681999999999999940e-01
2.545999999999999930e-01
2.278000000000000025e-01
2.720000000000000195e-01
2.454000000000000070e-01
2.867999999999999994e-01
4.899999999999999911e-01
4.591999999999999971e-01
4.895999999999999797e-01
4.617999999999999883e-01
4.371999999999999775e-01
4.415999999999999925e-01
4.571999999999999953e-01
4.829999999999999849e-01
4.424000000000000155e-01
4.269999999999999907e-01
3.837999999999999745e-01
4.596000000000000085e-01
4.500000000000000111e-01
4.395999999999999908e-01
4.077999999999999958e-01
4.023999999999999799e-01
4.072000000000000064e-01
3.847999999999999754e-01
3.865999999999999992e-01
3.477999999999999980e-01
3.578000000000000069e-01
3.287999999999999812e-01
3.227999999999999758e-01
2.434000000000000052e-01
2.079999999999999905e-01
1.733999999999999986e-01
1.827999999999999903e-01
1.323999999999999899e-01
1.383999999999999952e-01
1.042000000000000010e-01
8.899999999999999578e-02
6.160000000000000198e-02
6.119999999999999746e-02
3.760000000000000148e-02
2.359999999999999945e-02
7.199999999999999803e-03
9.599999999999999159e-03
4.000000000000000192e-04
1.199999999999999895e-03
1.199999999999999895e-03
5.799999999999999600e-03
5.199999999999999761e-03
9.599999999999999159e-03
9.400000000000000369e-03
6.799999999999999621e-03
9.199999999999999845e-03
8.000000000000000167e-03
8.200000000000000691e-03
9.799999999999999684e-03
7.400000000000000328e-03
1.000000000000000021e-03
1.399999999999999986e-03
1.399999999999999986e-03
1.799999999999999951e-03
1.000000000000000021e-03
7.000000000000000146e-03
7.199999999999999803e-03
8.000000000000000167e-03
2.479999999999999913e-02
4.039999999999999841e-02
6.199999999999999956e-02
6.199999999999999956e-02
6.060000000000000109e-02
8.079999999999999682e-02
6.119999999999999746e-02
