5.999999999999999474e-04
1.199999999999999895e-03
2.000000000000000042e-03
1.199999999999999895e-03
1.399999999999999986e-03
8.000000000000000383e-04
5.999999999999999474e-04
1.199999999999999895e-03
1.199999999999999895e-03
5.799999999999999600e-03
9.199999999999999845e-03
6.799999999999999621e-03
8.800000000000000530e-03
9.400000000000000369e-03
2.620000000000000107e-02
2.520000000000000018e-02
2.920000000000000026e-02
3.200000000000000067e-02
4.880000000000000310e-02
6.519999999999999407e-02
6.419999999999999318e-02
6.959999999999999520e-02
7.259999999999999787e-02
6.840000000000000246e-02
7.040000000000000424e-02
1.171999999999999986e-01
1.093999999999999972e-01
1.164000000000000035e-01
1.068000000000000060e-01
1.155999999999999944e-01
1.121999999999999942e-01
1.107999999999999957e-01
1.239999999999999991e-01
1.476000000000000090e-01
1.680000000000000104e-01
1.464000000000000024e-01
1.198000000000000037e-01
1.768000000000000127e-01
2.242000000000000104e-01
2.993999999999999995e-01
3.160000000000000031e-01
4.017999999999999905e-01
4.623999999999999777e-01
4.633999999999999786e-01
4.385999999999999899e-01
3.874000000000000221e-01
3.413999999999999813e-01
3.024000000000000021e-01
2.697999999999999843e-01
2.434000000000000052e-01
2.010000000000000120e-01
1.630000000000000060e-01
8.759999999999999731e-02
9.220000000000000417e-02
8.640000000000000457e-02
7.820000000000000562e-02
4.039999999999999841e-02
7.799999999999999642e-03
1.199999999999999895e-03
1.600000000000000077e-03
5.999999999999999474e-04
8.000000000000000383e-04
8.000000000000000383e-04
1.000000000000000021e-03
1.799999999999999951e-03
5.999999999999999474e-04
1.000000000000000021e-03
8.200000000000000691e-03
5.799999999999999600e-03
2.819999999999999937e-02
2.040000000000000147e-02
7.979999999999999594e-02
1.293999999999999873e-01
1.791999999999999982e-01
2.030000000000000138e-01
2.165999999999999870e-01
2.169999999999999984e-01
2.215999999999999914e-01
2.243999999999999884e-01
2.636000000000000010e-01
3.220000000000000084e-01
3.565999999999999726e-01
3.628000000000000114e-01
3.934000000000000274e-01
4.198000000000000065e-01
4.193999999999999950e-01
4.924000000000000044e-01
4.819999999999999840e-01
4.222000000000000197e-01
3.857999999999999763e-01
4.173999999999999932e-01
3.931999999999999940e-01
3.973999999999999755e-01
3.887999999999999790e-01
3.669999999999999929e-01
3.432000000000000051e-01
3.476000000000000201e-01
3.578000000000000069e-01
3.380000000000000226e-01
3.479999999999999760e-01
2.892000000000000126e-01
2.701999999999999957e-01
2.878000000000000003e-01
1.935999999999999943e-01
1.565999999999999892e-01
1.603999999999999870e-01
1.602000000000000091e-01
1.365999999999999992e-01
1.073999999999999955e-01
1.058000000000000052e-01
1.213999999999999940e-01
1.089999999999999997e-01
6.539999999999999980e-02
7.860000000000000320e-02
3.939999999999999752e-02
5.140000000000000124e-02
3.599999999999999728e-02
8.200000000000000691e-03
7.799999999999999642e-03
7.199999999999999803e-03
7.799999999999999642e-03
7.199999999999999803e-03
2.359999999999999945e-02
2.920000000000000026e-02
2.960000000000000131e-02
3.180000000000000188e-02
3.080000000000000099e-02
2.440000000000000155e-02
2.819999999999999937e-02
2.779999999999999832e-02
2.100000000000000130e-02
5.580000000000000238e-02
3.719999999999999696e-02
7.620000000000000384e-02
7.760000000000000231e-02
7.480000000000000537e-02
1.021999999999999992e-01
1.403999999999999970e-01
1.708000000000000074e-01
1.564000000000000112e-01
1.323999999999999899e-01
1.283999999999999864e-01
1.192000000000000004e-01
1.121999999999999942e-01
1.305999999999999939e-01
1.680000000000000104e-01
1.386000000000000010e-01
1.527999999999999914e-01
1.592000000000000082e-01
1.491999999999999993e-01
2.217999999999999972e-01
2.565999999999999948e-01
2.551999999999999824e-01
3.406000000000000139e-01
4.036000000000000143e-01
4.768000000000000016e-01
4.517999999999999794e-01
4.663999999999999813e-01
3.834000000000000186e-01
3.578000000000000069e-01
3.476000000000000201e-01
3.286000000000000032e-01
2.857999999999999985e-01
2.270000000000000073e-01
2.255999999999999950e-01
2.039999999999999869e-01
2.207999999999999963e-01
1.932000000000000106e-01
1.787999999999999867e-01
2.670000000000000151e-01
2.407999999999999863e-01
2.687999999999999834e-01
3.098000000000000198e-01
3.178000000000000269e-01
3.449999999999999734e-01
3.971999999999999975e-01
4.358000000000000207e-01
4.490000000000000102e-01
4.673999999999999821e-01
4.517999999999999794e-01
4.601999999999999980e-01
4.577999999999999847e-01
4.338000000000000189e-01
4.318000000000000171e-01
4.208000000000000074e-01
3.844000000000000195e-01
3.841999999999999860e-01
4.063999999999999835e-01
4.454000000000000181e-01
4.682000000000000051e-01
4.656000000000000139e-01
4.653999999999999804e-01
4.686000000000000165e-01
4.723999999999999866e-01
4.829999999999999849e-01
4.686000000000000165e-01
4.657999999999999918e-01
4.530000000000000138e-01
4.607999999999999874e-01
4.762000000000000122e-01
4.514000000000000234e-01
4.586000000000000076e-01
4.621999999999999997e-01
4.842000000000000193e-01
4.991999999999999771e-01
4.845999999999999752e-01
4.885999999999999788e-01
4.441999999999999837e-01
3.956000000000000072e-01
3.900000000000000133e-01
3.684000000000000052e-01
3.632000000000000228e-01
3.453999999999999848e-01
3.678000000000000158e-01
3.741999999999999771e-01
3.144000000000000128e-01
3.297999999999999821e-01
3.612000000000000210e-01
3.486000000000000210e-01
3.774000000000000132e-01
3.896000000000000019e-01
3.941999999999999948e-01
3.926000000000000045e-01
3.532000000000000139e-01
3.018000000000000127e-01
2.903999999999999915e-01
2.939999999999999836e-01
2.253999999999999893e-01
1.980000000000000093e-01
2.076000000000000068e-01
1.975999999999999979e-01
1.580000000000000016e-01
1.409999999999999865e-01
1.446000000000000063e-01
1.436000000000000054e-01
1.264000000000000123e-01
1.323999999999999899e-01
9.420000000000000595e-02
6.679999999999999827e-02
7.599999999999999811e-02
6.880000000000000004e-02
8.980000000000000482e-02
9.619999999999999385e-02
9.299999999999999933e-02
9.639999999999999958e-02
1.005999999999999950e-01
1.267999999999999960e-01
1.161999999999999977e-01
8.920000000000000151e-02
9.199999999999999845e-02
1.005999999999999950e-01
8.500000000000000611e-02
6.819999999999999674e-02
6.439999999999999891e-02
2.539999999999999897e-02
6.260000000000000286e-02
5.979999999999999899e-02
4.059999999999999720e-02
6.279999999999999472e-02
5.659999999999999754e-02
6.539999999999999980e-02
6.519999999999999407e-02
4.979999999999999705e-02
2.560000000000000123e-02
2.500000000000000139e-02
6.599999999999999964e-03
4.000000000000000192e-04
8.000000000000000383e-04
1.199999999999999895e-03
5.999999999999999474e-04
4.000000000000000192e-04
1.199999999999999895e-03
1.199999999999999895e-03
8.000000000000000383e-04
8.000000000000000383e-04
6.599999999999999964e-03
8.000000000000000383e-04
2.299999999999999961e-02
3.839999999999999664e-02
1.446000000000000063e-01
1.973999999999999921e-01
2.409999999999999920e-01
3.754000000000000115e-01
4.995999999999999885e-01
4.003999999999999782e-01
3.227999999999999758e-01
2.733999999999999764e-01
2.605999999999999983e-01
2.786000000000000143e-01
2.998000000000000109e-01
2.518000000000000238e-01
2.627999999999999781e-01
2.531999999999999806e-01
2.983999999999999986e-01
3.081999999999999740e-01
2.988000000000000100e-01
2.762000000000000011e-01
2.200000000000000011e-01
2.670000000000000151e-01
2.666000000000000036e-01
2.587999999999999745e-01
1.845999999999999863e-01
2.010000000000000120e-01
1.728000000000000091e-01
2.031999999999999917e-01
1.552000000000000046e-01
1.213999999999999940e-01
5.879999999999999810e-02
6.779999999999999916e-02
1.049999999999999961e-01
1.872000000000000053e-01
1.350000000000000089e-01
1.547999999999999932e-01
1.265999999999999903e-01
1.960000000000000075e-01
1.958000000000000018e-01
2.731999999999999984e-01
3.865999999999999992e-01
4.643999999999999795e-01
4.752000000000000113e-01
4.586000000000000076e-01
4.087999999999999967e-01
4.275999999999999801e-01
5.013999999999999568e-01
4.264000000000000012e-01
4.451999999999999846e-01
4.232000000000000206e-01
2.822000000000000064e-01
2.272000000000000131e-01
1.839999999999999969e-01
1.688000000000000056e-01
1.701999999999999902e-01
1.653999999999999915e-01
1.479999999999999927e-01
1.103999999999999981e-01
1.295999999999999930e-01
1.297999999999999987e-01
1.212000000000000022e-01
1.205999999999999989e-01
1.272000000000000075e-01
1.239999999999999991e-01
1.008000000000000007e-01
8.659999999999999643e-02
9.639999999999999958e-02
8.240000000000000102e-02
7.240000000000000602e-02
1.107999999999999957e-01
1.358000000000000040e-01
1.917999999999999983e-01
1.632000000000000117e-01
2.129999999999999949e-01
2.472000000000000031e-01
2.386000000000000065e-01
2.417999999999999872e-01
3.128000000000000225e-01
3.270000000000000129e-01
3.506000000000000227e-01
3.592000000000000193e-01
3.662000000000000255e-01
3.960000000000000187e-01
4.083999999999999853e-01
3.910000000000000142e-01
4.052000000000000046e-01
4.557999999999999829e-01
4.653999999999999804e-01
4.546000000000000041e-01
4.646000000000000130e-01
4.616000000000000103e-01
4.653999999999999804e-01
4.467999999999999750e-01
5.078000000000000291e-01
5.125999999999999446e-01
4.576000000000000068e-01
5.078000000000000291e-01
5.120000000000000107e-01
4.796000000000000263e-01
5.000000000000000000e-01
4.042000000000000037e-01
4.062000000000000055e-01
4.166000000000000258e-01
3.967999999999999861e-01
3.605999999999999761e-01
3.662000000000000255e-01
3.632000000000000228e-01
3.548000000000000043e-01
3.548000000000000043e-01
3.190000000000000058e-01
3.333999999999999742e-01
2.938000000000000056e-01
2.439999999999999947e-01
2.485999999999999877e-01
2.134000000000000064e-01
2.132000000000000006e-01
2.184000000000000108e-01
2.436000000000000110e-01
2.313999999999999946e-01
2.303999999999999937e-01
2.356000000000000039e-01
2.336000000000000021e-01
2.288000000000000034e-01
2.303999999999999937e-01
2.190000000000000002e-01
2.484000000000000097e-01
2.654000000000000248e-01
2.866000000000000214e-01
3.054000000000000048e-01
3.665999999999999814e-01
3.413999999999999813e-01
3.079999999999999960e-01
3.768000000000000238e-01
3.119999999999999996e-01
2.773999999999999799e-01
2.899999999999999800e-01
2.388000000000000123e-01
2.406000000000000083e-01
2.212000000000000077e-01
1.096000000000000030e-01
5.720000000000000084e-02
6.759999999999999343e-02
2.340000000000000066e-02
2.580000000000000002e-02
2.500000000000000139e-02
3.459999999999999881e-02
4.560000000000000164e-02
5.639999999999999875e-02
8.840000000000000635e-02
1.072000000000000036e-01
1.175999999999999962e-01
1.076000000000000012e-01
1.130000000000000032e-01
1.419999999999999873e-01
1.386000000000000010e-01
1.388000000000000067e-01
1.474000000000000032e-01
1.837999999999999912e-01
1.865999999999999881e-01
2.308000000000000052e-01
2.146000000000000130e-01
1.688000000000000056e-01
1.933999999999999886e-01
1.817999999999999894e-01
1.552000000000000046e-01
1.791999999999999982e-01
1.834000000000000075e-01
1.529999999999999971e-01
1.567999999999999949e-01
1.610000000000000042e-01
1.421999999999999931e-01
1.194000000000000061e-01
1.388000000000000067e-01
1.134000000000000008e-01
8.480000000000000038e-02
2.620000000000000107e-02
2.580000000000000002e-02
2.359999999999999945e-02
9.400000000000000369e-03
7.799999999999999642e-03
1.000000000000000021e-03
4.000000000000000192e-04
1.799999999999999951e-03
1.000000000000000021e-03
1.799999999999999951e-03
1.600000000000000077e-03
1.000000000000000021e-03
8.000000000000000383e-04
8.000000000000000383e-04
1.399999999999999986e-03
1.799999999999999951e-03
8.000000000000000383e-04
8.200000000000000691e-03
7.199999999999999803e-03
7.400000000000000328e-03
5.599999999999999943e-03
8.000000000000000167e-03
6.599999999999999964e-03
6.199999999999999782e-03
8.000000000000000167e-03
8.800000000000000530e-03
6.199999999999999782e-03
7.599999999999999985e-03
2.000000000000000042e-03
8.000000000000000383e-04
1.600000000000000077e-03
1.199999999999999895e-03
5.999999999999999474e-04
1.600000000000000077e-03
7.000000000000000146e-03
5.680000000000000326e-02
8.119999999999999440e-02
8.459999999999999465e-02
1.383999999999999952e-01
1.564000000000000112e-01
1.275999999999999912e-01
1.885999999999999899e-01
1.971999999999999864e-01
2.152000000000000024e-01
2.039999999999999869e-01
1.963999999999999913e-01
2.479999999999999982e-01
2.812000000000000055e-01
3.433999999999999830e-01
4.716000000000000192e-01
4.766000000000000236e-01
4.158000000000000029e-01
4.176000000000000267e-01
4.252000000000000224e-01
4.424000000000000155e-01
5.100000000000000089e-01
3.864000000000000212e-01
4.788000000000000034e-01
4.736000000000000210e-01
4.637999999999999901e-01
4.717999999999999972e-01
4.596000000000000085e-01
4.400000000000000022e-01
3.538000000000000034e-01
3.472000000000000086e-01
2.049999999999999878e-01
1.247999999999999943e-01
1.096000000000000030e-01
9.660000000000000531e-02
4.179999999999999688e-02
2.520000000000000018e-02
2.259999999999999856e-02
2.280000000000000082e-02
7.199999999999999803e-03
9.199999999999999845e-03
7.599999999999999985e-03
7.000000000000000146e-03
7.599999999999999985e-03
6.599999999999999964e-03
6.799999999999999621e-03
9.400000000000000369e-03
6.199999999999999782e-03
8.200000000000000691e-03
7.400000000000000328e-03
1.020000000000000073e-02
2.239999999999999977e-02
7.320000000000000118e-02
6.579999999999999738e-02
8.279999999999999860e-02
8.719999999999999973e-02
8.880000000000000393e-02
1.059999999999999970e-01
1.260000000000000009e-01
1.199999999999999956e-01
1.487999999999999878e-01
1.963999999999999913e-01
2.472000000000000031e-01
2.489999999999999991e-01
2.846000000000000196e-01
3.045999999999999819e-01
3.141999999999999793e-01
3.069999999999999951e-01
3.264000000000000234e-01
3.585999999999999743e-01
3.880000000000000115e-01
4.006000000000000116e-01
4.319999999999999951e-01
4.859999999999999876e-01
5.016000000000000458e-01
4.702000000000000068e-01
4.205999999999999739e-01
4.534000000000000252e-01
4.581999999999999962e-01
4.242000000000000215e-01
3.991999999999999993e-01
4.365999999999999881e-01
4.627999999999999892e-01
4.763999999999999901e-01
4.919999999999999929e-01
4.991999999999999771e-01
5.026000000000000467e-01
4.600000000000000200e-01
3.320000000000000173e-01
2.983999999999999986e-01
2.106000000000000094e-01
1.718000000000000083e-01
1.448000000000000120e-01
9.139999999999999514e-02
7.679999999999999327e-02
8.160000000000000586e-02
9.039999999999999425e-02
7.059999999999999609e-02
6.880000000000000004e-02
5.879999999999999810e-02
4.220000000000000140e-02
3.500000000000000333e-02
3.880000000000000115e-02
3.760000000000000148e-02
4.139999999999999930e-02
6.199999999999999782e-03
6.599999999999999964e-03
9.599999999999999159e-03
6.799999999999999621e-03
2.280000000000000082e-02
2.280000000000000082e-02
2.620000000000000107e-02
2.460000000000000034e-02
5.599999999999999943e-03
6.199999999999999782e-03
5.199999999999999761e-03
7.400000000000000328e-03
7.400000000000000328e-03
6.599999999999999964e-03
8.800000000000000530e-03
2.199999999999999872e-02
3.880000000000000115e-02
4.499999999999999833e-02
4.159999999999999809e-02
4.200000000000000261e-02
6.719999999999999585e-02
7.059999999999999609e-02
7.779999999999999416e-02
1.028000000000000025e-01
1.302000000000000102e-01
1.242000000000000048e-01
1.688000000000000056e-01
2.263999999999999901e-01
3.119999999999999996e-01
3.493999999999999884e-01
3.907999999999999807e-01
4.202000000000000179e-01
3.970000000000000195e-01
4.112000000000000099e-01
4.369999999999999996e-01
4.643999999999999795e-01
4.783999999999999919e-01
4.898000000000000131e-01
5.093999999999999639e-01
5.090000000000000080e-01
5.008000000000000229e-01
4.083999999999999853e-01
4.169999999999999818e-01
4.163999999999999924e-01
4.408000000000000251e-01
4.621999999999999997e-01
4.560000000000000164e-01
4.099999999999999756e-01
4.262000000000000233e-01
4.208000000000000074e-01
4.395999999999999908e-01
4.298000000000000154e-01
3.926000000000000045e-01
3.967999999999999861e-01
3.327999999999999847e-01
3.416000000000000147e-01
3.396000000000000130e-01
3.217999999999999750e-01
3.191999999999999837e-01
3.045999999999999819e-01
3.042000000000000259e-01
3.274000000000000243e-01
3.347999999999999865e-01
3.695999999999999841e-01
3.652000000000000246e-01
3.761999999999999789e-01
4.040000000000000258e-01
4.243999999999999995e-01
4.799999999999999822e-01
4.662000000000000033e-01
4.717999999999999972e-01
4.772000000000000131e-01
5.043999999999999595e-01
4.511999999999999900e-01
4.637999999999999901e-01
4.428000000000000269e-01
4.212000000000000188e-01
4.663999999999999813e-01
4.596000000000000085e-01
4.776000000000000245e-01
5.000000000000000000e-01
4.571999999999999953e-01
4.914000000000000035e-01
4.862000000000000210e-01
4.788000000000000034e-01
4.772000000000000131e-01
4.620000000000000218e-01
4.769999999999999796e-01
4.662000000000000033e-01
5.123999999999999666e-01
5.053999999999999604e-01
4.839999999999999858e-01
5.053999999999999604e-01
4.879999999999999893e-01
4.944000000000000061e-01
4.989999999999999991e-01
4.994000000000000106e-01
4.888000000000000123e-01
5.023999999999999577e-01
4.822000000000000175e-01
4.329999999999999960e-01
4.762000000000000122e-01
4.703999999999999848e-01
4.772000000000000131e-01
4.404000000000000137e-01
4.556000000000000050e-01
4.282000000000000250e-01
4.093999999999999861e-01
4.040000000000000258e-01
4.209999999999999853e-01
3.675999999999999823e-01
3.841999999999999860e-01
3.457999999999999963e-01
3.755999999999999894e-01
3.622000000000000219e-01
3.141999999999999793e-01
2.995999999999999774e-01
3.095999999999999863e-01
3.234000000000000208e-01
2.973999999999999977e-01
3.005999999999999783e-01
3.145999999999999908e-01
3.304000000000000270e-01
3.522000000000000131e-01
3.605999999999999761e-01
3.728000000000000203e-01
3.735999999999999877e-01
4.186000000000000276e-01
4.435999999999999943e-01
4.053999999999999826e-01
4.431999999999999829e-01
4.540000000000000147e-01
4.985999999999999877e-01
4.884000000000000008e-01
4.762000000000000122e-01
4.643999999999999795e-01
5.051999999999999824e-01
4.955999999999999850e-01
4.753999999999999893e-01
4.444000000000000172e-01
3.901999999999999913e-01
3.089999999999999969e-01
3.291999999999999926e-01
3.286000000000000032e-01
3.128000000000000225e-01
2.280000000000000082e-01
2.222000000000000086e-01
2.116000000000000103e-01
2.260000000000000064e-01
2.331999999999999906e-01
2.295999999999999985e-01
1.917999999999999983e-01
1.620000000000000051e-01
1.648000000000000020e-01
1.628000000000000003e-01
1.902000000000000079e-01
1.837999999999999912e-01
2.472000000000000031e-01
2.452000000000000013e-01
2.843999999999999861e-01
2.866000000000000214e-01
2.916000000000000258e-01
3.032000000000000250e-01
3.357999999999999874e-01
3.679999999999999938e-01
3.870000000000000107e-01
3.887999999999999790e-01
4.447999999999999732e-01
4.418000000000000260e-01
4.526000000000000023e-01
4.802000000000000157e-01
4.955999999999999850e-01
4.490000000000000102e-01
4.295999999999999819e-01
3.904000000000000248e-01
3.861999999999999877e-01
3.917999999999999816e-01
3.518000000000000016e-01
3.313999999999999724e-01
2.955999999999999739e-01
2.644000000000000239e-01
2.647999999999999798e-01
2.641999999999999904e-01
2.482000000000000040e-01
2.326000000000000012e-01
2.081999999999999962e-01
2.129999999999999949e-01
2.313999999999999946e-01
2.313999999999999946e-01
2.386000000000000065e-01
2.424000000000000044e-01
2.500000000000000000e-01
1.363999999999999935e-01
7.660000000000000142e-02
6.779999999999999916e-02
6.040000000000000230e-02
6.539999999999999980e-02
4.019999999999999962e-02
4.340000000000000108e-02
2.239999999999999977e-02
2.500000000000000139e-02
4.179999999999999688e-02
4.019999999999999962e-02
3.660000000000000059e-02
3.980000000000000204e-02
3.819999999999999785e-02
4.019999999999999962e-02
3.540000000000000091e-02
3.839999999999999664e-02
2.840000000000000163e-02
2.620000000000000107e-02
2.259999999999999856e-02
8.000000000000000167e-03
1.039999999999999952e-02
5.799999999999999600e-03
9.599999999999999159e-03
6.599999999999999964e-03
8.600000000000000006e-03
2.239999999999999977e-02
7.599999999999999985e-03
8.800000000000000530e-03
2.000000000000000096e-04
2.000000000000000096e-04
5.999999999999999474e-04
4.599999999999999922e-03
8.000000000000000383e-04
2.000000000000000042e-03
1.799999999999999951e-03
5.999999999999999474e-04
9.400000000000000369e-03
6.799999999999999621e-03
6.199999999999999782e-03
7.000000000000000146e-03
7.400000000000000328e-03
2.000000000000000042e-02
2.199999999999999872e-02
2.000000000000000042e-02
2.440000000000000155e-02
3.280000000000000276e-02
3.339999999999999913e-02
3.039999999999999994e-02
2.879999999999999921e-02
6.740000000000000158e-02
6.800000000000000488e-02
5.439999999999999697e-02
9.299999999999999933e-02
1.082000000000000045e-01
1.117999999999999966e-01
1.254000000000000115e-01
1.164000000000000035e-01
1.554000000000000103e-01
1.703999999999999959e-01
1.650000000000000078e-01
1.698000000000000065e-01
1.486000000000000099e-01
1.943999999999999895e-01
2.041999999999999926e-01
2.511999999999999789e-01
2.521999999999999797e-01
2.474000000000000088e-01
