4.203999999999999959e-01
3.867999999999999772e-01
3.014000000000000012e-01
2.611999999999999877e-01
2.182000000000000051e-01
2.232000000000000095e-01
2.043999999999999984e-01
2.136000000000000121e-01
2.995999999999999774e-01
2.998000000000000109e-01
3.059999999999999942e-01
4.218000000000000083e-01
4.747999999999999998e-01
4.573999999999999733e-01
3.499999999999999778e-01
2.958000000000000074e-01
1.910000000000000031e-01
1.968000000000000027e-01
2.760000000000000231e-01
3.655999999999999805e-01
3.946000000000000063e-01
3.996000000000000107e-01
3.887999999999999790e-01
4.919999999999999929e-01
4.965999999999999859e-01
4.119999999999999774e-01
3.814000000000000168e-01
2.540000000000000036e-01
1.892000000000000071e-01
1.297999999999999987e-01
8.300000000000000433e-02
6.099999999999999867e-02
6.439999999999999891e-02
7.340000000000000691e-02
5.659999999999999754e-02
5.920000000000000262e-02
2.199999999999999872e-02
2.319999999999999840e-02
2.319999999999999840e-02
7.799999999999999642e-03
6.199999999999999782e-03
1.399999999999999986e-03
1.799999999999999951e-03
1.919999999999999832e-02
8.279999999999999860e-02
1.361999999999999877e-01
1.267999999999999960e-01
2.026000000000000023e-01
2.630000000000000115e-01
3.748000000000000220e-01
4.042000000000000037e-01
3.781999999999999806e-01
4.103999999999999870e-01
3.820000000000000062e-01
4.173999999999999932e-01
4.440000000000000058e-01
4.410000000000000031e-01
3.795999999999999930e-01
4.047999999999999932e-01
3.870000000000000107e-01
2.813999999999999835e-01
2.126000000000000112e-01
1.363999999999999935e-01
9.400000000000000022e-02
1.487999999999999878e-01
1.801999999999999991e-01
2.959999999999999853e-01
4.208000000000000074e-01
5.068000000000000282e-01
4.971999999999999753e-01
4.365999999999999881e-01
4.351999999999999758e-01
3.741999999999999771e-01
4.480000000000000093e-01
4.411999999999999811e-01
4.727999999999999980e-01
4.813999999999999946e-01
4.948000000000000176e-01
4.272000000000000242e-01
4.314000000000000057e-01
2.581999999999999851e-01
1.880000000000000004e-01
1.476000000000000090e-01
6.460000000000000464e-02
4.680000000000000132e-02
5.639999999999999875e-02
6.360000000000000375e-02
8.719999999999999973e-02
1.663999999999999924e-01
2.020000000000000129e-01
2.076000000000000068e-01
2.187999999999999945e-01
3.311999999999999944e-01
3.947999999999999843e-01
4.457999999999999741e-01
2.731999999999999984e-01
2.504000000000000115e-01
2.767999999999999905e-01
3.178000000000000269e-01
3.678000000000000158e-01
3.724000000000000088e-01
3.588000000000000078e-01
3.397999999999999909e-01
2.989999999999999880e-01
2.273999999999999910e-01
2.318000000000000060e-01
2.876000000000000223e-01
1.786000000000000087e-01
1.113999999999999990e-01
1.678000000000000047e-01
2.346000000000000030e-01
3.684000000000000052e-01
3.280000000000000138e-01
4.232000000000000206e-01
4.749999999999999778e-01
5.020000000000000018e-01
4.016000000000000125e-01
2.379999999999999893e-01
1.497999999999999887e-01
9.900000000000000466e-02
4.000000000000000083e-02
7.019999999999999851e-02
9.639999999999999958e-02
8.939999999999999336e-02
7.119999999999999940e-02
8.459999999999999465e-02
7.939999999999999836e-02
1.068000000000000060e-01
1.477999999999999869e-01
2.243999999999999884e-01
2.540000000000000036e-01
3.513999999999999901e-01
4.359999999999999987e-01
4.328000000000000180e-01
3.971999999999999975e-01
3.860000000000000098e-01
3.910000000000000142e-01
3.694000000000000061e-01
3.234000000000000208e-01
2.293999999999999928e-01
1.925999999999999934e-01
1.623999999999999888e-01
1.448000000000000120e-01
1.678000000000000047e-01
1.670000000000000095e-01
1.574000000000000121e-01
1.839999999999999969e-01
1.559999999999999998e-01
1.648000000000000020e-01
1.570000000000000007e-01
1.580000000000000016e-01
1.690000000000000113e-01
1.660000000000000087e-01
1.632000000000000117e-01
1.419999999999999873e-01
1.423999999999999988e-01
1.048000000000000043e-01
1.008000000000000007e-01
1.042000000000000010e-01
6.679999999999999827e-02
8.559999999999999554e-02
6.519999999999999407e-02
6.539999999999999980e-02
6.700000000000000400e-02
6.740000000000000158e-02
4.519999999999999712e-02
2.160000000000000114e-02
2.259999999999999856e-02
2.419999999999999929e-02
2.400000000000000050e-02
2.419999999999999929e-02
2.539999999999999897e-02
2.419999999999999929e-02
2.380000000000000171e-02
2.840000000000000163e-02
2.359999999999999945e-02
7.000000000000000146e-03
6.799999999999999621e-03
6.599999999999999964e-03
8.200000000000000691e-03
8.399999999999999481e-03
7.599999999999999985e-03
2.400000000000000050e-02
6.599999999999999964e-03
7.799999999999999642e-03
8.600000000000000006e-03
6.199999999999999782e-03
7.199999999999999803e-03
6.199999999999999782e-03
6.000000000000000125e-03
7.199999999999999803e-03
7.599999999999999985e-03
7.400000000000000328e-03
8.600000000000000006e-03
1.199999999999999895e-03
1.199999999999999895e-03
4.000000000000000192e-04
1.000000000000000021e-03
8.000000000000000383e-04
5.999999999999999474e-04
5.999999999999999474e-04
1.399999999999999986e-03
1.399999999999999986e-03
1.199999999999999895e-03
8.000000000000000383e-04
6.400000000000000307e-03
8.600000000000000006e-03
7.599999999999999985e-03
8.800000000000000530e-03
7.199999999999999803e-03
6.400000000000000307e-03
7.599999999999999985e-03
1.000000000000000021e-02
5.999999999999999474e-04
8.000000000000000383e-04
5.999999999999999474e-04
9.400000000000000369e-03
8.600000000000000006e-03
8.000000000000000167e-03
1.020000000000000073e-02
2.120000000000000009e-02
2.879999999999999921e-02
2.819999999999999937e-02
2.580000000000000002e-02
2.860000000000000042e-02
6.000000000000000125e-03
7.000000000000000146e-03
7.400000000000000328e-03
2.520000000000000018e-02
3.099999999999999978e-02
2.040000000000000147e-02
2.440000000000000155e-02
4.080000000000000293e-02
5.639999999999999875e-02
6.199999999999999956e-02
7.059999999999999609e-02
1.049999999999999961e-01
1.423999999999999988e-01
2.000000000000000111e-01
2.204000000000000126e-01
2.484000000000000097e-01
2.489999999999999991e-01
3.071999999999999731e-01
3.141999999999999793e-01
2.898000000000000020e-01
3.539999999999999813e-01
4.626000000000000112e-01
4.938000000000000167e-01
5.046000000000000485e-01
4.759999999999999787e-01
4.965999999999999859e-01
4.571999999999999953e-01
3.778000000000000247e-01
2.366000000000000048e-01
1.797999999999999876e-01
1.597999999999999976e-01
1.079999999999999988e-01
1.001999999999999974e-01
1.338000000000000023e-01
1.796000000000000096e-01
2.371999999999999942e-01
2.068000000000000116e-01
1.406000000000000028e-01
1.053999999999999937e-01
8.959999999999999909e-02
4.819999999999999979e-02
7.040000000000000424e-02
7.240000000000000602e-02
6.759999999999999343e-02
8.019999999999999352e-02
9.099999999999999756e-02
8.920000000000000151e-02
9.039999999999999425e-02
1.117999999999999966e-01
1.749999999999999889e-01
2.278000000000000025e-01
2.489999999999999991e-01
3.074000000000000066e-01
4.036000000000000143e-01
4.687999999999999945e-01
4.497999999999999776e-01
4.440000000000000058e-01
3.489999999999999769e-01
3.178000000000000269e-01
2.384000000000000008e-01
2.000000000000000111e-01
2.406000000000000083e-01
2.447999999999999898e-01
2.127999999999999892e-01
2.560000000000000053e-01
2.492000000000000048e-01
2.409999999999999920e-01
2.340000000000000135e-01
3.099999999999999978e-01
4.060000000000000275e-01
4.662000000000000033e-01
4.077999999999999958e-01
2.859999999999999765e-01
1.754000000000000004e-01
1.348000000000000032e-01
1.597999999999999976e-01
2.157999999999999918e-01
2.097999999999999865e-01
2.059999999999999887e-01
6.560000000000000553e-02
7.599999999999999985e-03
7.599999999999999985e-03
2.719999999999999848e-02
2.479999999999999913e-02
2.340000000000000066e-02
2.060000000000000026e-02
2.580000000000000002e-02
7.199999999999999803e-03
7.799999999999999642e-03
6.799999999999999621e-03
7.000000000000000146e-03
6.599999999999999964e-03
6.400000000000000307e-03
2.460000000000000034e-02
2.639999999999999986e-02
2.440000000000000155e-02
8.200000000000000691e-03
7.599999999999999985e-03
6.000000000000000125e-03
6.000000000000000125e-03
8.800000000000000530e-03
6.599999999999999964e-03
7.199999999999999456e-02
6.959999999999999520e-02
6.679999999999999827e-02
4.959999999999999826e-02
2.740000000000000074e-02
3.020000000000000115e-02
1.799999999999999951e-03
1.199999999999999895e-03
1.000000000000000021e-03
2.000000000000000096e-04
1.000000000000000021e-03
1.799999999999999951e-03
1.199999999999999895e-03
5.999999999999999474e-04
1.000000000000000021e-03
1.000000000000000021e-03
1.000000000000000021e-03
5.260000000000000092e-02
8.300000000000000433e-02
8.580000000000000127e-02
1.262000000000000066e-01
1.671999999999999875e-01
1.577999999999999958e-01
1.398000000000000076e-01
1.280000000000000027e-01
1.963999999999999913e-01
2.487999999999999934e-01
3.197999999999999732e-01
4.136000000000000232e-01
5.018000000000000238e-01
3.847999999999999754e-01
3.623999999999999999e-01
3.502000000000000113e-01
3.174000000000000155e-01
3.573999999999999955e-01
3.682000000000000273e-01
3.967999999999999861e-01
3.953999999999999737e-01
4.540000000000000147e-01
4.391999999999999793e-01
4.884000000000000008e-01
4.868000000000000105e-01
4.334000000000000075e-01
4.103999999999999870e-01
4.022000000000000020e-01
3.430000000000000271e-01
2.600000000000000089e-01
2.379999999999999893e-01
2.091999999999999971e-01
2.255999999999999950e-01
2.192000000000000060e-01
2.320000000000000118e-01
2.641999999999999904e-01
3.347999999999999865e-01
3.729999999999999982e-01
4.205999999999999739e-01
4.089999999999999747e-01
4.198000000000000065e-01
4.007999999999999896e-01
3.705999999999999850e-01
3.556000000000000272e-01
3.568000000000000060e-01
3.410000000000000253e-01
3.075999999999999845e-01
3.589999999999999858e-01
3.652000000000000246e-01
2.973999999999999977e-01
2.767999999999999905e-01
2.786000000000000143e-01
2.167999999999999927e-01
8.680000000000000215e-02
6.719999999999999585e-02
7.660000000000000142e-02
6.060000000000000109e-02
1.524000000000000077e-01
2.326000000000000012e-01
2.823999999999999844e-01
3.811999999999999833e-01
4.395999999999999908e-01
4.979999999999999982e-01
4.632000000000000006e-01
4.768000000000000016e-01
5.121999999999999886e-01
4.968000000000000194e-01
4.862000000000000210e-01
4.349999999999999978e-01
4.693999999999999839e-01
4.873999999999999999e-01
4.809999999999999831e-01
4.863999999999999990e-01
4.989999999999999991e-01
4.475999999999999979e-01
3.831999999999999851e-01
4.315999999999999837e-01
4.696000000000000174e-01
4.153999999999999915e-01
2.222000000000000086e-01
1.958000000000000018e-01
1.963999999999999913e-01
1.570000000000000007e-01
2.011999999999999900e-01
3.477999999999999980e-01
3.241999999999999882e-01
3.579999999999999849e-01
2.767999999999999905e-01
3.164000000000000146e-01
4.792000000000000148e-01
4.457999999999999741e-01
3.603999999999999981e-01
3.598000000000000087e-01
3.356000000000000094e-01
3.245999999999999996e-01
3.871999999999999886e-01
3.765999999999999903e-01
3.081999999999999740e-01
4.431999999999999829e-01
4.717999999999999972e-01
3.281999999999999917e-01
2.770000000000000240e-01
3.089999999999999969e-01
3.556000000000000272e-01
3.333999999999999742e-01
3.422000000000000042e-01
3.583999999999999964e-01
2.802000000000000046e-01
2.192000000000000060e-01
2.159999999999999976e-01
2.313999999999999946e-01
3.009999999999999898e-01
3.473999999999999866e-01
3.704000000000000070e-01
3.664000000000000035e-01
3.831999999999999851e-01
3.632000000000000228e-01
3.353999999999999759e-01
3.267999999999999794e-01
3.718000000000000194e-01
3.715999999999999859e-01
4.879999999999999893e-01
3.788000000000000256e-01
3.039999999999999925e-01
2.454000000000000070e-01
2.723999999999999755e-01
2.300000000000000100e-01
2.497999999999999943e-01
2.137999999999999901e-01
1.544000000000000095e-01
1.223999999999999949e-01
1.038000000000000034e-01
1.058000000000000052e-01
8.500000000000000611e-02
8.719999999999999973e-02
1.058000000000000052e-01
1.459999999999999909e-01
2.416000000000000092e-01
3.055999999999999828e-01
3.901999999999999913e-01
4.650000000000000244e-01
4.623999999999999777e-01
4.083999999999999853e-01
3.971999999999999975e-01
4.485999999999999988e-01
4.838000000000000078e-01
4.813999999999999946e-01
4.995999999999999885e-01
5.023999999999999577e-01
5.061999999999999833e-01
4.914000000000000035e-01
4.696000000000000174e-01
4.358000000000000207e-01
3.804000000000000159e-01
3.396000000000000130e-01
3.825999999999999956e-01
4.743999999999999884e-01
4.971999999999999753e-01
4.994000000000000106e-01
4.924000000000000044e-01
4.838000000000000078e-01
5.068000000000000282e-01
4.676000000000000156e-01
5.013999999999999568e-01
4.642000000000000015e-01
4.465999999999999970e-01
4.113999999999999879e-01
4.169999999999999818e-01
3.171999999999999820e-01
2.816000000000000170e-01
1.739999999999999880e-01
8.899999999999999578e-02
1.368000000000000049e-01
9.120000000000000329e-02
4.259999999999999898e-02
7.860000000000000320e-02
7.960000000000000409e-02
8.079999999999999682e-02
9.099999999999999756e-02
1.252000000000000057e-01
2.134000000000000064e-01
3.261999999999999900e-01
5.071999999999999842e-01
3.331999999999999962e-01
2.147999999999999909e-01
2.001999999999999891e-01
2.260000000000000064e-01
3.068000000000000171e-01
4.500000000000000111e-01
4.985999999999999877e-01
3.990000000000000213e-01
2.826000000000000179e-01
2.657999999999999807e-01
2.644000000000000239e-01
2.727999999999999869e-01
2.301999999999999880e-01
2.406000000000000083e-01
1.527999999999999914e-01
1.069999999999999979e-01
5.979999999999999899e-02
2.259999999999999856e-02
2.079999999999999905e-02
6.799999999999999621e-03
6.799999999999999621e-03
8.600000000000000006e-03
8.000000000000000167e-03
7.199999999999999803e-03
6.000000000000000125e-03
6.400000000000000307e-03
2.840000000000000163e-02
3.180000000000000188e-02
8.599999999999999312e-02
1.226000000000000006e-01
2.444000000000000061e-01
3.280000000000000138e-01
4.732000000000000095e-01
4.159999999999999809e-01
3.371999999999999997e-01
3.274000000000000243e-01
4.182000000000000162e-01
4.567999999999999838e-01
4.951999999999999735e-01
5.076000000000000512e-01
4.687999999999999945e-01
4.593999999999999750e-01
4.146000000000000241e-01
4.229999999999999871e-01
3.983999999999999764e-01
4.089999999999999747e-01
5.068000000000000282e-01
4.254000000000000004e-01
3.533999999999999919e-01
2.253999999999999893e-01
1.759999999999999898e-01
1.237999999999999934e-01
4.120000000000000051e-02
8.200000000000000691e-03
1.000000000000000021e-03
1.399999999999999986e-03
2.000000000000000042e-03
5.999999999999999474e-04
1.000000000000000021e-03
8.200000000000000691e-03
2.659999999999999865e-02
7.299999999999999545e-02
1.401999999999999913e-01
2.053999999999999992e-01
2.782000000000000028e-01
2.564000000000000168e-01
3.211999999999999855e-01
3.986000000000000099e-01
4.833999999999999964e-01
5.090000000000000080e-01
4.500000000000000111e-01
3.109999999999999987e-01
2.396000000000000074e-01
2.590000000000000080e-01
2.664000000000000257e-01
2.836000000000000187e-01
2.922000000000000153e-01
3.482000000000000095e-01
3.111999999999999766e-01
3.160000000000000031e-01
3.943999999999999728e-01
3.814000000000000168e-01
4.076000000000000179e-01
2.531999999999999806e-01
1.748000000000000109e-01
1.726000000000000034e-01
1.004000000000000031e-01
6.160000000000000198e-02
1.565999999999999892e-01
2.038000000000000089e-01
2.459999999999999964e-01
3.543999999999999928e-01
5.011999999999999789e-01
4.895999999999999797e-01
4.955999999999999850e-01
5.116000000000000547e-01
4.621999999999999997e-01
3.907999999999999807e-01
2.268000000000000016e-01
1.360000000000000098e-01
1.126000000000000056e-01
6.060000000000000109e-02
1.678000000000000047e-01
1.721999999999999920e-01
3.145999999999999908e-01
3.483999999999999875e-01
3.549999999999999822e-01
3.960000000000000187e-01
3.508000000000000007e-01
4.032000000000000028e-01
4.262000000000000233e-01
5.106000000000000538e-01
4.667999999999999927e-01
5.011999999999999789e-01
3.704000000000000070e-01
3.118000000000000216e-01
2.169999999999999984e-01
1.471999999999999975e-01
7.399999999999999634e-02
6.439999999999999891e-02
6.800000000000000488e-02
7.340000000000000691e-02
3.679999999999999938e-02
5.720000000000000084e-02
1.645999999999999963e-01
2.560000000000000053e-01
3.034000000000000030e-01
4.829999999999999849e-01
4.915999999999999814e-01
4.252000000000000224e-01
3.960000000000000187e-01
4.371999999999999775e-01
4.506000000000000005e-01
4.859999999999999876e-01
4.089999999999999747e-01
4.087999999999999967e-01
3.225999999999999979e-01
2.696000000000000063e-01
2.605999999999999983e-01
2.614000000000000212e-01
2.343999999999999972e-01
2.684000000000000274e-01
2.773999999999999799e-01
2.826000000000000179e-01
3.029999999999999916e-01
3.181999999999999829e-01
3.542000000000000148e-01
3.739999999999999991e-01
5.091999999999999860e-01
4.905999999999999805e-01
4.129999999999999782e-01
3.469999999999999751e-01
3.542000000000000148e-01
3.442000000000000060e-01
2.550000000000000044e-01
2.079999999999999905e-01
2.051999999999999935e-01
2.272000000000000131e-01
2.308000000000000052e-01
2.281999999999999862e-01
2.200000000000000011e-01
2.892000000000000126e-01
3.301999999999999935e-01
3.569999999999999840e-01
3.519999999999999796e-01
2.982000000000000206e-01
3.200000000000000067e-01
3.045999999999999819e-01
4.219999999999999862e-01
4.454000000000000181e-01
4.530000000000000138e-01
4.092000000000000082e-01
2.863999999999999879e-01
2.265999999999999959e-01
1.900000000000000022e-01
2.494000000000000106e-01
2.906000000000000250e-01
2.962000000000000188e-01
2.752000000000000002e-01
2.846000000000000196e-01
3.267999999999999794e-01
4.143999999999999906e-01
4.902000000000000246e-01
4.507999999999999785e-01
4.093999999999999861e-01
3.628000000000000114e-01
2.896000000000000241e-01
1.922000000000000097e-01
1.393999999999999961e-01
2.174000000000000099e-01
2.038000000000000089e-01
2.823999999999999844e-01
3.981999999999999984e-01
3.337999999999999856e-01
1.617999999999999994e-01
1.388000000000000067e-01
1.514000000000000068e-01
1.779999999999999916e-01
2.485999999999999877e-01
4.123999999999999888e-01
4.461999999999999855e-01
3.311999999999999944e-01
3.387999999999999901e-01
3.430000000000000271e-01
3.432000000000000051e-01
3.307999999999999829e-01
2.743999999999999773e-01
1.874000000000000110e-01
5.940000000000000141e-02
5.040000000000000036e-02
5.659999999999999754e-02
6.300000000000000044e-02
1.255999999999999894e-01
1.406000000000000028e-01
1.451999999999999957e-01
1.247999999999999943e-01
1.068000000000000060e-01
6.819999999999999674e-02
2.010000000000000120e-01
2.806000000000000161e-01
2.594000000000000195e-01
2.116000000000000103e-01
1.605999999999999928e-01
1.370000000000000107e-01
1.295999999999999930e-01
7.299999999999999545e-02
8.559999999999999554e-02
2.460000000000000034e-02
1.940000000000000058e-02
2.319999999999999840e-02
2.299999999999999961e-02
2.340000000000000066e-02
2.419999999999999929e-02
2.440000000000000155e-02
2.639999999999999986e-02
4.240000000000000019e-02
9.660000000000000531e-02
2.551999999999999824e-01
4.941999999999999726e-01
3.981999999999999984e-01
4.099999999999999756e-01
4.626000000000000112e-01
5.061999999999999833e-01
4.087999999999999967e-01
3.286000000000000032e-01
2.706000000000000072e-01
1.905999999999999917e-01
1.178000000000000019e-01
1.370000000000000107e-01
1.552000000000000046e-01
1.758000000000000118e-01
2.454000000000000070e-01
2.741999999999999993e-01
2.806000000000000161e-01
3.516000000000000236e-01
4.727999999999999980e-01
5.091999999999999860e-01
4.723999999999999866e-01
4.682000000000000051e-01
4.932000000000000273e-01
4.593999999999999750e-01
4.474000000000000199e-01
4.378000000000000225e-01
4.097999999999999976e-01
4.107999999999999985e-01
4.056000000000000161e-01
4.106000000000000205e-01
3.824000000000000177e-01
4.637999999999999901e-01
4.808000000000000052e-01
4.318000000000000171e-01
3.741999999999999771e-01
2.677999999999999825e-01
1.884000000000000119e-01
1.250000000000000000e-01
2.380000000000000171e-02
8.600000000000000006e-03
8.000000000000000383e-04
4.000000000000000192e-04
5.999999999999999474e-04
9.599999999999999159e-03
5.400000000000000286e-03
7.199999999999999803e-03
6.400000000000000307e-03
6.599999999999999964e-03
5.020000000000000157e-02
6.400000000000000133e-02
8.980000000000000482e-02
8.680000000000000215e-02
8.640000000000000457e-02
8.079999999999999682e-02
7.580000000000000626e-02
7.939999999999999836e-02
6.919999999999999762e-02
5.519999999999999907e-02
2.479999999999999913e-02
7.000000000000000146e-03
7.799999999999999642e-03
7.199999999999999803e-03
6.199999999999999782e-03
3.860000000000000236e-02
6.099999999999999867e-02
6.579999999999999738e-02
8.079999999999999682e-02
8.019999999999999352e-02
1.557999999999999940e-01
1.796000000000000096e-01
1.816000000000000114e-01
1.632000000000000117e-01
1.655999999999999972e-01
1.454000000000000015e-01
1.426000000000000045e-01
1.368000000000000049e-01
1.388000000000000067e-01
1.602000000000000091e-01
1.479999999999999927e-01
2.152000000000000024e-01
2.240000000000000047e-01
2.664000000000000257e-01
2.595999999999999974e-01
2.985999999999999766e-01
3.251999999999999891e-01
3.124000000000000110e-01
3.542000000000000148e-01
