1.497999999999999887e-01
1.562000000000000055e-01
1.426000000000000045e-01
1.282000000000000084e-01
1.287999999999999978e-01
1.350000000000000089e-01
1.474000000000000032e-01
1.857999999999999929e-01
1.932000000000000106e-01
1.988000000000000045e-01
1.943999999999999895e-01
1.965999999999999970e-01
2.162000000000000033e-01
2.041999999999999926e-01
2.419999999999999929e-01
2.528000000000000247e-01
2.308000000000000052e-01
3.185999999999999943e-01
3.284000000000000252e-01
3.296000000000000041e-01
3.393999999999999795e-01
3.598000000000000087e-01
3.755999999999999894e-01
4.043999999999999817e-01
4.086000000000000187e-01
4.138000000000000012e-01
4.073999999999999844e-01
4.254000000000000004e-01
3.854000000000000203e-01
3.921999999999999931e-01
3.639999999999999902e-01
3.655999999999999805e-01
3.635999999999999788e-01
3.472000000000000086e-01
2.833999999999999853e-01
2.504000000000000115e-01
2.190000000000000002e-01
2.285999999999999976e-01
2.301999999999999880e-01
2.016000000000000014e-01
2.426000000000000101e-01
2.417999999999999872e-01
2.381999999999999951e-01
2.386000000000000065e-01
2.604000000000000203e-01
2.819999999999999729e-01
2.733999999999999764e-01
2.863999999999999879e-01
3.234000000000000208e-01
3.522000000000000131e-01
3.466000000000000192e-01
3.512000000000000122e-01
3.815999999999999948e-01
3.573999999999999955e-01
3.993999999999999773e-01
3.924000000000000266e-01
3.850000000000000089e-01
3.565999999999999726e-01
3.512000000000000122e-01
3.393999999999999795e-01
3.353999999999999759e-01
3.311999999999999944e-01
3.376000000000000112e-01
3.294000000000000261e-01
3.088000000000000189e-01
2.945999999999999730e-01
2.953999999999999959e-01
2.710000000000000187e-01
2.225999999999999923e-01
2.162000000000000033e-01
2.146000000000000130e-01
2.429999999999999938e-01
2.008000000000000063e-01
1.671999999999999875e-01
1.806000000000000105e-01
1.920000000000000040e-01
1.593999999999999861e-01
1.610000000000000042e-01
1.559999999999999998e-01
1.587999999999999967e-01
1.613999999999999879e-01
1.620000000000000051e-01
1.567999999999999949e-01
1.580000000000000016e-01
1.564000000000000112e-01
1.650000000000000078e-01
1.680000000000000104e-01
1.905999999999999917e-01
1.743999999999999995e-01
1.700000000000000122e-01
1.771999999999999964e-01
1.743999999999999995e-01
1.723999999999999977e-01
1.708000000000000074e-01
1.754000000000000004e-01
1.819999999999999951e-01
1.643999999999999906e-01
1.708000000000000074e-01
1.789999999999999925e-01
1.927999999999999992e-01
1.836000000000000132e-01
2.096000000000000085e-01
2.139999999999999958e-01
1.907999999999999974e-01
1.965999999999999970e-01
2.020000000000000129e-01
1.943999999999999895e-01
2.185999999999999888e-01
2.132000000000000006e-01
1.693999999999999950e-01
1.741999999999999937e-01
2.020000000000000129e-01
1.998000000000000054e-01
1.700000000000000122e-01
1.625999999999999945e-01
1.630000000000000060e-01
1.638000000000000012e-01
1.630000000000000060e-01
1.393999999999999961e-01
1.342000000000000137e-01
1.025999999999999968e-01
9.779999999999999805e-02
1.011999999999999983e-01
8.279999999999999860e-02
6.040000000000000230e-02
4.159999999999999809e-02
4.179999999999999688e-02
3.780000000000000027e-02
3.699999999999999817e-02
2.580000000000000002e-02
7.400000000000000328e-03
6.799999999999999621e-03
8.800000000000000530e-03
7.799999999999999642e-03
8.600000000000000006e-03
8.600000000000000006e-03
9.599999999999999159e-03
6.599999999999999964e-03
7.599999999999999985e-03
6.599999999999999964e-03
6.400000000000000307e-03
8.000000000000000383e-04
1.399999999999999986e-03
1.600000000000000077e-03
2.000000000000000096e-04
1.199999999999999895e-03
1.600000000000000077e-03
1.199999999999999895e-03
8.000000000000000383e-04
1.000000000000000021e-03
2.000000000000000042e-03
1.000000000000000021e-03
1.199999999999999895e-03
5.999999999999999474e-04
1.000000000000000021e-03
4.000000000000000192e-04
2.000000000000000096e-04
1.399999999999999986e-03
1.000000000000000021e-03
4.000000000000000192e-04
5.999999999999999474e-04
8.000000000000000383e-04
1.000000000000000021e-03
1.000000000000000021e-03
1.600000000000000077e-03
1.199999999999999895e-03
1.000000000000000021e-03
1.199999999999999895e-03
8.200000000000000691e-03
9.199999999999999845e-03
7.199999999999999803e-03
6.799999999999999621e-03
8.999999999999999320e-03
8.800000000000000530e-03
7.599999999999999985e-03
7.000000000000000146e-03
8.200000000000000691e-03
6.599999999999999964e-03
8.600000000000000006e-03
7.000000000000000146e-03
5.000000000000000104e-03
8.000000000000000167e-03
7.799999999999999642e-03
8.399999999999999481e-03
6.400000000000000307e-03
2.440000000000000155e-02
2.280000000000000082e-02
2.440000000000000155e-02
4.019999999999999962e-02
6.119999999999999746e-02
5.960000000000000020e-02
5.859999999999999931e-02
7.380000000000000449e-02
8.219999999999999529e-02
8.820000000000000062e-02
9.160000000000000087e-02
8.659999999999999643e-02
9.520000000000000684e-02
9.199999999999999845e-02
9.379999999999999449e-02
8.200000000000000344e-02
8.780000000000000304e-02
8.680000000000000215e-02
8.519999999999999796e-02
8.160000000000000586e-02
1.100000000000000006e-01
1.237999999999999934e-01
1.270000000000000018e-01
1.295999999999999930e-01
2.033999999999999975e-01
1.912000000000000088e-01
1.900000000000000022e-01
2.038000000000000089e-01
2.036000000000000032e-01
2.028000000000000080e-01
2.179999999999999993e-01
2.255999999999999950e-01
2.233999999999999875e-01
2.126000000000000112e-01
2.200000000000000011e-01
2.404000000000000026e-01
2.505999999999999894e-01
2.700000000000000178e-01
3.089999999999999969e-01
3.815999999999999948e-01
4.166000000000000258e-01
4.772000000000000131e-01
4.862000000000000210e-01
4.756000000000000227e-01
3.711999999999999744e-01
3.049999999999999933e-01
3.175999999999999934e-01
2.993999999999999995e-01
2.026000000000000023e-01
1.945999999999999952e-01
1.952000000000000124e-01
2.157999999999999918e-01
1.844000000000000083e-01
2.086000000000000076e-01
1.806000000000000105e-01
1.971999999999999864e-01
2.165999999999999870e-01
2.316000000000000003e-01
2.766000000000000125e-01
2.760000000000000231e-01
2.736000000000000099e-01
3.138000000000000234e-01
3.366000000000000103e-01
3.487999999999999989e-01
3.400000000000000244e-01
3.230000000000000093e-01
3.317999999999999838e-01
3.886000000000000010e-01
3.824000000000000177e-01
3.977999999999999869e-01
3.774000000000000132e-01
4.000000000000000222e-01
4.305999999999999828e-01
4.129999999999999782e-01
4.556000000000000050e-01
4.729999999999999760e-01
4.465999999999999970e-01
4.682000000000000051e-01
5.048000000000000265e-01
4.766000000000000236e-01
4.607999999999999874e-01
4.788000000000000034e-01
4.723999999999999866e-01
5.120000000000000107e-01
5.033999999999999586e-01
4.467999999999999750e-01
4.365999999999999881e-01
3.874000000000000221e-01
4.117999999999999994e-01
4.072000000000000064e-01
4.026000000000000134e-01
3.871999999999999886e-01
3.711999999999999744e-01
3.699999999999999956e-01
3.691999999999999726e-01
3.943999999999999728e-01
3.795999999999999930e-01
3.573999999999999955e-01
3.654000000000000026e-01
3.572000000000000175e-01
3.350000000000000200e-01
2.973999999999999977e-01
2.859999999999999765e-01
2.492000000000000048e-01
2.175999999999999879e-01
2.175999999999999879e-01
2.165999999999999870e-01
1.529999999999999971e-01
1.243999999999999967e-01
1.307999999999999996e-01
1.461999999999999966e-01
1.381999999999999895e-01
1.277999999999999969e-01
1.195999999999999980e-01
1.340000000000000080e-01
1.371999999999999886e-01
1.328000000000000014e-01
1.035999999999999976e-01
1.786000000000000087e-01
1.862000000000000044e-01
2.011999999999999900e-01
3.678000000000000158e-01
4.435999999999999943e-01
4.971999999999999753e-01
3.936000000000000054e-01
3.768000000000000238e-01
3.089999999999999969e-01
2.902000000000000135e-01
2.504000000000000115e-01
2.311999999999999889e-01
2.361999999999999933e-01
2.048000000000000098e-01
1.696000000000000008e-01
1.348000000000000032e-01
1.386000000000000010e-01
1.612000000000000099e-01
1.360000000000000098e-01
1.078000000000000069e-01
1.029999999999999943e-01
9.539999999999999869e-02
9.979999999999999982e-02
9.439999999999999780e-02
9.180000000000000659e-02
8.580000000000000127e-02
6.180000000000000077e-02
6.880000000000000004e-02
6.700000000000000400e-02
8.699999999999999400e-02
7.359999999999999876e-02
6.859999999999999432e-02
6.320000000000000617e-02
6.379999999999999560e-02
6.840000000000000246e-02
6.700000000000000400e-02
4.739999999999999769e-02
9.539999999999999869e-02
8.899999999999999578e-02
9.080000000000000571e-02
1.072000000000000036e-01
1.158000000000000002e-01
1.900000000000000022e-01
2.061999999999999944e-01
2.177999999999999936e-01
2.127999999999999892e-01
2.431999999999999995e-01
2.630000000000000115e-01
2.587999999999999745e-01
3.276000000000000023e-01
3.300000000000000155e-01
3.353999999999999759e-01
3.387999999999999901e-01
3.585999999999999743e-01
4.756000000000000227e-01
4.590000000000000191e-01
5.071999999999999842e-01
4.139999999999999791e-01
3.950000000000000178e-01
3.741999999999999771e-01
3.552000000000000157e-01
3.390000000000000235e-01
3.313999999999999724e-01
2.716000000000000081e-01
2.437999999999999889e-01
2.386000000000000065e-01
2.220000000000000029e-01
2.321999999999999897e-01
2.056000000000000050e-01
1.824000000000000066e-01
1.660000000000000087e-01
1.865999999999999881e-01
1.809999999999999942e-01
1.852000000000000035e-01
1.869999999999999996e-01
2.285999999999999976e-01
3.048000000000000154e-01
3.009999999999999898e-01
2.637999999999999790e-01
2.561999999999999833e-01
2.472000000000000031e-01
2.604000000000000203e-01
2.886000000000000232e-01
2.948000000000000065e-01
3.135999999999999899e-01
3.224000000000000199e-01
3.526000000000000245e-01
3.764000000000000123e-01
4.159999999999999809e-01
4.218000000000000083e-01
4.195999999999999730e-01
4.404000000000000137e-01
4.918000000000000149e-01
5.010000000000000009e-01
4.835999999999999743e-01
4.964000000000000079e-01
4.677999999999999936e-01
4.981999999999999762e-01
4.938000000000000167e-01
4.969999999999999973e-01
4.662000000000000033e-01
4.487999999999999767e-01
4.268000000000000127e-01
4.173999999999999932e-01
3.907999999999999807e-01
3.798000000000000265e-01
3.569999999999999840e-01
3.533999999999999919e-01
2.832000000000000073e-01
2.457999999999999907e-01
2.424000000000000044e-01
2.285999999999999976e-01
2.177999999999999936e-01
1.970000000000000084e-01
1.920000000000000040e-01
2.001999999999999891e-01
1.665999999999999981e-01
1.136000000000000065e-01
6.940000000000000335e-02
7.580000000000000626e-02
6.779999999999999916e-02
6.199999999999999956e-02
7.340000000000000691e-02
6.579999999999999738e-02
1.254000000000000115e-01
8.459999999999999465e-02
9.160000000000000087e-02
1.144000000000000017e-01
8.959999999999999909e-02
1.243999999999999967e-01
1.246000000000000024e-01
9.539999999999999869e-02
8.899999999999999578e-02
9.479999999999999538e-02
8.980000000000000482e-02
6.600000000000000311e-02
6.779999999999999916e-02
6.460000000000000464e-02
6.880000000000000004e-02
7.900000000000000078e-02
5.580000000000000238e-02
5.260000000000000092e-02
4.900000000000000189e-02
5.460000000000000270e-02
4.920000000000000068e-02
5.279999999999999971e-02
4.680000000000000132e-02
4.259999999999999898e-02
4.159999999999999809e-02
3.880000000000000115e-02
3.880000000000000115e-02
4.599999999999999922e-02
6.360000000000000375e-02
2.139999999999999888e-02
2.380000000000000171e-02
2.560000000000000123e-02
2.860000000000000042e-02
3.160000000000000309e-02
2.879999999999999921e-02
2.960000000000000131e-02
7.159999999999999698e-02
8.580000000000000127e-02
1.087999999999999939e-01
1.059999999999999970e-01
1.127999999999999975e-01
1.370000000000000107e-01
1.562000000000000055e-01
1.993999999999999939e-01
2.283999999999999919e-01
2.190000000000000002e-01
2.290000000000000091e-01
2.272000000000000131e-01
2.406000000000000083e-01
2.263999999999999901e-01
2.215999999999999914e-01
2.534000000000000141e-01
2.605999999999999983e-01
2.932000000000000162e-01
3.675999999999999823e-01
3.981999999999999984e-01
4.457999999999999741e-01
4.778000000000000025e-01
4.712000000000000077e-01
4.908000000000000140e-01
4.968000000000000194e-01
5.000000000000000000e-01
5.041999999999999815e-01
4.818000000000000060e-01
4.915999999999999814e-01
4.586000000000000076e-01
4.464000000000000190e-01
4.288000000000000145e-01
4.361999999999999766e-01
4.600000000000000200e-01
4.640000000000000235e-01
4.414000000000000146e-01
4.248000000000000109e-01
4.536000000000000032e-01
4.521999999999999909e-01
4.162000000000000144e-01
4.072000000000000064e-01
4.198000000000000065e-01
4.265999999999999792e-01
4.072000000000000064e-01
4.470000000000000084e-01
4.995999999999999885e-01
5.066000000000000503e-01
4.904000000000000026e-01
5.058000000000000274e-01
4.971999999999999753e-01
5.013999999999999568e-01
4.898000000000000131e-01
4.500000000000000111e-01
4.626000000000000112e-01
4.697999999999999954e-01
4.242000000000000215e-01
4.514000000000000234e-01
4.245999999999999774e-01
3.991999999999999993e-01
3.735999999999999877e-01
3.629999999999999893e-01
3.664000000000000035e-01
3.831999999999999851e-01
3.333999999999999742e-01
3.725999999999999868e-01
4.274000000000000021e-01
4.138000000000000012e-01
4.596000000000000085e-01
4.955999999999999850e-01
5.088000000000000300e-01
5.031999999999999806e-01
5.070000000000000062e-01
5.030000000000000027e-01
5.023999999999999577e-01
4.832000000000000184e-01
4.561999999999999944e-01
4.692000000000000060e-01
4.345999999999999863e-01
4.146000000000000241e-01
3.735999999999999877e-01
3.780000000000000027e-01
3.317999999999999838e-01
3.477999999999999980e-01
3.284000000000000252e-01
3.038000000000000145e-01
3.180000000000000049e-01
3.432000000000000051e-01
3.296000000000000041e-01
2.945999999999999730e-01
2.763999999999999790e-01
2.783999999999999808e-01
2.595999999999999974e-01
2.591999999999999860e-01
2.369999999999999885e-01
2.487999999999999934e-01
2.114000000000000046e-01
2.041999999999999926e-01
1.985999999999999988e-01
2.132000000000000006e-01
1.985999999999999988e-01
2.521999999999999797e-01
3.094000000000000083e-01
3.254000000000000226e-01
3.565999999999999726e-01
2.797999999999999932e-01
2.373999999999999999e-01
1.262000000000000066e-01
1.066000000000000003e-01
5.160000000000000003e-02
3.400000000000000244e-02
7.199999999999999803e-03
8.000000000000000383e-04
1.600000000000000077e-03
8.000000000000000383e-04
8.000000000000000383e-04
1.399999999999999986e-03
1.000000000000000021e-03
1.199999999999999895e-03
2.000000000000000096e-04
1.000000000000000021e-03
5.999999999999999474e-04
5.999999999999999474e-04
1.399999999999999986e-03
1.399999999999999986e-03
1.000000000000000021e-03
2.000000000000000042e-03
8.000000000000000383e-04
1.199999999999999895e-03
1.399999999999999986e-03
1.000000000000000021e-03
8.000000000000000383e-04
5.999999999999999474e-04
1.199999999999999895e-03
1.799999999999999951e-03
4.000000000000000192e-04
2.200000000000000133e-03
8.000000000000000383e-04
1.399999999999999986e-03
1.600000000000000077e-03
5.999999999999999474e-04
7.000000000000000146e-03
7.199999999999999803e-03
8.000000000000000167e-03
7.000000000000000146e-03
8.600000000000000006e-03
7.599999999999999985e-03
7.199999999999999803e-03
8.200000000000000691e-03
6.400000000000000307e-03
5.400000000000000286e-03
6.400000000000000307e-03
7.799999999999999642e-03
1.000000000000000021e-03
1.399999999999999986e-03
1.199999999999999895e-03
1.000000000000000021e-03
7.599999999999999985e-03
7.400000000000000328e-03
4.259999999999999898e-02
3.620000000000000301e-02
4.179999999999999688e-02
4.220000000000000140e-02
7.739999999999999658e-02
9.520000000000000684e-02
1.213999999999999940e-01
1.507999999999999896e-01
1.439999999999999891e-01
1.768000000000000127e-01
2.011999999999999900e-01
2.341999999999999915e-01
2.892000000000000126e-01
3.638000000000000123e-01
4.445999999999999952e-01
4.660000000000000253e-01
4.683999999999999830e-01
4.441999999999999837e-01
3.981999999999999984e-01
3.953999999999999737e-01
3.874000000000000221e-01
4.222000000000000197e-01
3.449999999999999734e-01
3.119999999999999996e-01
2.790000000000000258e-01
2.341999999999999915e-01
2.285999999999999976e-01
1.902000000000000079e-01
1.574000000000000121e-01
1.555999999999999883e-01
1.547999999999999932e-01
9.900000000000000466e-02
9.900000000000000466e-02
1.429999999999999882e-01
1.454000000000000015e-01
2.175999999999999879e-01
2.371999999999999942e-01
2.096000000000000085e-01
2.066000000000000059e-01
2.076000000000000068e-01
2.492000000000000048e-01
3.068000000000000171e-01
3.245999999999999996e-01
3.845999999999999974e-01
4.010000000000000231e-01
4.042000000000000037e-01
4.435999999999999943e-01
4.354000000000000092e-01
4.573999999999999733e-01
4.593999999999999750e-01
4.580000000000000182e-01
4.364000000000000101e-01
5.030000000000000027e-01
5.081999999999999851e-01
4.988000000000000211e-01
4.420000000000000040e-01
4.822000000000000175e-01
4.544000000000000261e-01
5.116000000000000547e-01
4.454000000000000181e-01
4.339999999999999969e-01
4.495999999999999996e-01
4.351999999999999758e-01
4.435999999999999943e-01
4.394000000000000128e-01
4.225999999999999757e-01
4.447999999999999732e-01
4.620000000000000218e-01
4.318000000000000171e-01
4.117999999999999994e-01
3.941999999999999948e-01
4.408000000000000251e-01
4.390000000000000013e-01
4.547999999999999821e-01
4.447999999999999732e-01
4.222000000000000197e-01
4.229999999999999871e-01
4.047999999999999932e-01
4.193999999999999950e-01
3.957999999999999852e-01
4.063999999999999835e-01
3.916000000000000036e-01
4.176000000000000267e-01
4.086000000000000187e-01
4.073999999999999844e-01
4.689999999999999725e-01
4.133999999999999897e-01
4.294000000000000039e-01
4.571999999999999953e-01
4.621999999999999997e-01
4.536000000000000032e-01
4.259999999999999898e-01
4.096000000000000196e-01
3.705999999999999850e-01
3.592000000000000193e-01
4.202000000000000179e-01
4.706000000000000183e-01
4.803999999999999937e-01
5.100000000000000089e-01
5.143999999999999684e-01
4.786000000000000254e-01
4.782000000000000139e-01
4.732000000000000095e-01
4.444000000000000172e-01
3.744000000000000106e-01
2.882000000000000117e-01
2.018000000000000071e-01
1.607999999999999985e-01
1.446000000000000063e-01
1.213999999999999940e-01
1.103999999999999981e-01
7.080000000000000182e-02
6.640000000000000069e-02
2.500000000000000139e-02
2.419999999999999929e-02
2.440000000000000155e-02
2.419999999999999929e-02
2.759999999999999953e-02
2.319999999999999840e-02
7.199999999999999803e-03
8.600000000000000006e-03
8.200000000000000691e-03
1.020000000000000073e-02
8.200000000000000691e-03
8.600000000000000006e-03
8.800000000000000530e-03
6.400000000000000307e-03
6.799999999999999621e-03
7.799999999999999642e-03
6.000000000000000125e-03
9.199999999999999845e-03
9.400000000000000369e-03
7.199999999999999803e-03
8.399999999999999481e-03
9.199999999999999845e-03
9.599999999999999159e-03
4.799999999999999580e-03
9.199999999999999845e-03
6.000000000000000125e-03
6.799999999999999621e-03
9.599999999999999159e-03
8.399999999999999481e-03
6.599999999999999964e-03
6.000000000000000125e-03
9.799999999999999684e-03
5.799999999999999600e-03
1.060000000000000005e-02
9.599999999999999159e-03
7.000000000000000146e-03
1.600000000000000077e-03
8.000000000000000383e-04
1.000000000000000021e-03
2.000000000000000096e-04
1.399999999999999986e-03
4.000000000000000192e-04
2.399999999999999790e-03
4.000000000000000192e-04
8.000000000000000383e-04
4.000000000000000192e-04
1.000000000000000021e-02
1.600000000000000077e-03
5.999999999999999474e-04
1.399999999999999986e-03
1.399999999999999986e-03
1.399999999999999986e-03
1.000000000000000021e-03
2.000000000000000042e-03
1.000000000000000021e-03
1.199999999999999895e-03
6.799999999999999621e-03
8.800000000000000530e-03
7.199999999999999803e-03
6.400000000000000307e-03
6.599999999999999964e-03
8.200000000000000691e-03
2.460000000000000034e-02
2.380000000000000171e-02
2.380000000000000171e-02
2.239999999999999977e-02
2.699999999999999969e-02
3.119999999999999857e-02
2.900000000000000147e-02
2.999999999999999889e-02
2.960000000000000131e-02
2.779999999999999832e-02
3.119999999999999857e-02
3.200000000000000067e-02
3.379999999999999671e-02
3.160000000000000309e-02
5.720000000000000084e-02
6.040000000000000230e-02
7.580000000000000626e-02
8.980000000000000482e-02
8.559999999999999554e-02
9.639999999999999958e-02
9.199999999999999845e-02
1.222000000000000031e-01
1.471999999999999975e-01
1.428000000000000103e-01
1.494000000000000050e-01
1.381999999999999895e-01
1.400000000000000133e-01
1.275999999999999912e-01
1.262000000000000066e-01
1.229999999999999982e-01
1.376000000000000001e-01
1.438000000000000111e-01
1.360000000000000098e-01
1.189999999999999947e-01
1.293999999999999873e-01
9.279999999999999361e-02
8.260000000000000675e-02
9.080000000000000571e-02
9.819999999999999563e-02
9.379999999999999449e-02
8.340000000000000191e-02
8.740000000000000546e-02
8.680000000000000215e-02
8.459999999999999465e-02
8.880000000000000393e-02
8.319999999999999618e-02
8.179999999999999771e-02
8.300000000000000433e-02
8.799999999999999489e-02
1.247999999999999943e-01
1.209999999999999964e-01
1.282000000000000084e-01
1.312000000000000111e-01
1.267999999999999960e-01
1.454000000000000015e-01
