3.701999999999999735e-01
3.785999999999999921e-01
3.734000000000000097e-01
3.916000000000000036e-01
3.894000000000000239e-01
4.006000000000000116e-01
3.950000000000000178e-01
4.076000000000000179e-01
3.960000000000000187e-01
4.158000000000000029e-01
4.060000000000000275e-01
4.656000000000000139e-01
4.682000000000000051e-01
5.003999999999999559e-01
5.173999999999999710e-01
4.909999999999999920e-01
5.040000000000000036e-01
5.040000000000000036e-01
4.941999999999999726e-01
4.536000000000000032e-01
4.922000000000000264e-01
4.819999999999999840e-01
4.965999999999999859e-01
4.934000000000000052e-01
4.954000000000000070e-01
5.020000000000000018e-01
4.563999999999999724e-01
4.650000000000000244e-01
4.657999999999999918e-01
4.845999999999999752e-01
4.865999999999999770e-01
4.935999999999999832e-01
5.040000000000000036e-01
4.884000000000000008e-01
4.778000000000000025e-01
4.198000000000000065e-01
4.149999999999999800e-01
3.953999999999999737e-01
3.774000000000000132e-01
3.549999999999999822e-01
3.420000000000000262e-01
3.184000000000000163e-01
3.170000000000000040e-01
2.998000000000000109e-01
2.394000000000000017e-01
2.396000000000000074e-01
2.119999999999999940e-01
1.416000000000000036e-01
1.476000000000000090e-01
9.840000000000000135e-02
8.580000000000000127e-02
5.600000000000000117e-02
6.819999999999999674e-02
5.739999999999999963e-02
3.899999999999999994e-02
1.361999999999999877e-01
1.184000000000000052e-01
9.420000000000000595e-02
1.333999999999999908e-01
1.940000000000000058e-01
2.497999999999999943e-01
2.605999999999999983e-01
3.145999999999999908e-01
3.433999999999999830e-01
3.728000000000000203e-01
3.808000000000000274e-01
3.765999999999999903e-01
3.744000000000000106e-01
4.093999999999999861e-01
4.308000000000000163e-01
4.295999999999999819e-01
4.480000000000000093e-01
4.425999999999999934e-01
4.434000000000000163e-01
4.647999999999999909e-01
4.626000000000000112e-01
4.878000000000000114e-01
4.944000000000000061e-01
4.979999999999999982e-01
4.922000000000000264e-01
4.895999999999999797e-01
4.948000000000000176e-01
4.965999999999999859e-01
4.935999999999999832e-01
4.769999999999999796e-01
4.699999999999999734e-01
4.855999999999999761e-01
4.697999999999999954e-01
4.707999999999999963e-01
4.580000000000000182e-01
4.484000000000000208e-01
4.275999999999999801e-01
4.314000000000000057e-01
4.421999999999999820e-01
4.467999999999999750e-01
4.461999999999999855e-01
4.484000000000000208e-01
4.380000000000000004e-01
4.571999999999999953e-01
4.348000000000000198e-01
4.460000000000000075e-01
4.428000000000000269e-01
4.510000000000000120e-01
4.418000000000000260e-01
4.455999999999999961e-01
4.400000000000000022e-01
4.587999999999999856e-01
4.759999999999999787e-01
4.984000000000000097e-01
5.003999999999999559e-01
4.941999999999999726e-01
4.932000000000000273e-01
4.885999999999999788e-01
4.924000000000000044e-01
4.842000000000000193e-01
4.968000000000000194e-01
4.949999999999999956e-01
4.822000000000000175e-01
4.677999999999999936e-01
4.259999999999999898e-01
4.199999999999999845e-01
4.587999999999999856e-01
4.349999999999999978e-01
4.013999999999999790e-01
4.233999999999999986e-01
4.258000000000000118e-01
4.716000000000000192e-01
4.667999999999999927e-01
4.272000000000000242e-01
4.358000000000000207e-01
3.981999999999999984e-01
4.546000000000000041e-01
4.606000000000000094e-01
4.865999999999999770e-01
4.570000000000000173e-01
4.613999999999999768e-01
4.573999999999999733e-01
5.130000000000000115e-01
5.093999999999999639e-01
4.951999999999999735e-01
4.660000000000000253e-01
4.464000000000000190e-01
3.840000000000000080e-01
3.916000000000000036e-01
2.697999999999999843e-01
2.796000000000000152e-01
2.167999999999999927e-01
1.504000000000000059e-01
1.466000000000000081e-01
1.107999999999999957e-01
6.959999999999999520e-02
6.519999999999999407e-02
6.339999999999999802e-02
8.899999999999999578e-02
1.079999999999999988e-01
8.899999999999999578e-02
1.113999999999999990e-01
8.459999999999999465e-02
8.699999999999999400e-02
1.123999999999999999e-01
1.419999999999999873e-01
1.418000000000000094e-01
1.381999999999999895e-01
1.340000000000000080e-01
1.844000000000000083e-01
1.759999999999999898e-01
2.139999999999999958e-01
2.139999999999999958e-01
2.903999999999999915e-01
3.714000000000000079e-01
4.056000000000000161e-01
4.030000000000000249e-01
4.033999999999999808e-01
4.168000000000000038e-01
3.874000000000000221e-01
3.926000000000000045e-01
4.166000000000000258e-01
4.687999999999999945e-01
4.934000000000000052e-01
4.666000000000000147e-01
4.865999999999999770e-01
4.563999999999999724e-01
4.435999999999999943e-01
4.636000000000000121e-01
4.136000000000000232e-01
4.179999999999999827e-01
3.230000000000000093e-01
3.247999999999999776e-01
3.672000000000000264e-01
3.682000000000000273e-01
3.791999999999999815e-01
3.821999999999999842e-01
4.032000000000000028e-01
3.827999999999999736e-01
3.642000000000000237e-01
3.788000000000000256e-01
3.695999999999999841e-01
3.921999999999999931e-01
3.920000000000000151e-01
4.097999999999999976e-01
4.248000000000000109e-01
4.507999999999999785e-01
4.418000000000000260e-01
4.732000000000000095e-01
4.550000000000000155e-01
4.889999999999999902e-01
4.843999999999999972e-01
4.954000000000000070e-01
4.709999999999999742e-01
4.593999999999999750e-01
4.672000000000000042e-01
4.546000000000000041e-01
4.388000000000000234e-01
4.398000000000000242e-01
4.097999999999999976e-01
3.960000000000000187e-01
3.751999999999999780e-01
3.739999999999999991e-01
3.538000000000000034e-01
3.234000000000000208e-01
2.747999999999999887e-01
2.800000000000000266e-01
3.045999999999999819e-01
2.810000000000000275e-01
3.098000000000000198e-01
3.078000000000000180e-01
3.069999999999999951e-01
3.250000000000000111e-01
3.194000000000000172e-01
3.207999999999999741e-01
3.165999999999999925e-01
3.316000000000000059e-01
3.261999999999999900e-01
2.886000000000000232e-01
2.706000000000000072e-01
2.281999999999999862e-01
2.111999999999999988e-01
2.182000000000000051e-01
1.922000000000000097e-01
1.971999999999999864e-01
2.156000000000000139e-01
2.174000000000000099e-01
2.041999999999999926e-01
1.950000000000000067e-01
1.985999999999999988e-01
2.028000000000000080e-01
2.235999999999999932e-01
2.069999999999999896e-01
1.759999999999999898e-01
1.771999999999999964e-01
1.764000000000000012e-01
1.615999999999999936e-01
1.638000000000000012e-01
1.832000000000000017e-01
1.778000000000000136e-01
1.769999999999999907e-01
1.983999999999999930e-01
2.046000000000000041e-01
2.157999999999999918e-01
2.242000000000000104e-01
2.154000000000000081e-01
2.223999999999999866e-01
2.177999999999999936e-01
2.111999999999999988e-01
2.538000000000000256e-01
3.104000000000000092e-01
3.286000000000000032e-01
3.632000000000000228e-01
3.951999999999999957e-01
4.268000000000000127e-01
5.118000000000000327e-01
4.753999999999999893e-01
4.445999999999999952e-01
4.510000000000000120e-01
4.117999999999999994e-01
4.132000000000000117e-01
4.097999999999999976e-01
3.734000000000000097e-01
3.735999999999999877e-01
3.370000000000000218e-01
3.489999999999999769e-01
2.906000000000000250e-01
2.366000000000000048e-01
2.230000000000000038e-01
1.789999999999999925e-01
1.822000000000000008e-01
1.640000000000000069e-01
1.806000000000000105e-01
9.160000000000000087e-02
5.099999999999999672e-02
1.919999999999999832e-02
8.200000000000000691e-03
9.199999999999999845e-03
5.999999999999999474e-04
4.000000000000000192e-04
1.799999999999999951e-03
2.200000000000000133e-03
8.000000000000000383e-04
8.000000000000000383e-04
1.399999999999999986e-03
5.999999999999999474e-04
5.999999999999999474e-04
1.000000000000000021e-03
1.600000000000000077e-03
8.000000000000000383e-04
8.000000000000000383e-04
1.600000000000000077e-03
1.000000000000000021e-03
2.399999999999999790e-03
1.199999999999999895e-03
1.399999999999999986e-03
5.999999999999999474e-04
1.000000000000000021e-03
1.199999999999999895e-03
1.399999999999999986e-03
1.399999999999999986e-03
8.000000000000000383e-04
1.199999999999999895e-03
1.399999999999999986e-03
1.199999999999999895e-03
1.600000000000000077e-03
8.000000000000000383e-04
1.199999999999999895e-03
7.799999999999999642e-03
8.999999999999999320e-03
7.799999999999999642e-03
3.599999999999999728e-02
6.400000000000000133e-02
6.079999999999999988e-02
8.419999999999999707e-02
9.180000000000000659e-02
9.160000000000000087e-02
9.679999999999999716e-02
1.280000000000000027e-01
1.565999999999999892e-01
1.635999999999999954e-01
1.711999999999999911e-01
1.693999999999999950e-01
1.597999999999999976e-01
1.797999999999999876e-01
2.336000000000000021e-01
2.558000000000000274e-01
2.923999999999999932e-01
3.058000000000000163e-01
3.528000000000000025e-01
3.810000000000000053e-01
4.288000000000000145e-01
4.455999999999999961e-01
5.011999999999999789e-01
4.839999999999999858e-01
4.162000000000000144e-01
3.304000000000000270e-01
2.982000000000000206e-01
2.169999999999999984e-01
1.570000000000000007e-01
1.348000000000000032e-01
1.315999999999999948e-01
1.502000000000000002e-01
1.208000000000000046e-01
1.789999999999999925e-01
2.190000000000000002e-01
2.411999999999999977e-01
2.253999999999999893e-01
2.696000000000000063e-01
2.595999999999999974e-01
2.373999999999999999e-01
3.042000000000000259e-01
2.772000000000000020e-01
2.928000000000000047e-01
2.859999999999999765e-01
2.893999999999999906e-01
2.605999999999999983e-01
2.832000000000000073e-01
2.852000000000000091e-01
3.064000000000000057e-01
2.802000000000000046e-01
2.371999999999999942e-01
2.253999999999999893e-01
2.212000000000000077e-01
2.696000000000000063e-01
2.766000000000000125e-01
2.660000000000000142e-01
2.627999999999999781e-01
2.720000000000000195e-01
2.664000000000000257e-01
2.826000000000000179e-01
3.502000000000000113e-01
4.329999999999999960e-01
4.922000000000000264e-01
4.474000000000000199e-01
4.089999999999999747e-01
3.781999999999999806e-01
3.781999999999999806e-01
3.148000000000000242e-01
2.479999999999999982e-01
2.783999999999999808e-01
2.570000000000000062e-01
2.273999999999999910e-01
1.769999999999999907e-01
1.832000000000000017e-01
1.915999999999999925e-01
1.681999999999999884e-01
1.673999999999999932e-01
1.857999999999999929e-01
2.290000000000000091e-01
2.487999999999999934e-01
2.741999999999999993e-01
3.034000000000000030e-01
2.867999999999999994e-01
3.042000000000000259e-01
3.831999999999999851e-01
4.046000000000000152e-01
4.348000000000000198e-01
4.673999999999999821e-01
4.716000000000000192e-01
4.414000000000000146e-01
3.890000000000000124e-01
3.346000000000000085e-01
2.667999999999999816e-01
1.660000000000000087e-01
1.711999999999999911e-01
9.059999999999999998e-02
7.920000000000000651e-02
8.640000000000000457e-02
6.919999999999999762e-02
6.799999999999999621e-03
1.199999999999999895e-03
2.000000000000000042e-03
4.000000000000000192e-04
1.000000000000000021e-03
1.000000000000000021e-03
1.199999999999999895e-03
1.799999999999999951e-03
1.000000000000000021e-03
1.399999999999999986e-03
4.000000000000000192e-04
5.999999999999999474e-04
1.399999999999999986e-03
1.399999999999999986e-03
1.199999999999999895e-03
5.999999999999999474e-04
8.000000000000000383e-04
8.000000000000000383e-04
1.000000000000000021e-03
7.599999999999999985e-03
7.400000000000000328e-03
2.620000000000000107e-02
2.479999999999999913e-02
2.239999999999999977e-02
2.179999999999999993e-02
2.440000000000000155e-02
5.140000000000000124e-02
6.140000000000000319e-02
8.459999999999999465e-02
8.379999999999999949e-02
9.959999999999999409e-02
1.005999999999999950e-01
1.019999999999999934e-01
1.024000000000000049e-01
9.180000000000000659e-02
1.093999999999999972e-01
1.089999999999999997e-01
9.940000000000000224e-02
1.083999999999999964e-01
9.740000000000000047e-02
1.242000000000000048e-01
1.192000000000000004e-01
1.529999999999999971e-01
1.617999999999999994e-01
1.592000000000000082e-01
1.642000000000000126e-01
1.971999999999999864e-01
2.341999999999999915e-01
2.872000000000000108e-01
3.539999999999999813e-01
4.103999999999999870e-01
4.421999999999999820e-01
4.547999999999999821e-01
4.686000000000000165e-01
4.709999999999999742e-01
4.737999999999999989e-01
4.773999999999999910e-01
4.779999999999999805e-01
4.965999999999999859e-01
4.743999999999999884e-01
4.747999999999999998e-01
4.823999999999999955e-01
4.495999999999999996e-01
4.524000000000000243e-01
4.355999999999999872e-01
4.576000000000000068e-01
4.328000000000000180e-01
4.060000000000000275e-01
3.817999999999999727e-01
3.679999999999999938e-01
3.748000000000000220e-01
3.290000000000000147e-01
3.038000000000000145e-01
3.622000000000000219e-01
3.599999999999999867e-01
3.522000000000000131e-01
3.443999999999999839e-01
3.078000000000000180e-01
3.118000000000000216e-01
3.194000000000000172e-01
3.363999999999999768e-01
3.439999999999999725e-01
3.619999999999999885e-01
3.546000000000000263e-01
3.323999999999999733e-01
3.109999999999999987e-01
3.307999999999999829e-01
3.367999999999999883e-01
3.632000000000000228e-01
3.659999999999999920e-01
3.413999999999999813e-01
3.781999999999999806e-01
3.831999999999999851e-01
3.760000000000000009e-01
3.977999999999999869e-01
4.464000000000000190e-01
4.309999999999999942e-01
3.765999999999999903e-01
3.528000000000000025e-01
3.668000000000000149e-01
3.804000000000000159e-01
4.056000000000000161e-01
3.522000000000000131e-01
3.264000000000000234e-01
3.220000000000000084e-01
3.181999999999999829e-01
2.853999999999999870e-01
2.431999999999999995e-01
1.789999999999999925e-01
1.718000000000000083e-01
1.481999999999999984e-01
1.892000000000000071e-01
2.281999999999999862e-01
2.285999999999999976e-01
2.626000000000000001e-01
2.701999999999999957e-01
2.822000000000000064e-01
2.505999999999999894e-01
2.247999999999999998e-01
2.320000000000000118e-01
2.713999999999999746e-01
2.717999999999999861e-01
2.993999999999999995e-01
3.144000000000000128e-01
3.150000000000000022e-01
3.337999999999999856e-01
3.393999999999999795e-01
3.845999999999999974e-01
3.674000000000000044e-01
3.558000000000000052e-01
3.654000000000000026e-01
3.662000000000000255e-01
3.619999999999999885e-01
3.837999999999999745e-01
4.010000000000000231e-01
4.219999999999999862e-01
5.056000000000000494e-01
4.964000000000000079e-01
4.606000000000000094e-01
4.823999999999999955e-01
4.673999999999999821e-01
4.909999999999999920e-01
5.008000000000000229e-01
5.183999999999999719e-01
4.763999999999999901e-01
4.117999999999999994e-01
3.920000000000000151e-01
4.133999999999999897e-01
4.126000000000000223e-01
4.284000000000000030e-01
3.886000000000000010e-01
3.990000000000000213e-01
4.302000000000000268e-01
3.987999999999999878e-01
4.083999999999999853e-01
3.936000000000000054e-01
3.513999999999999901e-01
3.583999999999999964e-01
3.456000000000000183e-01
3.791999999999999815e-01
3.735999999999999877e-01
3.739999999999999991e-01
4.139999999999999791e-01
3.840000000000000080e-01
4.102000000000000091e-01
3.664000000000000035e-01
3.658000000000000140e-01
3.075999999999999845e-01
2.701999999999999957e-01
2.707999999999999852e-01
2.640000000000000124e-01
2.979999999999999871e-01
2.936000000000000276e-01
2.965999999999999748e-01
2.968000000000000083e-01
3.048000000000000154e-01
2.634000000000000230e-01
2.333999999999999964e-01
2.508000000000000229e-01
2.195999999999999897e-01
1.884000000000000119e-01
1.965999999999999970e-01
2.016000000000000014e-01
1.794000000000000039e-01
1.756000000000000061e-01
1.822000000000000008e-01
1.827999999999999903e-01
1.809999999999999942e-01
1.887999999999999956e-01
1.847999999999999921e-01
1.741999999999999937e-01
1.529999999999999971e-01
1.577999999999999958e-01
1.948000000000000009e-01
1.973999999999999921e-01
1.932000000000000106e-01
1.675999999999999990e-01
1.696000000000000008e-01
1.819999999999999951e-01
1.408000000000000085e-01
1.562000000000000055e-01
1.507999999999999896e-01
1.524000000000000077e-01
1.570000000000000007e-01
1.270000000000000018e-01
1.160000000000000059e-01
9.979999999999999982e-02
9.199999999999999845e-02
1.008000000000000007e-01
5.340000000000000302e-02
5.559999999999999665e-02
5.559999999999999665e-02
6.079999999999999988e-02
5.600000000000000117e-02
3.620000000000000301e-02
4.039999999999999841e-02
4.320000000000000229e-02
2.319999999999999840e-02
6.199999999999999782e-03
8.399999999999999481e-03
7.599999999999999985e-03
5.999999999999999474e-04
1.600000000000000077e-03
1.600000000000000077e-03
1.799999999999999951e-03
1.000000000000000021e-03
7.599999999999999985e-03
6.919999999999999762e-02
8.500000000000000611e-02
8.580000000000000127e-02
1.083999999999999964e-01
1.519999999999999962e-01
2.184000000000000108e-01
2.427999999999999881e-01
2.548000000000000265e-01
2.634000000000000230e-01
2.615999999999999992e-01
2.300000000000000100e-01
2.164000000000000090e-01
2.169999999999999984e-01
2.205999999999999905e-01
2.182000000000000051e-01
1.955999999999999961e-01
1.668000000000000038e-01
1.607999999999999985e-01
1.555999999999999883e-01
1.072000000000000036e-01
1.123999999999999999e-01
9.420000000000000595e-02
6.819999999999999674e-02
7.199999999999999456e-02
6.640000000000000069e-02
4.179999999999999688e-02
7.799999999999999642e-03
8.000000000000000167e-03
8.000000000000000167e-03
7.199999999999999803e-03
8.200000000000000691e-03
7.000000000000000146e-03
8.200000000000000691e-03
7.400000000000000328e-03
1.119999999999999989e-02
5.599999999999999943e-03
6.799999999999999621e-03
6.000000000000000125e-03
7.199999999999999803e-03
6.400000000000000307e-03
1.199999999999999895e-03
1.199999999999999895e-03
6.199999999999999782e-03
7.599999999999999985e-03
5.799999999999999600e-03
6.400000000000000307e-03
7.000000000000000146e-03
6.799999999999999621e-03
1.199999999999999895e-03
8.000000000000000383e-04
1.000000000000000021e-03
6.000000000000000125e-03
7.000000000000000146e-03
2.500000000000000139e-02
5.600000000000000117e-02
5.659999999999999754e-02
8.899999999999999578e-02
9.639999999999999958e-02
1.358000000000000040e-01
1.661999999999999866e-01
1.789999999999999925e-01
2.291999999999999871e-01
1.938000000000000000e-01
2.088000000000000134e-01
1.622000000000000108e-01
2.046000000000000041e-01
1.592000000000000082e-01
1.570000000000000007e-01
1.519999999999999962e-01
1.575999999999999901e-01
1.489999999999999936e-01
1.605999999999999928e-01
1.685999999999999999e-01
1.310000000000000053e-01
1.315999999999999948e-01
1.215999999999999998e-01
1.322000000000000119e-01
1.150000000000000050e-01
8.699999999999999400e-02
9.619999999999999385e-02
8.740000000000000546e-02
8.820000000000000062e-02
8.340000000000000191e-02
8.840000000000000635e-02
7.420000000000000207e-02
5.800000000000000294e-02
1.049999999999999961e-01
1.107999999999999957e-01
1.243999999999999967e-01
1.178000000000000019e-01
1.160000000000000059e-01
1.205999999999999989e-01
1.468000000000000138e-01
1.595999999999999919e-01
1.570000000000000007e-01
1.607999999999999985e-01
1.643999999999999906e-01
1.564000000000000112e-01
1.145999999999999935e-01
6.279999999999999472e-02
6.219999999999999835e-02
6.800000000000000488e-02
5.999999999999999778e-02
6.759999999999999343e-02
5.999999999999999778e-02
7.939999999999999836e-02
3.719999999999999696e-02
2.100000000000000130e-02
4.440000000000000197e-02
6.619999999999999496e-02
6.199999999999999956e-02
5.960000000000000020e-02
6.640000000000000069e-02
6.320000000000000617e-02
5.380000000000000060e-02
9.260000000000000175e-02
5.279999999999999971e-02
3.139999999999999736e-02
2.900000000000000147e-02
2.999999999999999889e-02
3.039999999999999994e-02
2.819999999999999937e-02
2.980000000000000010e-02
3.259999999999999704e-02
2.999999999999999889e-02
3.219999999999999946e-02
3.020000000000000115e-02
7.259999999999999787e-02
9.439999999999999780e-02
8.999999999999999667e-02
9.199999999999999845e-02
9.859999999999999321e-02
1.194000000000000061e-01
1.855999999999999872e-01
1.819999999999999951e-01
1.983999999999999930e-01
2.409999999999999920e-01
2.389999999999999902e-01
2.508000000000000229e-01
2.570000000000000062e-01
2.720000000000000195e-01
2.782000000000000028e-01
2.693999999999999728e-01
3.247999999999999776e-01
3.436000000000000165e-01
3.695999999999999841e-01
4.621999999999999997e-01
4.474000000000000199e-01
4.557999999999999829e-01
4.919999999999999929e-01
4.550000000000000155e-01
4.500000000000000111e-01
4.218000000000000083e-01
4.156000000000000250e-01
4.062000000000000055e-01
4.077999999999999958e-01
3.961999999999999966e-01
3.573999999999999955e-01
3.436000000000000165e-01
3.502000000000000113e-01
3.506000000000000227e-01
2.965999999999999748e-01
2.938000000000000056e-01
2.667999999999999816e-01
2.691999999999999948e-01
2.736000000000000099e-01
2.677999999999999825e-01
2.419999999999999929e-01
1.968000000000000027e-01
2.167999999999999927e-01
1.768000000000000127e-01
1.632000000000000117e-01
1.526000000000000134e-01
1.933999999999999886e-01
1.733999999999999986e-01
2.620000000000000107e-01
2.943999999999999950e-01
4.017999999999999905e-01
4.415999999999999925e-01
4.611999999999999988e-01
4.758000000000000007e-01
4.560000000000000164e-01
3.904000000000000248e-01
3.876000000000000001e-01
4.002000000000000002e-01
3.427999999999999936e-01
3.645999999999999797e-01
2.396000000000000074e-01
2.167999999999999927e-01
2.038000000000000089e-01
2.041999999999999926e-01
2.079999999999999905e-01
2.041999999999999926e-01
2.086000000000000076e-01
2.660000000000000142e-01
2.763999999999999790e-01
2.806000000000000161e-01
3.244000000000000217e-01
3.612000000000000210e-01
