0.000000000000000000e+00 6.587046980857849121e-01 5.771126747131347656e-01 6.368455886840820312e-01 6.940746307373046875e-01 6.532782912254333496e-01 6.443130373954772949e-01 6.264380812644958496e-01 6.160520315170288086e-01 5.727016329765319824e-01 6.627569198608398438e-01 6.382651925086975098e-01 6.756988167762756348e-01 7.133596539497375488e-01 6.569941043853759766e-01 6.295866370201110840e-01 6.670519113540649414e-01 6.522842049598693848e-01
6.587046980857849121e-01 0.000000000000000000e+00 6.858901381492614746e-01 6.581327319145202637e-01 7.274116873741149902e-01 6.320177316665649414e-01 6.239841580390930176e-01 7.002160549163818359e-01 6.087711453437805176e-01 5.713706612586975098e-01 6.082515120506286621e-01 6.573120951652526855e-01 7.080831527709960938e-01 7.083318829536437988e-01 7.320994734764099121e-01 6.078361272811889648e-01 6.521030068397521973e-01 6.720014810562133789e-01
5.771126747131347656e-01 6.858901381492614746e-01 0.000000000000000000e+00 6.276080012321472168e-01 7.005227804183959961e-01 5.750006437301635742e-01 6.410708427429199219e-01 6.864854693412780762e-01 6.496635079383850098e-01 6.044810414314270020e-01 6.536399126052856445e-01 6.923486590385437012e-01 6.980454325675964355e-01 6.351468563079833984e-01 6.726923584938049316e-01 6.724288463592529297e-01 6.822955012321472168e-01 6.495967507362365723e-01
6.368455886840820312e-01 6.581327319145202637e-01 6.276080012321472168e-01 0.000000000000000000e+00 6.499139070510864258e-01 6.487483382225036621e-01 6.324422359466552734e-01 6.549105644226074219e-01 5.750823616981506348e-01 6.274949312210083008e-01 6.863267421722412109e-01 6.199499368667602539e-01 6.816068291664123535e-01 6.757805347442626953e-01 6.571555137634277344e-01 6.295344829559326172e-01 6.636922955513000488e-01 6.392384767532348633e-01
6.940746307373046875e-01 7.274116873741149902e-01 7.005227804183959961e-01 6.499139070510864258e-01 0.000000000000000000e+00 6.657958030700683594e-01 7.189276814460754395e-01 7.142370343208312988e-01 6.655819416046142578e-01 6.474241614341735840e-01 7.230033874511718750e-01 6.458868980407714844e-01 7.018523216247558594e-01 7.114183902740478516e-01 6.594784855842590332e-01 6.283591389656066895e-01 6.682941317558288574e-01 7.045121788978576660e-01
6.532782912254333496e-01 6.320177316665649414e-01 5.750006437301635742e-01 6.487483382225036621e-01 6.657958030700683594e-01 0.000000000000000000e+00 6.252446770668029785e-01 6.655337214469909668e-01 6.113181710243225098e-01 6.157783865928649902e-01 6.903448104858398438e-01 6.976464390754699707e-01 6.329013705253601074e-01 6.564229726791381836e-01 5.858489274978637695e-01 6.318353414535522461e-01 6.342337131500244141e-01 6.093912124633789062e-01
6.443130373954772949e-01 6.239841580390930176e-01 6.410708427429199219e-01 6.324422359466552734e-01 7.189276814460754395e-01 6.252446770668029785e-01 0.000000000000000000e+00 6.126565933227539062e-01 6.282931566238403320e-01 6.311273574829101562e-01 6.886578202247619629e-01 6.266244053840637207e-01 6.276125907897949219e-01 6.951957941055297852e-01 6.647790074348449707e-01 6.622259616851806641e-01 6.982073783874511719e-01 6.372010707855224609e-01
6.264380812644958496e-01 7.002160549163818359e-01 6.864854693412780762e-01 6.549105644226074219e-01 7.142370343208312988e-01 6.655337214469909668e-01 6.126565933227539062e-01 0.000000000000000000e+00 6.079742312431335449e-01 6.189144253730773926e-01 6.736956238746643066e-01 6.266561150550842285e-01 6.627292037010192871e-01 6.966518759727478027e-01 6.378138661384582520e-01 6.951944828033447266e-01 6.272483468055725098e-01 6.754423379898071289e-01
6.160520315170288086e-01 6.087711453437805176e-01 6.496635079383850098e-01 5.750823616981506348e-01 6.655819416046142578e-01 6.113181710243225098e-01 6.282931566238403320e-01 6.079742312431335449e-01 0.000000000000000000e+00 5.690304040908813477e-01 6.764308214187622070e-01 6.191881299018859863e-01 6.906495094299316406e-01 7.145208716392517090e-01 6.551868319511413574e-01 6.595520973205566406e-01 6.593104600906372070e-01 5.537632107734680176e-01
5.727016329765319824e-01 5.713706612586975098e-01 6.044810414314270020e-01 6.274949312210083008e-01 6.474241614341735840e-01 6.157783865928649902e-01 6.311273574829101562e-01 6.189144253730773926e-01 5.690304040908813477e-01 0.000000000000000000e+00 6.270228028297424316e-01 6.396995782852172852e-01 6.635492444038391113e-01 7.030010223388671875e-01 6.635360717773437500e-01 6.104375123977661133e-01 5.725187659263610840e-01 6.193616390228271484e-01
6.627569198608398438e-01 6.082515120506286621e-01 6.536399126052856445e-01 6.863267421722412109e-01 7.230033874511718750e-01 6.903448104858398438e-01 6.886578202247619629e-01 6.736956238746643066e-01 6.764308214187622070e-01 6.270228028297424316e-01 0.000000000000000000e+00 6.271784901618957520e-01 7.310187816619873047e-01 7.328127026557922363e-01 6.759479641914367676e-01 7.051042914390563965e-01 6.610589027404785156e-01 6.231954097747802734e-01
6.382651925086975098e-01 6.573120951652526855e-01 6.923486590385437012e-01 6.199499368667602539e-01 6.458868980407714844e-01 6.976464390754699707e-01 6.266244053840637207e-01 6.266561150550842285e-01 6.191881299018859863e-01 6.396995782852172852e-01 6.271784901618957520e-01 0.000000000000000000e+00 6.570419669151306152e-01 7.274596095085144043e-01 6.287872791290283203e-01 6.345610618591308594e-01 6.613208651542663574e-01 6.007496118545532227e-01
6.756988167762756348e-01 7.080831527709960938e-01 6.980454325675964355e-01 6.816068291664123535e-01 7.018523216247558594e-01 6.329013705253601074e-01 6.276125907897949219e-01 6.627292037010192871e-01 6.906495094299316406e-01 6.635492444038391113e-01 7.310187816619873047e-01 6.570419669151306152e-01 0.000000000000000000e+00 6.633121371269226074e-01 6.346218585968017578e-01 7.241458296775817871e-01 6.411961317062377930e-01 7.151031494140625000e-01
7.133596539497375488e-01 7.083318829536437988e-01 6.351468563079833984e-01 6.757805347442626953e-01 7.114183902740478516e-01 6.564229726791381836e-01 6.951957941055297852e-01 6.966518759727478027e-01 7.145208716392517090e-01 7.030010223388671875e-01 7.328127026557922363e-01 7.274596095085144043e-01 6.633121371269226074e-01 0.000000000000000000e+00 7.019575238227844238e-01 7.412263154983520508e-01 7.062280178070068359e-01 7.589535117149353027e-01
6.569941043853759766e-01 7.320994734764099121e-01 6.726923584938049316e-01 6.571555137634277344e-01 6.594784855842590332e-01 5.858489274978637695e-01 6.647790074348449707e-01 6.378138661384582520e-01 6.551868319511413574e-01 6.635360717773437500e-01 6.759479641914367676e-01 6.287872791290283203e-01 6.346218585968017578e-01 7.019575238227844238e-01 0.000000000000000000e+00 7.034373283386230469e-01 6.620109677314758301e-01 6.632379293441772461e-01
6.295866370201110840e-01 6.078361272811889648e-01 6.724288463592529297e-01 6.295344829559326172e-01 6.283591389656066895e-01 6.318353414535522461e-01 6.622259616851806641e-01 6.951944828033447266e-01 6.595520973205566406e-01 6.104375123977661133e-01 7.051042914390563965e-01 6.345610618591308594e-01 7.241458296775817871e-01 7.412263154983520508e-01 7.034373283386230469e-01 0.000000000000000000e+00 6.244876384735107422e-01 6.388931870460510254e-01
6.670519113540649414e-01 6.521030068397521973e-01 6.822955012321472168e-01 6.636922955513000488e-01 6.682941317558288574e-01 6.342337131500244141e-01 6.982073783874511719e-01 6.272483468055725098e-01 6.593104600906372070e-01 5.725187659263610840e-01 6.610589027404785156e-01 6.613208651542663574e-01 6.411961317062377930e-01 7.062280178070068359e-01 6.620109677314758301e-01 6.244876384735107422e-01 0.000000000000000000e+00 6.561318039894104004e-01
6.522842049598693848e-01 6.720014810562133789e-01 6.495967507362365723e-01 6.392384767532348633e-01 7.045121788978576660e-01 6.093912124633789062e-01 6.372010707855224609e-01 6.754423379898071289e-01 5.537632107734680176e-01 6.193616390228271484e-01 6.231954097747802734e-01 6.007496118545532227e-01 7.151031494140625000e-01 7.589535117149353027e-01 6.632379293441772461e-01 6.388931870460510254e-01 6.561318039894104004e-01 0.000000000000000000e+00
