0.000000000000000000e+00 2.218753695487976074e-01 3.749670982360839844e-01 4.269485175609588623e-01 3.966272473335266113e-01 4.132246971130371094e-01 3.970770835876464844e-01 3.286944329738616943e-01 1.629698276519775391e-01 4.841007292270660400e-01 5.479533672332763672e-01 5.512324571609497070e-01 5.358623862266540527e-01 4.520550370216369629e-01 5.230149626731872559e-01 5.188660025596618652e-01 5.324871540069580078e-01 4.950879812240600586e-01
2.218753695487976074e-01 0.000000000000000000e+00 1.498733907938003540e-01 3.596721291542053223e-01 4.305589199066162109e-01 4.210192859172821045e-01 3.351365923881530762e-01 3.168431520462036133e-01 3.392003178596496582e-01 5.473991632461547852e-01 6.043601632118225098e-01 6.071247458457946777e-01 5.934967994689941406e-01 5.188630223274230957e-01 5.819969773292541504e-01 5.782276391983032227e-01 5.904626846313476562e-01 5.570673942565917969e-01
3.749670982360839844e-01 1.498733907938003540e-01 0.000000000000000000e+00 1.879044771194458008e-01 3.635151684284210205e-01 3.514235019683837891e-01 2.821282148361206055e-01 3.635910451412200928e-01 4.275213479995727539e-01 5.542471408843994141e-01 6.103366613388061523e-01 6.130778789520263672e-01 5.996950268745422363e-01 5.262494087219238281e-01 5.883494019508361816e-01 5.845989584922790527e-01 5.966396331787109375e-01 5.637519955635070801e-01
4.269485175609588623e-01 3.596721291542053223e-01 1.879044771194458008e-01 0.000000000000000000e+00 2.265739738941192627e-01 2.315950542688369751e-01 3.016983270645141602e-01 4.105907380580902100e-01 4.220313727855682373e-01 5.344014763832092285e-01 5.927087664604187012e-01 5.956416726112365723e-01 5.817838311195373535e-01 5.054968595504760742e-01 5.699545741081237793e-01 5.659927725791931152e-01 5.784718394279479980e-01 5.442857742309570312e-01
3.966272473335266113e-01 4.305589199066162109e-01 3.635151684284210205e-01 2.265739738941192627e-01 0.000000000000000000e+00 2.095471769571304321e-01 3.135673105716705322e-01 4.094646871089935303e-01 3.993563652038574219e-01 4.526994228363037109e-01 5.200299024581909180e-01 5.236935019493103027e-01 5.077434182167053223e-01 4.196895956993103027e-01 4.940398037433624268e-01 4.893843233585357666e-01 5.036615729331970215e-01 4.642111063003540039e-01
4.132246971130371094e-01 4.210192859172821045e-01 3.514235019683837891e-01 2.315950542688369751e-01 2.095471769571304321e-01 0.000000000000000000e+00 1.707180440425872803e-01 3.581343293190002441e-01 4.281475245952606201e-01 5.277973413467407227e-01 5.867779254913330078e-01 5.897687673568725586e-01 5.757334828376770020e-01 4.985398948192596436e-01 5.637762546539306641e-01 5.597838163375854492e-01 5.723941922187805176e-01 5.378189682960510254e-01
3.970770835876464844e-01 3.351365923881530762e-01 2.821282148361206055e-01 3.016983270645141602e-01 3.135673105716705322e-01 1.707180440425872803e-01 0.000000000000000000e+00 1.573744267225265503e-01 3.412568271160125732e-01 5.187672376632690430e-01 5.786931514739990234e-01 5.817197561264038086e-01 5.673509240150451660e-01 4.887776374816894531e-01 5.552643537521362305e-01 5.513188838958740234e-01 5.641308426856994629e-01 5.290166735649108887e-01
3.286944329738616943e-01 3.168431520462036133e-01 3.635910451412200928e-01 4.105907380580902100e-01 4.094646871089935303e-01 3.581343293190002441e-01 1.573744267225265503e-01 0.000000000000000000e+00 1.869834214448928833e-01 5.270652174949645996e-01 5.861619710922241211e-01 5.890972614288330078e-01 5.749133229255676270e-01 4.974141418933868408e-01 5.630044341087341309e-01 5.591326951980590820e-01 5.717906951904296875e-01 5.371585488319396973e-01
1.629698276519775391e-01 3.392003178596496582e-01 4.275213479995727539e-01 4.220313727855682373e-01 3.993563652038574219e-01 4.281475245952606201e-01 3.412568271160125732e-01 1.869834214448928833e-01 0.000000000000000000e+00 4.905488193035125732e-01 5.535896420478820801e-01 5.568054318428039551e-01 5.415779948234558105e-01 4.587686061859130859e-01 5.289248824119567871e-01 5.248841643333435059e-01 5.383397936820983887e-01 5.014215111732482910e-01
4.841007292270660400e-01 5.473991632461547852e-01 5.542471408843994141e-01 5.344014763832092285e-01 4.526994228363037109e-01 5.277973413467407227e-01 5.187672376632690430e-01 5.270652174949645996e-01 4.905488193035125732e-01 0.000000000000000000e+00 2.215574830770492554e-01 3.651835620403289795e-01 4.203921258449554443e-01 3.842427134513854980e-01 3.980903029441833496e-01 3.852330446243286133e-01 3.255369067192077637e-01 1.595183461904525757e-01
5.479533672332763672e-01 6.043601632118225098e-01 6.103366613388061523e-01 5.927087664604187012e-01 5.200299024581909180e-01 5.867779254913330078e-01 5.786931514739990234e-01 5.861619710922241211e-01 5.535896420478820801e-01 2.215574830770492554e-01 0.000000000000000000e+00 1.486494243144989014e-01 3.557051420211791992e-01 4.203238785266876221e-01 4.055460691452026367e-01 3.239419758319854736e-01 3.124333322048187256e-01 3.370493054389953613e-01
5.512324571609497070e-01 6.071247458457946777e-01 6.130778789520263672e-01 5.956416726112365723e-01 5.236935019493103027e-01 5.897687673568725586e-01 5.817197561264038086e-01 5.890972614288330078e-01 5.568054318428039551e-01 3.651835620403289795e-01 1.486494243144989014e-01 0.000000000000000000e+00 1.796337962150573730e-01 3.512542545795440674e-01 3.314134776592254639e-01 2.683860659599304199e-01 3.577307760715484619e-01 4.201710522174835205e-01
5.358623862266540527e-01 5.934967994689941406e-01 5.996950268745422363e-01 5.817838311195373535e-01 5.077434182167053223e-01 5.757334828376770020e-01 5.673509240150451660e-01 5.749133229255676270e-01 5.415779948234558105e-01 4.203921258449554443e-01 3.557051420211791992e-01 1.796337962150573730e-01 0.000000000000000000e+00 2.252042591571807861e-01 2.236880064010620117e-01 2.951257824897766113e-01 4.070656001567840576e-01 4.189693033695220947e-01
4.520550370216369629e-01 5.188630223274230957e-01 5.262494087219238281e-01 5.054968595504760742e-01 4.196895956993103027e-01 4.985398948192596436e-01 4.887776374816894531e-01 4.974141418933868408e-01 4.587686061859130859e-01 3.842427134513854980e-01 4.203238785266876221e-01 3.512542545795440674e-01 2.252042591571807861e-01 0.000000000000000000e+00 2.098533958196640015e-01 3.081755638122558594e-01 4.050863683223724365e-01 3.929600119590759277e-01
5.230149626731872559e-01 5.819969773292541504e-01 5.883494019508361816e-01 5.699545741081237793e-01 4.940398037433624268e-01 5.637762546539306641e-01 5.552643537521362305e-01 5.630044341087341309e-01 5.289248824119567871e-01 3.980903029441833496e-01 4.055460691452026367e-01 3.314134776592254639e-01 2.236880064010620117e-01 2.098533958196640015e-01 0.000000000000000000e+00 1.618576645851135254e-01 3.471348285675048828e-01 4.140977561473846436e-01
5.188660025596618652e-01 5.782276391983032227e-01 5.845989584922790527e-01 5.659927725791931152e-01 4.893843233585357666e-01 5.597838163375854492e-01 5.513188838958740234e-01 5.591326951980590820e-01 5.248841643333435059e-01 3.852330446243286133e-01 3.239419758319854736e-01 2.683860659599304199e-01 2.951257824897766113e-01 3.081755638122558594e-01 1.618576645851135254e-01 0.000000000000000000e+00 1.582364290952682495e-01 3.344162404537200928e-01
5.324871540069580078e-01 5.904626846313476562e-01 5.966396331787109375e-01 5.784718394279479980e-01 5.036615729331970215e-01 5.723941922187805176e-01 5.641308426856994629e-01 5.717906951904296875e-01 5.383397936820983887e-01 3.255369067192077637e-01 3.124333322048187256e-01 3.577307760715484619e-01 4.070656001567840576e-01 4.050863683223724365e-01 3.471348285675048828e-01 1.582364290952682495e-01 0.000000000000000000e+00 1.853270232677459717e-01
4.950879812240600586e-01 5.570673942565917969e-01 5.637519955635070801e-01 5.442857742309570312e-01 4.642111063003540039e-01 5.378189682960510254e-01 5.290166735649108887e-01 5.371585488319396973e-01 5.014215111732482910e-01 1.595183461904525757e-01 3.370493054389953613e-01 4.201710522174835205e-01 4.189693033695220947e-01 3.929600119590759277e-01 4.140977561473846436e-01 3.344162404537200928e-01 1.853270232677459717e-01 0.000000000000000000e+00
