0.000000000000000000e+00 1.327316015958786011e-01 2.385052144527435303e-01 3.130806088447570801e-01 3.909538686275482178e-01 3.319611549377441406e-01 2.573338449001312256e-01 1.795465350151062012e-01 7.491004467010498047e-02 5.482786893844604492e-01 6.046187281608581543e-01 5.770910382270812988e-01 5.508323907852172852e-01 5.192771553993225098e-01 5.663893818855285645e-01 5.547713637351989746e-01 5.689520239830017090e-01 5.583636760711669922e-01
1.327316015958786011e-01 0.000000000000000000e+00 1.235896423459053040e-01 2.576285600662231445e-01 3.944900333881378174e-01 3.019458055496215820e-01 2.442292124032974243e-01 1.935968697071075439e-01 1.845469772815704346e-01 5.958229899406433105e-01 6.458179354667663574e-01 6.204667091369628906e-01 5.967416763305664062e-01 5.680903792381286621e-01 6.101270318031311035e-01 5.988678932189941406e-01 6.130750179290771484e-01 6.048248410224914551e-01
2.385052144527435303e-01 1.235896423459053040e-01 0.000000000000000000e+00 1.298388838768005371e-01 3.162946999073028564e-01 2.174084931612014771e-01 2.200636118650436401e-01 2.282245457172393799e-01 2.646778821945190430e-01 5.647292137145996094e-01 6.173959970474243164e-01 5.902174711227416992e-01 5.648350119590759277e-01 5.350170135498046875e-01 5.790162682533264160e-01 5.671393871307373047e-01 5.827611088752746582e-01 5.743131041526794434e-01
3.130806088447570801e-01 2.576285600662231445e-01 1.298388838768005371e-01 0.000000000000000000e+00 2.130004614591598511e-01 1.396824121475219727e-01 2.231642454862594604e-01 3.015605211257934570e-01 3.339061439037322998e-01 5.491541624069213867e-01 6.030777692794799805e-01 5.749356746673583984e-01 5.487642884254455566e-01 5.200012922286987305e-01 5.647072792053222656e-01 5.533264279365539551e-01 5.694028139114379883e-01 5.594717860221862793e-01
3.909538686275482178e-01 3.944900333881378174e-01 3.162946999073028564e-01 2.130004614591598511e-01 0.000000000000000000e+00 1.947614252567291260e-01 3.130366802215576172e-01 4.025990962982177734e-01 4.015390276908874512e-01 5.234456658363342285e-01 5.799459815025329590e-01 5.504244565963745117e-01 5.235319733619689941e-01 4.942551255226135254e-01 5.415673255920410156e-01 5.307419300079345703e-01 5.469200015068054199e-01 5.353259444236755371e-01
3.319611549377441406e-01 3.019458055496215820e-01 2.174084931612014771e-01 1.396824121475219727e-01 1.947614252567291260e-01 0.000000000000000000e+00 1.575064510107040405e-01 2.864234149456024170e-01 3.274570107460021973e-01 5.763804912567138672e-01 6.266995668411254883e-01 5.994734764099121094e-01 5.751284360885620117e-01 5.495245456695556641e-01 5.928420424461364746e-01 5.829110741615295410e-01 5.976802706718444824e-01 5.870833992958068848e-01
2.573338449001312256e-01 2.442292124032974243e-01 2.200636118650436401e-01 2.231642454862594604e-01 3.130366802215576172e-01 1.575064510107040405e-01 0.000000000000000000e+00 1.215113475918769836e-01 2.082057446241378784e-01 5.594603419303894043e-01 6.109337210655212402e-01 5.833239555358886719e-01 5.604698657989501953e-01 5.327500104904174805e-01 5.795158147811889648e-01 5.685850977897644043e-01 5.821844339370727539e-01 5.716839432716369629e-01
1.795465350151062012e-01 1.935968697071075439e-01 2.282245457172393799e-01 3.015605211257934570e-01 4.025990962982177734e-01 2.864234149456024170e-01 1.215113475918769836e-01 0.000000000000000000e+00 1.171212345361709595e-01 5.740160346031188965e-01 6.246088743209838867e-01 5.984553098678588867e-01 5.763376355171203613e-01 5.486164093017578125e-01 5.943787693977355957e-01 5.837425589561462402e-01 5.967146158218383789e-01 5.860930681228637695e-01
7.491004467010498047e-02 1.845469772815704346e-01 2.646778821945190430e-01 3.339061439037322998e-01 4.015390276908874512e-01 3.274570107460021973e-01 2.082057446241378784e-01 1.171212345361709595e-01 0.000000000000000000e+00 5.594856739044189453e-01 6.133034229278564453e-01 5.868336558341979980e-01 5.624898672103881836e-01 5.327439904212951660e-01 5.793780088424682617e-01 5.688816905021667480e-01 5.820237994194030762e-01 5.705326199531555176e-01
5.482786893844604492e-01 5.958229899406433105e-01 5.647292137145996094e-01 5.491541624069213867e-01 5.234456658363342285e-01 5.763804912567138672e-01 5.594603419303894043e-01 5.740160346031188965e-01 5.594856739044189453e-01 0.000000000000000000e+00 1.357971876859664917e-01 2.293660938739776611e-01 3.026737570762634277e-01 3.862479031085968018e-01 3.263579308986663818e-01 2.605263888835906982e-01 1.791361272335052490e-01 7.966133952140808105e-02
6.046187281608581543e-01 6.458179354667663574e-01 6.173959970474243164e-01 6.030777692794799805e-01 5.799459815025329590e-01 6.266995668411254883e-01 6.109337210655212402e-01 6.246088743209838867e-01 6.133034229278564453e-01 1.357971876859664917e-01 0.000000000000000000e+00 1.190455257892608643e-01 2.572463750839233398e-01 4.034357666969299316e-01 3.121531307697296143e-01 2.583541870117187500e-01 1.959088295698165894e-01 1.878801882266998291e-01
5.770910382270812988e-01 6.204667091369628906e-01 5.902174711227416992e-01 5.749356746673583984e-01 5.504244565963745117e-01 5.994734764099121094e-01 5.833239555358886719e-01 5.984553098678588867e-01 5.868336558341979980e-01 2.293660938739776611e-01 1.190455257892608643e-01 0.000000000000000000e+00 1.351094394922256470e-01 3.148723542690277100e-01 2.223275601863861084e-01 2.217579632997512817e-01 2.226564139127731323e-01 2.571328282356262207e-01
5.508323907852172852e-01 5.967416763305664062e-01 5.648350119590759277e-01 5.487642884254455566e-01 5.235319733619689941e-01 5.751284360885620117e-01 5.604698657989501953e-01 5.763376355171203613e-01 5.624898672103881836e-01 3.026737570762634277e-01 2.572463750839233398e-01 1.351094394922256470e-01 0.000000000000000000e+00 2.037515640258789062e-01 1.364219933748245239e-01 2.151803225278854370e-01 2.946461737155914307e-01 3.249292671680450439e-01
5.192771553993225098e-01 5.680903792381286621e-01 5.350170135498046875e-01 5.200012922286987305e-01 4.942551255226135254e-01 5.495245456695556641e-01 5.327500104904174805e-01 5.486164093017578125e-01 5.327439904212951660e-01 3.862479031085968018e-01 4.034357666969299316e-01 3.148723542690277100e-01 2.037515640258789062e-01 0.000000000000000000e+00 2.004442811012268066e-01 3.083737492561340332e-01 3.919534683227539062e-01 3.916646242141723633e-01
5.663893818855285645e-01 6.101270318031311035e-01 5.790162682533264160e-01 5.647072792053222656e-01 5.415673255920410156e-01 5.928420424461364746e-01 5.795158147811889648e-01 5.943787693977355957e-01 5.793780088424682617e-01 3.263579308986663818e-01 3.121531307697296143e-01 2.223275601863861084e-01 1.364219933748245239e-01 2.004442811012268066e-01 0.000000000000000000e+00 1.335065513849258423e-01 2.670912742614746094e-01 3.155075907707214355e-01
5.547713637351989746e-01 5.988678932189941406e-01 5.671393871307373047e-01 5.533264279365539551e-01 5.307419300079345703e-01 5.829110741615295410e-01 5.685850977897644043e-01 5.837425589561462402e-01 5.688816905021667480e-01 2.605263888835906982e-01 2.583541870117187500e-01 2.217579632997512817e-01 2.151803225278854370e-01 3.083737492561340332e-01 1.335065513849258423e-01 0.000000000000000000e+00 1.243847310543060303e-01 2.129815816879272461e-01
5.689520239830017090e-01 6.130750179290771484e-01 5.827611088752746582e-01 5.694028139114379883e-01 5.469200015068054199e-01 5.976802706718444824e-01 5.821844339370727539e-01 5.967146158218383789e-01 5.820237994194030762e-01 1.791361272335052490e-01 1.959088295698165894e-01 2.226564139127731323e-01 2.946461737155914307e-01 3.919534683227539062e-01 2.670912742614746094e-01 1.243847310543060303e-01 0.000000000000000000e+00 1.193128228187561035e-01
5.583636760711669922e-01 6.048248410224914551e-01 5.743131041526794434e-01 5.594717860221862793e-01 5.353259444236755371e-01 5.870833992958068848e-01 5.716839432716369629e-01 5.860930681228637695e-01 5.705326199531555176e-01 7.966133952140808105e-02 1.878801882266998291e-01 2.571328282356262207e-01 3.249292671680450439e-01 3.916646242141723633e-01 3.155075907707214355e-01 2.129815816879272461e-01 1.193128228187561035e-01 0.000000000000000000e+00
