3.774000000000000132e-01
4.673999999999999821e-01
4.958000000000000185e-01
4.450000000000000067e-01
3.871999999999999886e-01
3.420000000000000262e-01
3.287999999999999812e-01
2.903999999999999915e-01
2.540000000000000036e-01
2.545999999999999930e-01
2.167999999999999927e-01
1.971999999999999864e-01
1.887999999999999956e-01
1.771999999999999964e-01
1.542000000000000037e-01
1.592000000000000082e-01
1.728000000000000091e-01
1.890000000000000013e-01
1.812000000000000000e-01
1.970000000000000084e-01
2.232000000000000095e-01
2.535999999999999921e-01
2.439999999999999947e-01
2.615999999999999992e-01
2.909999999999999809e-01
2.928000000000000047e-01
2.767999999999999905e-01
2.752000000000000002e-01
2.636000000000000010e-01
2.786000000000000143e-01
2.995999999999999774e-01
3.473999999999999866e-01
4.109999999999999765e-01
4.556000000000000050e-01
4.677999999999999936e-01
4.497999999999999776e-01
4.188000000000000056e-01
3.815999999999999948e-01
3.214000000000000190e-01
2.721999999999999975e-01
2.555999999999999939e-01
2.243999999999999884e-01
1.764000000000000012e-01
1.464000000000000024e-01
1.145999999999999935e-01
8.640000000000000457e-02
6.500000000000000222e-02
5.299999999999999850e-02
4.719999999999999890e-02
4.100000000000000172e-02
3.860000000000000236e-02
2.960000000000000131e-02
2.179999999999999993e-02
2.359999999999999945e-02
2.019999999999999921e-02
1.280000000000000061e-02
1.239999999999999956e-02
8.000000000000000167e-03
6.599999999999999964e-03
7.599999999999999985e-03
4.199999999999999740e-03
3.599999999999999901e-03
5.199999999999999761e-03
6.199999999999999782e-03
8.000000000000000167e-03
6.000000000000000125e-03
6.599999999999999964e-03
7.400000000000000328e-03
5.799999999999999600e-03
6.599999999999999964e-03
8.000000000000000167e-03
1.159999999999999920e-02
1.359999999999999924e-02
2.060000000000000026e-02
1.899999999999999953e-02
2.659999999999999865e-02
2.599999999999999881e-02
3.320000000000000034e-02
4.580000000000000043e-02
5.000000000000000278e-02
6.880000000000000004e-02
8.659999999999999643e-02
1.164000000000000035e-01
1.198000000000000037e-01
1.312000000000000111e-01
1.797999999999999876e-01
2.016000000000000014e-01
2.285999999999999976e-01
2.710000000000000187e-01
3.237999999999999767e-01
3.608000000000000096e-01
4.245999999999999774e-01
4.570000000000000173e-01
4.823999999999999955e-01
4.849999999999999867e-01
4.369999999999999996e-01
4.202000000000000179e-01
3.867999999999999772e-01
3.634000000000000008e-01
3.205999999999999961e-01
2.933999999999999941e-01
2.656000000000000028e-01
2.336000000000000021e-01
2.030000000000000138e-01
1.726000000000000034e-01
1.544000000000000095e-01
1.287999999999999978e-01
1.137999999999999984e-01
9.840000000000000135e-02
9.539999999999999869e-02
8.140000000000000013e-02
6.880000000000000004e-02
6.539999999999999980e-02
5.899999999999999689e-02
4.819999999999999979e-02
3.520000000000000212e-02
3.880000000000000115e-02
3.259999999999999704e-02
3.139999999999999736e-02
2.419999999999999929e-02
2.520000000000000018e-02
2.699999999999999969e-02
2.520000000000000018e-02
3.020000000000000115e-02
3.919999999999999873e-02
3.139999999999999736e-02
4.299999999999999656e-02
4.760000000000000342e-02
5.720000000000000084e-02
6.400000000000000133e-02
6.940000000000000335e-02
8.039999999999999925e-02
9.439999999999999780e-02
1.161999999999999977e-01
1.223999999999999949e-01
1.376000000000000001e-01
1.527999999999999914e-01
1.706000000000000016e-01
1.797999999999999876e-01
2.006000000000000005e-01
2.099999999999999922e-01
2.245999999999999941e-01
2.156000000000000139e-01
2.373999999999999999e-01
2.540000000000000036e-01
2.551999999999999824e-01
2.750000000000000222e-01
2.806000000000000161e-01
3.125999999999999890e-01
3.158000000000000251e-01
3.423999999999999821e-01
3.785999999999999921e-01
3.956000000000000072e-01
4.225999999999999757e-01
4.707999999999999963e-01
4.915999999999999814e-01
4.788000000000000034e-01
4.792000000000000148e-01
4.570000000000000173e-01
4.288000000000000145e-01
4.460000000000000075e-01
4.378000000000000225e-01
4.487999999999999767e-01
4.349999999999999978e-01
4.318000000000000171e-01
4.369999999999999996e-01
4.566000000000000059e-01
4.351999999999999758e-01
4.278000000000000136e-01
4.573999999999999733e-01
4.481999999999999873e-01
4.495999999999999996e-01
4.689999999999999725e-01
4.657999999999999918e-01
4.853999999999999981e-01
4.924000000000000044e-01
4.729999999999999760e-01
4.759999999999999787e-01
4.703999999999999848e-01
4.941999999999999726e-01
4.958000000000000185e-01
5.036000000000000476e-01
4.888000000000000123e-01
4.632000000000000006e-01
4.420000000000000040e-01
4.089999999999999747e-01
4.099999999999999756e-01
3.765999999999999903e-01
3.907999999999999807e-01
3.860000000000000098e-01
3.711999999999999744e-01
3.664000000000000035e-01
3.619999999999999885e-01
3.770000000000000018e-01
3.897999999999999798e-01
3.814000000000000168e-01
3.765999999999999903e-01
3.824000000000000177e-01
3.532000000000000139e-01
3.393999999999999795e-01
3.548000000000000043e-01
3.619999999999999885e-01
3.622000000000000219e-01
3.538000000000000034e-01
3.790000000000000036e-01
3.926000000000000045e-01
4.331999999999999740e-01
4.410000000000000031e-01
4.873999999999999999e-01
4.808000000000000052e-01
4.650000000000000244e-01
4.198000000000000065e-01
3.916000000000000036e-01
3.800000000000000044e-01
3.612000000000000210e-01
2.933999999999999941e-01
2.883999999999999897e-01
2.892000000000000126e-01
2.912000000000000144e-01
2.776000000000000134e-01
2.594000000000000195e-01
2.515999999999999903e-01
2.411999999999999977e-01
2.399999999999999911e-01
2.227999999999999980e-01
2.071999999999999953e-01
2.038000000000000089e-01
1.703999999999999959e-01
1.653999999999999915e-01
1.539999999999999980e-01
1.484000000000000041e-01
1.328000000000000014e-01
1.203999999999999931e-01
1.024000000000000049e-01
1.083999999999999964e-01
1.062000000000000027e-01
9.760000000000000620e-02
9.339999999999999691e-02
8.540000000000000369e-02
8.079999999999999682e-02
7.660000000000000142e-02
8.840000000000000635e-02
8.260000000000000675e-02
6.519999999999999407e-02
6.759999999999999343e-02
7.220000000000000029e-02
6.460000000000000464e-02
6.759999999999999343e-02
4.499999999999999833e-02
3.699999999999999817e-02
3.919999999999999873e-02
3.660000000000000059e-02
3.379999999999999671e-02
3.160000000000000309e-02
2.160000000000000114e-02
1.820000000000000090e-02
1.739999999999999880e-02
1.280000000000000061e-02
7.000000000000000146e-03
1.260000000000000009e-02
1.200000000000000025e-02
8.000000000000000167e-03
1.200000000000000025e-02
8.399999999999999481e-03
1.220000000000000077e-02
7.000000000000000146e-03
1.060000000000000005e-02
6.400000000000000307e-03
7.000000000000000146e-03
1.260000000000000009e-02
1.220000000000000077e-02
1.439999999999999961e-02
1.779999999999999985e-02
3.139999999999999736e-02
5.340000000000000302e-02
7.679999999999999327e-02
7.580000000000000626e-02
8.740000000000000546e-02
8.580000000000000127e-02
9.379999999999999449e-02
1.019999999999999934e-01
1.048000000000000043e-01
1.340000000000000080e-01
1.504000000000000059e-01
1.703999999999999959e-01
1.963999999999999913e-01
2.172000000000000042e-01
2.548000000000000265e-01
2.707999999999999852e-01
2.782000000000000028e-01
3.054000000000000048e-01
3.382000000000000006e-01
3.482000000000000095e-01
3.493999999999999884e-01
3.642000000000000237e-01
3.502000000000000113e-01
3.689999999999999947e-01
4.002000000000000002e-01
3.934000000000000274e-01
3.801999999999999824e-01
3.729999999999999982e-01
3.870000000000000107e-01
3.931999999999999940e-01
3.628000000000000114e-01
3.622000000000000219e-01
3.678000000000000158e-01
3.934000000000000274e-01
4.013999999999999790e-01
4.067999999999999949e-01
3.876000000000000001e-01
4.083999999999999853e-01
4.213999999999999968e-01
4.534000000000000252e-01
4.517999999999999794e-01
4.914000000000000035e-01
4.968000000000000194e-01
4.939999999999999947e-01
4.776000000000000245e-01
4.778000000000000025e-01
4.116000000000000214e-01
4.348000000000000198e-01
3.906000000000000028e-01
3.638000000000000123e-01
2.882000000000000117e-01
2.564000000000000168e-01
2.521999999999999797e-01
2.434000000000000052e-01
2.101999999999999980e-01
1.900000000000000022e-01
1.779999999999999916e-01
1.645999999999999963e-01
1.484000000000000041e-01
1.370000000000000107e-01
1.283999999999999864e-01
1.165999999999999953e-01
1.076000000000000012e-01
9.879999999999999893e-02
9.039999999999999425e-02
7.259999999999999787e-02
7.820000000000000562e-02
7.299999999999999545e-02
6.180000000000000077e-02
5.720000000000000084e-02
5.399999999999999939e-02
4.800000000000000100e-02
5.360000000000000181e-02
5.539999999999999786e-02
7.180000000000000271e-02
7.639999999999999569e-02
7.860000000000000320e-02
7.860000000000000320e-02
7.499999999999999722e-02
8.880000000000000393e-02
9.940000000000000224e-02
1.274000000000000132e-01
1.574000000000000121e-01
1.652000000000000135e-01
2.117999999999999883e-01
2.401999999999999968e-01
2.992000000000000215e-01
3.473999999999999866e-01
3.986000000000000099e-01
4.611999999999999988e-01
4.390000000000000013e-01
3.897999999999999798e-01
3.516000000000000236e-01
3.296000000000000041e-01
2.693999999999999728e-01
2.466000000000000136e-01
2.336000000000000021e-01
2.068000000000000116e-01
2.013999999999999957e-01
2.031999999999999917e-01
1.894000000000000128e-01
1.887999999999999956e-01
1.874000000000000110e-01
1.958000000000000018e-01
1.877999999999999947e-01
1.920000000000000040e-01
2.016000000000000014e-01
1.829999999999999960e-01
1.953999999999999904e-01
1.822000000000000008e-01
1.940000000000000058e-01
1.978000000000000036e-01
1.978000000000000036e-01
2.048000000000000098e-01
1.952000000000000124e-01
2.159999999999999976e-01
2.288000000000000034e-01
2.305999999999999994e-01
2.316000000000000003e-01
2.285999999999999976e-01
2.467999999999999916e-01
2.837999999999999967e-01
2.922000000000000153e-01
3.071999999999999731e-01
3.422000000000000042e-01
3.513999999999999901e-01
4.076000000000000179e-01
4.056000000000000161e-01
4.485999999999999988e-01
4.855999999999999761e-01
4.693999999999999839e-01
4.285999999999999810e-01
3.990000000000000213e-01
3.745999999999999885e-01
3.634000000000000008e-01
3.613999999999999990e-01
3.377999999999999892e-01
3.311999999999999944e-01
3.346000000000000085e-01
3.446000000000000174e-01
3.634000000000000008e-01
3.503999999999999893e-01
3.654000000000000026e-01
4.067999999999999949e-01
4.225999999999999757e-01
4.289999999999999925e-01
4.232000000000000206e-01
4.430000000000000049e-01
4.537999999999999812e-01
4.475999999999999979e-01
4.788000000000000034e-01
4.736000000000000210e-01
4.660000000000000253e-01
4.726000000000000201e-01
4.965999999999999859e-01
4.924000000000000044e-01
4.951999999999999735e-01
4.699999999999999734e-01
4.445999999999999952e-01
4.259999999999999898e-01
4.212000000000000188e-01
4.202000000000000179e-01
4.036000000000000143e-01
3.754000000000000115e-01
3.632000000000000228e-01
3.380000000000000226e-01
3.280000000000000138e-01
3.125999999999999890e-01
3.059999999999999942e-01
3.002000000000000224e-01
3.270000000000000129e-01
3.108000000000000207e-01
3.164000000000000146e-01
3.185999999999999943e-01
3.427999999999999936e-01
3.499999999999999778e-01
3.373999999999999777e-01
3.694000000000000061e-01
3.669999999999999929e-01
3.778000000000000247e-01
3.831999999999999851e-01
3.739999999999999991e-01
3.623999999999999999e-01
3.632000000000000228e-01
3.605999999999999761e-01
3.383999999999999786e-01
3.187999999999999723e-01
3.064000000000000057e-01
3.098000000000000198e-01
2.983999999999999986e-01
2.750000000000000222e-01
3.074000000000000066e-01
3.084000000000000075e-01
3.205999999999999961e-01
3.214000000000000190e-01
3.071999999999999731e-01
3.290000000000000147e-01
3.516000000000000236e-01
3.684000000000000052e-01
3.417999999999999927e-01
3.795999999999999930e-01
3.884000000000000230e-01
4.037999999999999923e-01
4.636000000000000121e-01
4.872000000000000219e-01
4.833999999999999964e-01
4.663999999999999813e-01
4.673999999999999821e-01
4.245999999999999774e-01
4.016000000000000125e-01
3.649999999999999911e-01
3.456000000000000183e-01
3.307999999999999829e-01
3.489999999999999769e-01
3.751999999999999780e-01
4.006000000000000116e-01
4.331999999999999740e-01
4.623999999999999777e-01
4.843999999999999972e-01
4.554000000000000270e-01
4.385999999999999899e-01
4.082000000000000073e-01
4.132000000000000117e-01
3.894000000000000239e-01
3.890000000000000124e-01
3.860000000000000098e-01
3.754000000000000115e-01
3.694000000000000061e-01
3.734000000000000097e-01
3.558000000000000052e-01
3.668000000000000149e-01
3.492000000000000104e-01
3.628000000000000114e-01
3.326000000000000068e-01
3.250000000000000111e-01
3.413999999999999813e-01
3.052000000000000268e-01
3.125999999999999890e-01
3.410000000000000253e-01
3.417999999999999927e-01
3.508000000000000007e-01
3.619999999999999885e-01
3.552000000000000157e-01
3.711999999999999744e-01
3.679999999999999938e-01
3.479999999999999760e-01
3.618000000000000105e-01
3.553999999999999937e-01
3.427999999999999936e-01
3.400000000000000244e-01
3.316000000000000059e-01
3.230000000000000093e-01
3.009999999999999898e-01
3.161999999999999811e-01
3.002000000000000224e-01
2.772000000000000020e-01
2.790000000000000258e-01
2.933999999999999941e-01
2.886000000000000232e-01
2.985999999999999766e-01
2.949999999999999845e-01
2.713999999999999746e-01
3.004000000000000004e-01
3.111999999999999766e-01
3.367999999999999883e-01
3.496000000000000218e-01
3.575999999999999734e-01
3.754000000000000115e-01
3.847999999999999754e-01
4.122000000000000108e-01
3.967999999999999861e-01
4.243999999999999995e-01
4.284000000000000030e-01
4.636000000000000121e-01
5.023999999999999577e-01
4.709999999999999742e-01
4.358000000000000207e-01
3.993999999999999773e-01
3.801999999999999824e-01
3.688000000000000167e-01
3.496000000000000218e-01
3.171999999999999820e-01
3.064000000000000057e-01
2.721999999999999975e-01
2.464000000000000079e-01
2.429999999999999938e-01
2.104000000000000037e-01
2.039999999999999869e-01
2.006000000000000005e-01
1.690000000000000113e-01
1.587999999999999967e-01
1.458000000000000129e-01
1.361999999999999877e-01
1.236000000000000015e-01
1.087999999999999939e-01
1.068000000000000060e-01
8.719999999999999973e-02
7.580000000000000626e-02
6.640000000000000069e-02
5.299999999999999850e-02
5.160000000000000003e-02
4.859999999999999737e-02
3.899999999999999994e-02
3.219999999999999946e-02
1.980000000000000163e-02
2.100000000000000130e-02
1.200000000000000025e-02
6.199999999999999782e-03
4.599999999999999922e-03
6.599999999999999964e-03
6.400000000000000307e-03
3.200000000000000153e-03
5.799999999999999600e-03
5.199999999999999761e-03
6.599999999999999964e-03
5.000000000000000104e-03
4.599999999999999922e-03
5.400000000000000286e-03
7.400000000000000328e-03
1.060000000000000005e-02
1.039999999999999952e-02
1.220000000000000077e-02
9.599999999999999159e-03
1.679999999999999896e-02
2.359999999999999945e-02
2.699999999999999969e-02
3.080000000000000099e-02
3.320000000000000034e-02
3.559999999999999970e-02
4.359999999999999987e-02
4.700000000000000011e-02
4.479999999999999954e-02
4.880000000000000310e-02
5.319999999999999729e-02
6.040000000000000230e-02
6.300000000000000044e-02
7.359999999999999876e-02
9.220000000000000417e-02
1.179999999999999938e-01
1.761999999999999955e-01
2.308000000000000052e-01
2.889999999999999791e-01
3.603999999999999981e-01
4.205999999999999739e-01
4.722000000000000086e-01
4.444000000000000172e-01
3.867999999999999772e-01
3.301999999999999935e-01
2.923999999999999932e-01
2.626000000000000001e-01
2.200000000000000011e-01
1.930000000000000049e-01
1.819999999999999951e-01
1.574000000000000121e-01
1.391999999999999904e-01
1.350000000000000089e-01
1.137999999999999984e-01
1.154000000000000026e-01
1.055999999999999994e-01
1.032000000000000001e-01
8.740000000000000546e-02
9.339999999999999691e-02
9.120000000000000329e-02
8.719999999999999973e-02
8.980000000000000482e-02
9.460000000000000353e-02
9.420000000000000595e-02
1.001999999999999974e-01
1.082000000000000045e-01
1.034000000000000058e-01
1.123999999999999999e-01
1.106000000000000039e-01
1.198000000000000037e-01
1.209999999999999964e-01
1.194000000000000061e-01
1.283999999999999864e-01
1.242000000000000048e-01
1.320000000000000062e-01
1.403999999999999970e-01
1.484000000000000041e-01
1.628000000000000003e-01
1.998000000000000054e-01
2.129999999999999949e-01
2.419999999999999929e-01
2.660000000000000142e-01
2.760000000000000231e-01
2.922000000000000153e-01
3.104000000000000092e-01
3.197999999999999732e-01
3.373999999999999777e-01
3.446000000000000174e-01
3.674000000000000044e-01
3.850000000000000089e-01
4.117999999999999994e-01
4.238000000000000100e-01
4.391999999999999793e-01
4.736000000000000210e-01
4.703999999999999848e-01
4.948000000000000176e-01
4.868000000000000105e-01
4.894000000000000017e-01
4.855999999999999761e-01
4.621999999999999997e-01
4.454000000000000181e-01
4.258000000000000118e-01
4.067999999999999949e-01
3.725999999999999868e-01
3.543999999999999928e-01
3.323999999999999733e-01
3.214000000000000190e-01
3.042000000000000259e-01
3.118000000000000216e-01
3.015999999999999792e-01
2.777999999999999914e-01
2.721999999999999975e-01
2.647999999999999798e-01
2.867999999999999994e-01
2.757999999999999896e-01
2.680000000000000160e-01
2.873999999999999888e-01
2.750000000000000222e-01
2.932000000000000162e-01
2.949999999999999845e-01
3.125999999999999890e-01
2.979999999999999871e-01
3.138000000000000234e-01
3.225999999999999979e-01
3.467999999999999972e-01
3.552000000000000157e-01
3.764000000000000123e-01
3.931999999999999940e-01
3.996000000000000107e-01
4.133999999999999897e-01
4.511999999999999900e-01
4.815999999999999726e-01
5.168000000000000371e-01
5.053999999999999604e-01
4.712000000000000077e-01
4.581999999999999962e-01
4.606000000000000094e-01
4.541999999999999926e-01
4.451999999999999846e-01
4.309999999999999942e-01
4.079999999999999738e-01
4.176000000000000267e-01
4.195999999999999730e-01
4.030000000000000249e-01
4.138000000000000012e-01
4.096000000000000196e-01
3.987999999999999878e-01
4.052000000000000046e-01
3.831999999999999851e-01
3.788000000000000256e-01
3.778000000000000247e-01
3.685999999999999832e-01
3.307999999999999829e-01
3.105999999999999872e-01
3.049999999999999933e-01
2.723999999999999755e-01
2.630000000000000115e-01
2.674000000000000266e-01
2.323999999999999955e-01
2.401999999999999968e-01
2.338000000000000078e-01
2.263999999999999901e-01
2.320000000000000118e-01
2.298000000000000043e-01
2.469999999999999973e-01
2.442000000000000004e-01
2.504000000000000115e-01
2.521999999999999797e-01
2.577999999999999736e-01
2.677999999999999825e-01
2.720000000000000195e-01
2.928000000000000047e-01
3.134000000000000119e-01
3.180000000000000049e-01
3.240000000000000102e-01
3.417999999999999927e-01
3.351999999999999980e-01
3.569999999999999840e-01
3.492000000000000104e-01
3.595999999999999752e-01
3.827999999999999736e-01
3.850000000000000089e-01
3.758000000000000229e-01
4.020000000000000240e-01
3.831999999999999851e-01
4.189999999999999836e-01
4.168000000000000038e-01
4.464000000000000190e-01
4.345999999999999863e-01
4.557999999999999829e-01
4.526000000000000023e-01
4.504000000000000226e-01
4.702000000000000068e-01
4.991999999999999771e-01
4.858000000000000096e-01
4.989999999999999991e-01
4.808000000000000052e-01
5.006000000000000449e-01
4.945999999999999841e-01
4.773999999999999910e-01
4.587999999999999856e-01
4.617999999999999883e-01
4.729999999999999760e-01
4.670000000000000262e-01
4.394000000000000128e-01
4.420000000000000040e-01
4.249999999999999889e-01
4.036000000000000143e-01
3.871999999999999886e-01
3.528000000000000025e-01
3.064000000000000057e-01
2.928000000000000047e-01
2.737999999999999878e-01
2.647999999999999798e-01
2.446000000000000119e-01
2.514000000000000123e-01
2.336000000000000021e-01
2.157999999999999918e-01
2.215999999999999914e-01
2.152000000000000024e-01
2.179999999999999993e-01
1.995999999999999996e-01
1.900000000000000022e-01
1.991999999999999882e-01
1.739999999999999880e-01
1.796000000000000096e-01
1.623999999999999888e-01
1.623999999999999888e-01
1.431999999999999940e-01
1.380000000000000115e-01
1.267999999999999960e-01
1.106000000000000039e-01
1.062000000000000027e-01
1.008000000000000007e-01
9.800000000000000377e-02
8.340000000000000191e-02
8.060000000000000497e-02
7.000000000000000666e-02
7.760000000000000231e-02
7.679999999999999327e-02
7.760000000000000231e-02
7.159999999999999698e-02
7.439999999999999392e-02
6.300000000000000044e-02
6.379999999999999560e-02
6.840000000000000246e-02
5.920000000000000262e-02
5.639999999999999875e-02
5.140000000000000124e-02
3.679999999999999938e-02
3.780000000000000027e-02
4.139999999999999930e-02
3.880000000000000115e-02
3.420000000000000123e-02
3.819999999999999785e-02
2.900000000000000147e-02
2.699999999999999969e-02
2.100000000000000130e-02
1.919999999999999832e-02
1.000000000000000021e-02
1.060000000000000005e-02
1.080000000000000057e-02
1.179999999999999973e-02
9.199999999999999845e-03
5.799999999999999600e-03
5.000000000000000104e-03
6.199999999999999782e-03
3.599999999999999901e-03
3.200000000000000153e-03
2.799999999999999972e-03
4.000000000000000192e-04
1.600000000000000077e-03
1.600000000000000077e-03
2.000000000000000096e-04
5.999999999999999474e-04
