1.549999999999999989e-01
1.960000000000000075e-01
2.081999999999999962e-01
1.995999999999999996e-01
1.607999999999999985e-01
1.468000000000000138e-01
1.469999999999999918e-01
1.582000000000000073e-01
1.342000000000000137e-01
1.265999999999999903e-01
1.213999999999999940e-01
1.223999999999999949e-01
1.242000000000000048e-01
1.343999999999999917e-01
1.842000000000000026e-01
1.852000000000000035e-01
1.875999999999999890e-01
2.175999999999999879e-01
2.338000000000000078e-01
2.388000000000000123e-01
2.677999999999999825e-01
3.154000000000000137e-01
3.552000000000000157e-01
3.825999999999999956e-01
4.385999999999999899e-01
4.394000000000000128e-01
4.563999999999999724e-01
4.895999999999999797e-01
4.623999999999999777e-01
4.146000000000000241e-01
4.159999999999999809e-01
4.076000000000000179e-01
3.704000000000000070e-01
3.685999999999999832e-01
3.609999999999999876e-01
3.371999999999999997e-01
3.224000000000000199e-01
3.045999999999999819e-01
3.138000000000000234e-01
3.014000000000000012e-01
2.737999999999999878e-01
2.810000000000000275e-01
2.674000000000000266e-01
2.842000000000000082e-01
2.466000000000000136e-01
2.534000000000000141e-01
2.482000000000000040e-01
2.510000000000000009e-01
2.520000000000000018e-01
2.551999999999999824e-01
3.088000000000000189e-01
3.360000000000000209e-01
3.963999999999999746e-01
4.182000000000000162e-01
4.188000000000000056e-01
4.113999999999999879e-01
4.361999999999999766e-01
4.385999999999999899e-01
4.457999999999999741e-01
4.540000000000000147e-01
4.868000000000000105e-01
4.702000000000000068e-01
4.958000000000000185e-01
4.782000000000000139e-01
4.873999999999999999e-01
4.713999999999999857e-01
4.643999999999999795e-01
4.380000000000000004e-01
4.314000000000000057e-01
4.056000000000000161e-01
3.473999999999999866e-01
3.191999999999999837e-01
2.736000000000000099e-01
2.587999999999999745e-01
2.684000000000000274e-01
2.601999999999999869e-01
2.538000000000000256e-01
2.611999999999999877e-01
2.621999999999999886e-01
2.485999999999999877e-01
2.647999999999999798e-01
2.627999999999999781e-01
2.577999999999999736e-01
2.376000000000000056e-01
2.605999999999999983e-01
2.587999999999999745e-01
2.494000000000000106e-01
2.605999999999999983e-01
2.567999999999999727e-01
2.159999999999999976e-01
1.847999999999999921e-01
1.758000000000000118e-01
1.877999999999999947e-01
1.880000000000000004e-01
1.917999999999999983e-01
1.670000000000000095e-01
1.658000000000000029e-01
1.681999999999999884e-01
1.698000000000000065e-01
1.592000000000000082e-01
1.580000000000000016e-01
1.535999999999999865e-01
1.776000000000000079e-01
1.859999999999999987e-01
1.885999999999999899e-01
2.066000000000000059e-01
2.235999999999999932e-01
2.407999999999999863e-01
2.657999999999999807e-01
2.721999999999999975e-01
2.730000000000000204e-01
2.962000000000000188e-01
3.396000000000000130e-01
3.861999999999999877e-01
4.321999999999999731e-01
4.375999999999999890e-01
4.746000000000000218e-01
4.971999999999999753e-01
4.703999999999999848e-01
4.736000000000000210e-01
4.495999999999999996e-01
4.043999999999999817e-01
3.728000000000000203e-01
3.499999999999999778e-01
3.105999999999999872e-01
2.893999999999999906e-01
2.640000000000000124e-01
2.767999999999999905e-01
2.429999999999999938e-01
2.373999999999999999e-01
2.023999999999999966e-01
2.086000000000000076e-01
1.875999999999999890e-01
1.814000000000000057e-01
1.832000000000000017e-01
1.700000000000000122e-01
1.580000000000000016e-01
1.872000000000000053e-01
1.971999999999999864e-01
1.978000000000000036e-01
2.132000000000000006e-01
2.326000000000000012e-01
2.419999999999999929e-01
2.323999999999999955e-01
2.492000000000000048e-01
2.528000000000000247e-01
2.528000000000000247e-01
2.311999999999999889e-01
2.147999999999999909e-01
2.321999999999999897e-01
2.548000000000000265e-01
2.806000000000000161e-01
2.975999999999999757e-01
3.508000000000000007e-01
3.891999999999999904e-01
4.265999999999999792e-01
4.561999999999999944e-01
4.835999999999999743e-01
4.611999999999999988e-01
4.249999999999999889e-01
3.884000000000000230e-01
3.688000000000000167e-01
3.410000000000000253e-01
3.065999999999999837e-01
2.716000000000000081e-01
2.404000000000000026e-01
2.245999999999999941e-01
1.904000000000000137e-01
1.663999999999999924e-01
1.690000000000000113e-01
1.433999999999999997e-01
1.353999999999999926e-01
1.130000000000000032e-01
1.069999999999999979e-01
9.539999999999999869e-02
1.015999999999999959e-01
8.400000000000000522e-02
7.180000000000000271e-02
6.560000000000000553e-02
5.399999999999999939e-02
4.819999999999999979e-02
4.159999999999999809e-02
4.460000000000000075e-02
3.719999999999999696e-02
2.840000000000000163e-02
1.420000000000000082e-02
1.499999999999999944e-02
1.159999999999999920e-02
8.399999999999999481e-03
5.599999999999999943e-03
3.200000000000000153e-03
1.600000000000000077e-03
1.600000000000000077e-03
1.000000000000000021e-03
1.399999999999999986e-03
5.999999999999999474e-04
1.199999999999999895e-03
1.000000000000000021e-03
1.000000000000000021e-03
1.000000000000000021e-03
4.000000000000000192e-04
5.999999999999999474e-04
1.399999999999999986e-03
1.799999999999999951e-03
5.400000000000000286e-03
5.599999999999999943e-03
1.000000000000000021e-02
1.359999999999999924e-02
1.220000000000000077e-02
1.080000000000000057e-02
1.580000000000000154e-02
1.559999999999999928e-02
1.359999999999999924e-02
1.260000000000000009e-02
1.499999999999999944e-02
1.839999999999999969e-02
2.179999999999999993e-02
2.299999999999999961e-02
1.899999999999999953e-02
2.239999999999999977e-02
2.639999999999999986e-02
2.520000000000000018e-02
3.180000000000000188e-02
2.759999999999999953e-02
3.620000000000000301e-02
2.340000000000000066e-02
3.259999999999999704e-02
2.620000000000000107e-02
2.879999999999999921e-02
2.999999999999999889e-02
3.440000000000000002e-02
3.300000000000000155e-02
4.279999999999999777e-02
5.820000000000000173e-02
5.619999999999999996e-02
6.019999999999999657e-02
6.460000000000000464e-02
6.500000000000000222e-02
8.319999999999999618e-02
9.879999999999999893e-02
9.919999999999999651e-02
1.001999999999999974e-01
1.158000000000000002e-01
1.192000000000000004e-01
1.199999999999999956e-01
1.175999999999999962e-01
1.178000000000000019e-01
1.155999999999999944e-01
1.243999999999999967e-01
1.380000000000000115e-01
1.215999999999999998e-01
1.400000000000000133e-01
1.313999999999999890e-01
1.361999999999999877e-01
1.363999999999999935e-01
1.426000000000000045e-01
1.355999999999999983e-01
1.343999999999999917e-01
1.381999999999999895e-01
1.403999999999999970e-01
1.423999999999999988e-01
1.380000000000000115e-01
1.383999999999999952e-01
1.411999999999999922e-01
1.491999999999999993e-01
1.592000000000000082e-01
1.675999999999999990e-01
1.754000000000000004e-01
1.988000000000000045e-01
2.039999999999999869e-01
2.107999999999999874e-01
2.167999999999999927e-01
2.349999999999999867e-01
2.361999999999999933e-01
2.388000000000000123e-01
2.278000000000000025e-01
2.204000000000000126e-01
2.084000000000000019e-01
2.127999999999999892e-01
1.991999999999999882e-01
1.892000000000000071e-01
1.814000000000000057e-01
1.764000000000000012e-01
1.708000000000000074e-01
1.474000000000000032e-01
1.439999999999999891e-01
1.203999999999999931e-01
1.082000000000000045e-01
8.140000000000000013e-02
5.940000000000000141e-02
4.279999999999999777e-02
3.780000000000000027e-02
1.899999999999999953e-02
1.480000000000000066e-02
8.399999999999999481e-03
8.600000000000000006e-03
6.599999999999999964e-03
5.000000000000000104e-03
2.200000000000000133e-03
3.599999999999999901e-03
4.199999999999999740e-03
3.599999999999999901e-03
3.200000000000000153e-03
2.599999999999999881e-03
3.000000000000000062e-03
2.000000000000000042e-03
1.600000000000000077e-03
1.799999999999999951e-03
1.199999999999999895e-03
2.000000000000000042e-03
2.599999999999999881e-03
3.799999999999999992e-03
4.199999999999999740e-03
4.400000000000000265e-03
7.400000000000000328e-03
7.599999999999999985e-03
4.000000000000000083e-03
8.999999999999999320e-03
9.599999999999999159e-03
8.200000000000000691e-03
8.999999999999999320e-03
9.599999999999999159e-03
1.519999999999999997e-02
2.259999999999999856e-02
1.959999999999999937e-02
2.359999999999999945e-02
2.079999999999999905e-02
2.100000000000000130e-02
2.440000000000000155e-02
2.539999999999999897e-02
2.779999999999999832e-02
2.479999999999999913e-02
2.139999999999999888e-02
1.480000000000000066e-02
8.800000000000000530e-03
1.080000000000000057e-02
7.799999999999999642e-03
6.000000000000000125e-03
5.799999999999999600e-03
3.599999999999999901e-03
1.799999999999999951e-03
2.599999999999999881e-03
3.000000000000000062e-03
3.000000000000000062e-03
4.400000000000000265e-03
1.600000000000000077e-03
2.599999999999999881e-03
2.399999999999999790e-03
4.199999999999999740e-03
4.000000000000000083e-03
2.799999999999999972e-03
4.000000000000000083e-03
4.599999999999999922e-03
4.000000000000000083e-03
4.400000000000000265e-03
4.199999999999999740e-03
5.199999999999999761e-03
8.000000000000000167e-03
1.000000000000000021e-02
1.439999999999999961e-02
1.600000000000000033e-02
2.019999999999999921e-02
1.739999999999999880e-02
2.319999999999999840e-02
1.880000000000000074e-02
1.980000000000000163e-02
2.100000000000000130e-02
2.460000000000000034e-02
2.639999999999999986e-02
3.119999999999999857e-02
3.259999999999999704e-02
3.420000000000000123e-02
3.039999999999999994e-02
3.280000000000000276e-02
2.939999999999999905e-02
3.420000000000000123e-02
3.280000000000000276e-02
3.919999999999999873e-02
3.440000000000000002e-02
3.640000000000000180e-02
3.500000000000000333e-02
3.039999999999999994e-02
2.380000000000000171e-02
2.479999999999999913e-02
2.120000000000000009e-02
1.660000000000000017e-02
1.940000000000000058e-02
2.120000000000000009e-02
2.019999999999999921e-02
1.480000000000000066e-02
1.760000000000000106e-02
1.899999999999999953e-02
1.239999999999999956e-02
1.460000000000000013e-02
1.420000000000000082e-02
1.499999999999999944e-02
1.660000000000000017e-02
1.359999999999999924e-02
1.099999999999999936e-02
1.299999999999999940e-02
1.280000000000000061e-02
1.400000000000000029e-02
1.899999999999999953e-02
1.340000000000000045e-02
1.519999999999999997e-02
1.779999999999999985e-02
1.480000000000000066e-02
1.480000000000000066e-02
1.919999999999999832e-02
1.720000000000000001e-02
1.700000000000000122e-02
2.299999999999999961e-02
1.820000000000000090e-02
1.700000000000000122e-02
1.700000000000000122e-02
1.700000000000000122e-02
1.439999999999999961e-02
1.880000000000000074e-02
2.060000000000000026e-02
2.120000000000000009e-02
2.199999999999999872e-02
2.639999999999999986e-02
2.340000000000000066e-02
2.939999999999999905e-02
3.520000000000000212e-02
3.579999999999999849e-02
3.980000000000000204e-02
4.080000000000000293e-02
4.540000000000000285e-02
4.240000000000000019e-02
5.759999999999999842e-02
4.979999999999999705e-02
5.380000000000000060e-02
4.379999999999999866e-02
4.100000000000000172e-02
4.059999999999999720e-02
3.640000000000000180e-02
3.740000000000000269e-02
3.379999999999999671e-02
3.559999999999999970e-02
3.579999999999999849e-02
3.980000000000000204e-02
3.479999999999999760e-02
4.379999999999999866e-02
4.139999999999999930e-02
3.679999999999999938e-02
4.220000000000000140e-02
3.799999999999999906e-02
3.880000000000000115e-02
4.220000000000000140e-02
4.159999999999999809e-02
3.640000000000000180e-02
3.719999999999999696e-02
3.699999999999999817e-02
3.300000000000000155e-02
2.719999999999999848e-02
2.259999999999999856e-02
2.340000000000000066e-02
2.120000000000000009e-02
2.040000000000000147e-02
2.419999999999999929e-02
1.799999999999999864e-02
2.040000000000000147e-02
1.919999999999999832e-02
2.060000000000000026e-02
2.179999999999999993e-02
1.820000000000000090e-02
1.799999999999999864e-02
1.739999999999999880e-02
1.540000000000000049e-02
1.720000000000000001e-02
1.140000000000000041e-02
1.119999999999999989e-02
1.000000000000000021e-02
1.119999999999999989e-02
1.140000000000000041e-02
1.159999999999999920e-02
1.159999999999999920e-02
1.319999999999999993e-02
1.200000000000000025e-02
1.400000000000000029e-02
1.119999999999999989e-02
6.599999999999999964e-03
6.000000000000000125e-03
4.400000000000000265e-03
6.400000000000000307e-03
4.799999999999999580e-03
5.000000000000000104e-03
1.399999999999999986e-03
2.200000000000000133e-03
1.399999999999999986e-03
1.199999999999999895e-03
1.799999999999999951e-03
3.000000000000000062e-03
1.600000000000000077e-03
2.399999999999999790e-03
2.399999999999999790e-03
3.000000000000000062e-03
2.799999999999999972e-03
2.399999999999999790e-03
5.999999999999999474e-04
1.399999999999999986e-03
1.000000000000000021e-03
6.000000000000000125e-03
1.000000000000000021e-02
1.039999999999999952e-02
1.220000000000000077e-02
1.159999999999999920e-02
1.919999999999999832e-02
2.639999999999999986e-02
3.119999999999999857e-02
3.740000000000000269e-02
4.619999999999999801e-02
5.360000000000000181e-02
6.199999999999999956e-02
7.119999999999999940e-02
7.499999999999999722e-02
8.599999999999999312e-02
8.939999999999999336e-02
9.619999999999999385e-02
1.127999999999999975e-01
1.218000000000000055e-01
1.218000000000000055e-01
1.174000000000000044e-01
1.360000000000000098e-01
1.274000000000000132e-01
1.360000000000000098e-01
1.398000000000000076e-01
1.454000000000000015e-01
1.295999999999999930e-01
1.439999999999999891e-01
1.444000000000000006e-01
1.403999999999999970e-01
1.383999999999999952e-01
1.323999999999999899e-01
1.534000000000000086e-01
1.479999999999999927e-01
1.587999999999999967e-01
1.761999999999999955e-01
1.716000000000000025e-01
1.895999999999999908e-01
2.225999999999999923e-01
2.399999999999999911e-01
2.500000000000000000e-01
2.654000000000000248e-01
2.731999999999999984e-01
2.767999999999999905e-01
2.929999999999999827e-01
2.886000000000000232e-01
2.912000000000000144e-01
3.121999999999999775e-01
2.983999999999999986e-01
2.912000000000000144e-01
2.856000000000000205e-01
2.963999999999999968e-01
2.644000000000000239e-01
2.617999999999999772e-01
2.518000000000000238e-01
2.580000000000000071e-01
2.640000000000000124e-01
2.494000000000000106e-01
2.531999999999999806e-01
2.310000000000000109e-01
2.500000000000000000e-01
2.303999999999999937e-01
2.215999999999999914e-01
2.097999999999999865e-01
2.091999999999999971e-01
2.068000000000000116e-01
2.023999999999999966e-01
2.051999999999999935e-01
2.026000000000000023e-01
2.058000000000000107e-01
2.129999999999999949e-01
2.000000000000000111e-01
1.907999999999999974e-01
2.114000000000000046e-01
2.164000000000000090e-01
1.975999999999999979e-01
1.943999999999999895e-01
1.845999999999999863e-01
1.781999999999999973e-01
1.703999999999999959e-01
1.542000000000000037e-01
1.408000000000000085e-01
1.343999999999999917e-01
1.185999999999999971e-01
1.083999999999999964e-01
8.859999999999999820e-02
7.420000000000000207e-02
5.120000000000000245e-02
4.320000000000000229e-02
3.780000000000000027e-02
3.559999999999999970e-02
1.899999999999999953e-02
1.580000000000000154e-02
1.640000000000000138e-02
1.439999999999999961e-02
1.000000000000000021e-02
7.799999999999999642e-03
6.799999999999999621e-03
3.799999999999999992e-03
4.000000000000000083e-03
3.399999999999999811e-03
1.799999999999999951e-03
2.000000000000000042e-03
3.799999999999999992e-03
3.200000000000000153e-03
2.799999999999999972e-03
2.200000000000000133e-03
4.199999999999999740e-03
3.000000000000000062e-03
4.000000000000000192e-04
2.000000000000000042e-03
1.600000000000000077e-03
2.000000000000000042e-03
1.600000000000000077e-03
2.599999999999999881e-03
2.599999999999999881e-03
3.399999999999999811e-03
1.199999999999999895e-03
2.399999999999999790e-03
2.599999999999999881e-03
1.600000000000000077e-03
3.399999999999999811e-03
3.000000000000000062e-03
5.400000000000000286e-03
9.599999999999999159e-03
1.499999999999999944e-02
2.779999999999999832e-02
3.080000000000000099e-02
3.699999999999999817e-02
4.460000000000000075e-02
7.259999999999999787e-02
8.060000000000000497e-02
8.759999999999999731e-02
1.126000000000000056e-01
1.265999999999999903e-01
1.398000000000000076e-01
1.577999999999999958e-01
1.545999999999999874e-01
1.567999999999999949e-01
1.441999999999999948e-01
1.534000000000000086e-01
1.643999999999999906e-01
1.670000000000000095e-01
1.584000000000000130e-01
1.660000000000000087e-01
1.524000000000000077e-01
1.451999999999999957e-01
1.441999999999999948e-01
1.390000000000000124e-01
1.468000000000000138e-01
1.285999999999999921e-01
1.307999999999999996e-01
1.237999999999999934e-01
1.192000000000000004e-01
1.093999999999999972e-01
1.318000000000000005e-01
1.242000000000000048e-01
1.198000000000000037e-01
1.208000000000000046e-01
1.205999999999999989e-01
1.302000000000000102e-01
1.199999999999999956e-01
1.228000000000000064e-01
1.262000000000000066e-01
1.194000000000000061e-01
1.165999999999999953e-01
1.174000000000000044e-01
1.237999999999999934e-01
1.233999999999999958e-01
1.287999999999999978e-01
1.280000000000000027e-01
1.232000000000000040e-01
1.351999999999999869e-01
1.310000000000000053e-01
1.277999999999999969e-01
1.287999999999999978e-01
1.302000000000000102e-01
1.178000000000000019e-01
1.322000000000000119e-01
1.393999999999999961e-01
1.388000000000000067e-01
1.353999999999999926e-01
1.332000000000000128e-01
1.287999999999999978e-01
1.406000000000000028e-01
1.400000000000000133e-01
1.360000000000000098e-01
1.481999999999999984e-01
1.535999999999999865e-01
1.585999999999999910e-01
1.587999999999999967e-01
1.778000000000000136e-01
1.884000000000000119e-01
2.001999999999999891e-01
2.106000000000000094e-01
2.182000000000000051e-01
2.363999999999999990e-01
2.564000000000000168e-01
2.752000000000000002e-01
3.024000000000000021e-01
3.032000000000000250e-01
3.422000000000000042e-01
3.695999999999999841e-01
4.186000000000000276e-01
4.344000000000000083e-01
4.567999999999999838e-01
4.939999999999999947e-01
4.566000000000000059e-01
4.388000000000000234e-01
3.854000000000000203e-01
3.121999999999999775e-01
2.963999999999999968e-01
2.760000000000000231e-01
2.285999999999999976e-01
2.028000000000000080e-01
1.847999999999999921e-01
1.774000000000000021e-01
1.658000000000000029e-01
1.559999999999999998e-01
1.451999999999999957e-01
1.360000000000000098e-01
1.285999999999999921e-01
1.363999999999999935e-01
1.264000000000000123e-01
1.246000000000000024e-01
1.218000000000000055e-01
1.323999999999999899e-01
1.179999999999999938e-01
1.333999999999999908e-01
1.310000000000000053e-01
1.355999999999999983e-01
1.222000000000000031e-01
1.243999999999999967e-01
1.264000000000000123e-01
1.312000000000000111e-01
1.242000000000000048e-01
1.215999999999999998e-01
1.171999999999999986e-01
1.117999999999999966e-01
1.144000000000000017e-01
1.079999999999999988e-01
1.113999999999999990e-01
1.072000000000000036e-01
1.086000000000000021e-01
1.155999999999999944e-01
1.147999999999999993e-01
1.127999999999999975e-01
1.151999999999999968e-01
1.323999999999999899e-01
1.363999999999999935e-01
1.368000000000000049e-01
1.491999999999999993e-01
1.532000000000000028e-01
1.635999999999999954e-01
1.683999999999999941e-01
1.721999999999999920e-01
1.733999999999999986e-01
1.703999999999999959e-01
1.960000000000000075e-01
2.068000000000000116e-01
2.061999999999999944e-01
2.132000000000000006e-01
2.041999999999999926e-01
2.223999999999999866e-01
2.232000000000000095e-01
2.157999999999999918e-01
2.331999999999999906e-01
2.273999999999999910e-01
2.136000000000000121e-01
2.159999999999999976e-01
2.263999999999999901e-01
2.308000000000000052e-01
2.406000000000000083e-01
2.508000000000000229e-01
2.614000000000000212e-01
2.611999999999999877e-01
2.575999999999999956e-01
2.394000000000000017e-01
2.459999999999999964e-01
2.320000000000000118e-01
2.338000000000000078e-01
2.378000000000000114e-01
2.449999999999999956e-01
2.717999999999999861e-01
2.600000000000000089e-01
2.386000000000000065e-01
2.452000000000000013e-01
2.464000000000000079e-01
2.338000000000000078e-01
2.538000000000000256e-01
2.637999999999999790e-01
3.002000000000000224e-01
3.393999999999999795e-01
3.618000000000000105e-01
3.532000000000000139e-01
3.575999999999999734e-01
3.748000000000000220e-01
3.745999999999999885e-01
4.033999999999999808e-01
4.152000000000000135e-01
4.487999999999999767e-01
4.205999999999999739e-01
4.481999999999999873e-01
4.437999999999999723e-01
4.308000000000000163e-01
3.996000000000000107e-01
4.238000000000000100e-01
4.517999999999999794e-01
4.998000000000000220e-01
4.752000000000000113e-01
4.722000000000000086e-01
4.369999999999999996e-01
4.033999999999999808e-01
3.311999999999999944e-01
3.048000000000000154e-01
2.783999999999999808e-01
2.797999999999999932e-01
2.560000000000000053e-01
2.340000000000000135e-01
2.204000000000000126e-01
2.039999999999999869e-01
2.096000000000000085e-01
1.887999999999999956e-01
1.890000000000000013e-01
1.935999999999999943e-01
1.991999999999999882e-01
1.935999999999999943e-01
1.953999999999999904e-01
2.003999999999999948e-01
2.263999999999999901e-01
2.457999999999999907e-01
2.726000000000000090e-01
2.942000000000000171e-01
3.044000000000000039e-01
3.214000000000000190e-01
3.386000000000000121e-01
3.316000000000000059e-01
3.635999999999999788e-01
3.691999999999999726e-01
3.941999999999999948e-01
4.143999999999999906e-01
4.092000000000000082e-01
4.017999999999999905e-01
4.116000000000000214e-01
3.943999999999999728e-01
3.876000000000000001e-01
3.894000000000000239e-01
3.568000000000000060e-01
