4.435999999999999943e-01
4.066000000000000170e-01
3.817999999999999727e-01
3.519999999999999796e-01
3.306000000000000050e-01
3.479999999999999760e-01
3.497999999999999998e-01
3.890000000000000124e-01
4.128000000000000003e-01
4.364000000000000101e-01
4.495999999999999996e-01
4.421999999999999820e-01
4.000000000000000222e-01
2.852000000000000091e-01
1.487999999999999878e-01
1.078000000000000069e-01
8.719999999999999973e-02
1.039999999999999952e-01
1.310000000000000053e-01
1.615999999999999936e-01
2.260000000000000064e-01
2.723999999999999755e-01
3.225999999999999979e-01
3.986000000000000099e-01
4.258000000000000118e-01
5.020000000000000018e-01
4.391999999999999793e-01
3.227999999999999758e-01
2.746000000000000107e-01
1.849999999999999978e-01
1.708000000000000074e-01
1.189999999999999947e-01
1.237999999999999934e-01
1.233999999999999958e-01
1.062000000000000027e-01
1.083999999999999964e-01
7.399999999999999634e-02
5.659999999999999754e-02
6.219999999999999835e-02
6.800000000000000488e-02
8.480000000000000038e-02
1.170000000000000068e-01
1.719999999999999862e-01
2.341999999999999915e-01
2.816000000000000170e-01
3.241999999999999882e-01
3.662000000000000255e-01
4.103999999999999870e-01
4.544000000000000261e-01
4.845999999999999752e-01
4.435999999999999943e-01
4.359999999999999987e-01
3.857999999999999763e-01
3.851999999999999869e-01
3.509999999999999787e-01
3.598000000000000087e-01
3.864000000000000212e-01
4.255999999999999783e-01
4.259999999999999898e-01
4.600000000000000200e-01
4.928000000000000158e-01
4.650000000000000244e-01
4.299999999999999933e-01
4.168000000000000038e-01
4.215999999999999748e-01
4.122000000000000108e-01
4.576000000000000068e-01
4.036000000000000143e-01
4.418000000000000260e-01
4.581999999999999962e-01
4.716000000000000192e-01
4.667999999999999927e-01
4.939999999999999947e-01
4.838000000000000078e-01
4.842000000000000193e-01
4.766000000000000236e-01
4.697999999999999954e-01
4.264000000000000012e-01
3.855999999999999983e-01
3.347999999999999865e-01
2.995999999999999774e-01
2.826000000000000179e-01
2.446000000000000119e-01
2.242000000000000104e-01
2.363999999999999990e-01
2.414000000000000035e-01
2.747999999999999887e-01
2.886000000000000232e-01
3.496000000000000218e-01
4.219999999999999862e-01
4.894000000000000017e-01
4.408000000000000251e-01
4.020000000000000240e-01
3.185999999999999943e-01
2.099999999999999922e-01
1.355999999999999983e-01
1.042000000000000010e-01
8.599999999999999312e-02
9.760000000000000620e-02
1.093999999999999972e-01
1.025999999999999968e-01
1.015999999999999959e-01
9.320000000000000506e-02
6.160000000000000198e-02
6.180000000000000077e-02
7.220000000000000029e-02
9.120000000000000329e-02
8.559999999999999554e-02
1.117999999999999966e-01
1.368000000000000049e-01
1.600000000000000033e-01
1.376000000000000001e-01
1.439999999999999891e-01
1.487999999999999878e-01
1.728000000000000091e-01
1.975999999999999979e-01
2.182000000000000051e-01
2.661999999999999922e-01
3.235999999999999988e-01
2.856000000000000205e-01
3.185999999999999943e-01
2.737999999999999878e-01
2.902000000000000135e-01
2.988000000000000100e-01
3.261999999999999900e-01
3.467999999999999972e-01
3.675999999999999823e-01
3.463999999999999857e-01
3.104000000000000092e-01
2.564000000000000168e-01
2.611999999999999877e-01
2.308000000000000052e-01
2.111999999999999988e-01
2.275999999999999968e-01
2.013999999999999957e-01
1.776000000000000079e-01
1.844000000000000083e-01
1.625999999999999945e-01
1.580000000000000016e-01
1.466000000000000081e-01
1.131999999999999951e-01
1.004000000000000031e-01
1.011999999999999983e-01
1.252000000000000057e-01
1.333999999999999908e-01
1.449999999999999900e-01
1.532000000000000028e-01
1.635999999999999954e-01
1.681999999999999884e-01
1.547999999999999932e-01
1.653999999999999915e-01
1.832000000000000017e-01
2.043999999999999984e-01
1.971999999999999864e-01
1.865999999999999881e-01
1.910000000000000031e-01
1.799999999999999933e-01
1.623999999999999888e-01
1.509999999999999953e-01
1.237999999999999934e-01
1.059999999999999970e-01
9.180000000000000659e-02
8.519999999999999796e-02
7.820000000000000562e-02
6.040000000000000230e-02
5.680000000000000326e-02
4.719999999999999890e-02
3.819999999999999785e-02
3.459999999999999881e-02
3.520000000000000212e-02
3.540000000000000091e-02
3.520000000000000212e-02
3.239999999999999825e-02
4.039999999999999841e-02
4.200000000000000261e-02
3.420000000000000123e-02
2.060000000000000026e-02
2.139999999999999888e-02
2.139999999999999888e-02
2.620000000000000107e-02
2.280000000000000082e-02
2.719999999999999848e-02
2.840000000000000163e-02
2.680000000000000090e-02
2.659999999999999865e-02
2.500000000000000139e-02
2.019999999999999921e-02
2.040000000000000147e-02
2.520000000000000018e-02
2.299999999999999961e-02
2.580000000000000002e-02
2.359999999999999945e-02
2.659999999999999865e-02
2.179999999999999993e-02
2.160000000000000114e-02
1.660000000000000017e-02
1.480000000000000066e-02
1.540000000000000049e-02
1.239999999999999956e-02
1.580000000000000154e-02
1.460000000000000013e-02
1.559999999999999928e-02
1.820000000000000090e-02
1.919999999999999832e-02
2.500000000000000139e-02
2.779999999999999832e-02
3.919999999999999873e-02
4.979999999999999705e-02
5.920000000000000262e-02
6.199999999999999956e-02
6.379999999999999560e-02
6.819999999999999674e-02
8.039999999999999925e-02
8.140000000000000013e-02
4.560000000000000164e-02
4.379999999999999866e-02
4.259999999999999898e-02
3.520000000000000212e-02
1.439999999999999961e-02
1.940000000000000058e-02
1.720000000000000001e-02
1.899999999999999953e-02
1.820000000000000090e-02
1.720000000000000001e-02
1.460000000000000013e-02
1.660000000000000017e-02
8.600000000000000006e-03
1.319999999999999993e-02
1.460000000000000013e-02
2.380000000000000171e-02
2.840000000000000163e-02
2.900000000000000147e-02
4.279999999999999777e-02
4.619999999999999801e-02
5.299999999999999850e-02
5.519999999999999907e-02
5.639999999999999875e-02
6.959999999999999520e-02
8.359999999999999376e-02
9.020000000000000240e-02
9.700000000000000289e-02
9.479999999999999538e-02
1.158000000000000002e-01
1.184000000000000052e-01
1.137999999999999984e-01
1.612000000000000099e-01
2.107999999999999874e-01
2.577999999999999736e-01
2.783999999999999808e-01
3.221999999999999864e-01
4.142000000000000126e-01
4.252000000000000224e-01
4.264000000000000012e-01
4.192000000000000171e-01
4.143999999999999906e-01
3.851999999999999869e-01
4.245999999999999774e-01
4.344000000000000083e-01
5.023999999999999577e-01
4.652000000000000024e-01
3.983999999999999764e-01
4.153999999999999915e-01
4.587999999999999856e-01
4.828000000000000069e-01
4.471999999999999864e-01
3.502000000000000113e-01
2.730000000000000204e-01
2.283999999999999919e-01
1.729999999999999871e-01
1.806000000000000105e-01
1.529999999999999971e-01
1.675999999999999990e-01
1.927999999999999992e-01
2.177999999999999936e-01
2.882000000000000117e-01
3.457999999999999963e-01
3.831999999999999851e-01
4.822000000000000175e-01
4.832000000000000184e-01
4.195999999999999730e-01
3.943999999999999728e-01
4.042000000000000037e-01
3.674000000000000044e-01
3.508000000000000007e-01
3.598000000000000087e-01
3.698000000000000176e-01
3.817999999999999727e-01
3.705999999999999850e-01
3.615999999999999770e-01
3.855999999999999983e-01
4.178000000000000047e-01
4.534000000000000252e-01
4.057999999999999940e-01
4.345999999999999863e-01
4.941999999999999726e-01
4.712000000000000077e-01
4.092000000000000082e-01
3.387999999999999901e-01
2.664000000000000257e-01
2.301999999999999880e-01
2.086000000000000076e-01
1.847999999999999921e-01
1.778000000000000136e-01
1.600000000000000033e-01
9.800000000000000377e-02
6.579999999999999738e-02
5.140000000000000124e-02
4.200000000000000261e-02
4.080000000000000293e-02
3.440000000000000002e-02
3.039999999999999994e-02
3.939999999999999752e-02
4.179999999999999688e-02
4.540000000000000285e-02
4.479999999999999954e-02
4.499999999999999833e-02
5.360000000000000181e-02
8.599999999999999312e-02
9.520000000000000684e-02
9.479999999999999538e-02
7.820000000000000562e-02
7.599999999999999811e-02
8.060000000000000497e-02
8.640000000000000457e-02
9.900000000000000466e-02
1.178000000000000019e-01
1.516000000000000125e-01
1.995999999999999996e-01
2.504000000000000115e-01
2.664000000000000257e-01
2.394000000000000017e-01
2.194000000000000117e-01
2.016000000000000014e-01
1.502000000000000002e-01
1.019999999999999934e-01
6.779999999999999916e-02
6.300000000000000044e-02
4.299999999999999656e-02
3.919999999999999873e-02
4.019999999999999962e-02
3.919999999999999873e-02
5.099999999999999672e-02
9.120000000000000329e-02
1.507999999999999896e-01
2.215999999999999914e-01
2.477999999999999925e-01
2.097999999999999865e-01
2.156000000000000139e-01
2.184000000000000108e-01
2.611999999999999877e-01
3.048000000000000154e-01
3.689999999999999947e-01
4.368000000000000216e-01
3.178000000000000269e-01
2.058000000000000107e-01
1.731999999999999929e-01
1.087999999999999939e-01
1.011999999999999983e-01
8.820000000000000062e-02
9.439999999999999780e-02
8.980000000000000482e-02
1.120000000000000023e-01
1.257999999999999952e-01
1.431999999999999940e-01
1.411999999999999922e-01
1.456000000000000072e-01
1.564000000000000112e-01
1.890000000000000013e-01
2.349999999999999867e-01
2.627999999999999781e-01
2.985999999999999766e-01
3.558000000000000052e-01
3.904000000000000248e-01
4.737999999999999989e-01
4.699999999999999734e-01
4.642000000000000015e-01
4.576000000000000068e-01
4.561999999999999944e-01
4.697999999999999954e-01
4.949999999999999956e-01
4.375999999999999890e-01
4.077999999999999958e-01
3.963999999999999746e-01
3.605999999999999761e-01
3.433999999999999830e-01
3.638000000000000123e-01
3.257999999999999785e-01
3.300000000000000155e-01
3.214000000000000190e-01
3.274000000000000243e-01
3.327999999999999847e-01
3.171999999999999820e-01
2.730000000000000204e-01
2.621999999999999886e-01
2.124000000000000055e-01
1.700000000000000122e-01
1.141999999999999960e-01
1.063999999999999946e-01
8.840000000000000635e-02
7.960000000000000409e-02
9.900000000000000466e-02
1.089999999999999997e-01
1.413999999999999979e-01
1.948000000000000009e-01
2.220000000000000029e-01
2.790000000000000258e-01
3.234000000000000208e-01
3.171999999999999820e-01
3.784000000000000141e-01
4.032000000000000028e-01
3.695999999999999841e-01
3.397999999999999909e-01
3.608000000000000096e-01
4.341999999999999749e-01
4.348000000000000198e-01
3.953999999999999737e-01
3.652000000000000246e-01
3.171999999999999820e-01
3.496000000000000218e-01
3.645999999999999797e-01
3.341999999999999971e-01
3.382000000000000006e-01
3.483999999999999875e-01
3.739999999999999991e-01
4.126000000000000223e-01
4.507999999999999785e-01
4.763999999999999901e-01
4.440000000000000058e-01
4.369999999999999996e-01
4.630000000000000226e-01
4.163999999999999924e-01
4.516000000000000014e-01
4.057999999999999940e-01
4.561999999999999944e-01
4.753999999999999893e-01
4.485999999999999988e-01
4.069999999999999729e-01
3.841999999999999860e-01
3.237999999999999767e-01
2.763999999999999790e-01
1.642000000000000126e-01
1.144000000000000017e-01
1.034000000000000058e-01
1.082000000000000045e-01
1.270000000000000018e-01
2.184000000000000108e-01
2.550000000000000044e-01
3.144000000000000128e-01
3.830000000000000071e-01
3.781999999999999806e-01
4.308000000000000163e-01
4.904000000000000026e-01
3.775999999999999912e-01
3.084000000000000075e-01
2.780000000000000249e-01
2.444000000000000061e-01
2.647999999999999798e-01
2.439999999999999947e-01
2.929999999999999827e-01
3.165999999999999925e-01
3.235999999999999988e-01
2.938000000000000056e-01
2.943999999999999950e-01
2.776000000000000134e-01
3.390000000000000235e-01
4.228000000000000091e-01
4.339999999999999969e-01
3.311999999999999944e-01
2.873999999999999888e-01
2.833999999999999853e-01
2.187999999999999945e-01
2.132000000000000006e-01
1.668000000000000038e-01
1.181999999999999995e-01
1.229999999999999982e-01
1.111999999999999933e-01
1.053999999999999937e-01
9.220000000000000417e-02
9.039999999999999425e-02
8.340000000000000191e-02
1.110000000000000014e-01
1.887999999999999956e-01
2.913999999999999924e-01
3.572000000000000175e-01
3.947999999999999843e-01
4.331999999999999740e-01
4.733999999999999875e-01
4.924000000000000044e-01
4.898000000000000131e-01
4.703999999999999848e-01
4.709999999999999742e-01
4.835999999999999743e-01
4.457999999999999741e-01
4.173999999999999932e-01
4.043999999999999817e-01
3.426000000000000156e-01
3.032000000000000250e-01
3.497999999999999998e-01
3.694000000000000061e-01
4.037999999999999923e-01
3.993999999999999773e-01
4.298000000000000154e-01
4.633999999999999786e-01
4.484000000000000208e-01
4.285999999999999810e-01
4.046000000000000152e-01
4.302000000000000268e-01
3.877999999999999781e-01
3.412000000000000033e-01
2.949999999999999845e-01
2.504000000000000115e-01
2.318000000000000060e-01
2.291999999999999871e-01
2.807999999999999940e-01
2.554000000000000159e-01
2.545999999999999930e-01
2.723999999999999755e-01
3.024000000000000021e-01
2.295999999999999985e-01
2.197999999999999954e-01
2.152000000000000024e-01
2.165999999999999870e-01
2.520000000000000018e-01
3.197999999999999732e-01
4.329999999999999960e-01
4.676000000000000156e-01
2.989999999999999880e-01
2.330000000000000127e-01
1.894000000000000128e-01
1.726000000000000034e-01
2.190000000000000002e-01
2.434000000000000052e-01
3.131999999999999784e-01
3.739999999999999991e-01
4.391999999999999793e-01
4.573999999999999733e-01
3.674000000000000044e-01
3.420000000000000262e-01
3.430000000000000271e-01
2.819999999999999729e-01
2.386000000000000065e-01
1.869999999999999996e-01
1.195999999999999980e-01
7.860000000000000320e-02
7.340000000000000691e-02
3.899999999999999994e-02
3.440000000000000002e-02
3.860000000000000236e-02
3.020000000000000115e-02
2.060000000000000026e-02
1.420000000000000082e-02
1.299999999999999940e-02
1.379999999999999977e-02
2.280000000000000082e-02
3.180000000000000188e-02
3.280000000000000276e-02
7.779999999999999416e-02
1.295999999999999930e-01
1.933999999999999886e-01
3.114000000000000101e-01
4.223999999999999977e-01
4.603999999999999759e-01
4.274000000000000021e-01
4.803999999999999937e-01
4.653999999999999804e-01
3.931999999999999940e-01
3.516000000000000236e-01
2.295999999999999985e-01
1.728000000000000091e-01
1.283999999999999864e-01
1.126000000000000056e-01
9.859999999999999321e-02
1.213999999999999940e-01
1.892000000000000071e-01
3.366000000000000103e-01
4.546000000000000041e-01
4.601999999999999980e-01
3.546000000000000263e-01
2.197999999999999954e-01
9.099999999999999756e-02
3.839999999999999664e-02
1.940000000000000058e-02
9.199999999999999845e-03
9.199999999999999845e-03
9.599999999999999159e-03
7.000000000000000146e-03
6.199999999999999782e-03
1.239999999999999956e-02
2.259999999999999856e-02
4.800000000000000100e-02
8.459999999999999465e-02
1.254000000000000115e-01
1.252000000000000057e-01
1.703999999999999959e-01
2.926000000000000267e-01
3.804000000000000159e-01
4.547999999999999821e-01
4.364000000000000101e-01
3.973999999999999755e-01
2.634000000000000230e-01
2.331999999999999906e-01
2.129999999999999949e-01
2.220000000000000029e-01
2.421999999999999986e-01
2.293999999999999928e-01
2.217999999999999972e-01
2.361999999999999933e-01
2.943999999999999950e-01
3.304000000000000270e-01
2.876000000000000223e-01
1.948000000000000009e-01
1.254000000000000115e-01
6.800000000000000488e-02
6.219999999999999835e-02
4.519999999999999712e-02
4.859999999999999737e-02
7.080000000000000182e-02
1.223999999999999949e-01
1.844000000000000083e-01
2.676000000000000045e-01
3.432000000000000051e-01
3.953999999999999737e-01
4.445999999999999952e-01
4.381999999999999784e-01
3.360000000000000209e-01
2.021999999999999909e-01
1.322000000000000119e-01
9.679999999999999716e-02
8.279999999999999860e-02
6.700000000000000400e-02
6.740000000000000158e-02
8.140000000000000013e-02
1.555999999999999883e-01
2.058000000000000107e-01
2.909999999999999809e-01
3.573999999999999955e-01
4.561999999999999944e-01
4.768000000000000016e-01
3.770000000000000018e-01
3.290000000000000147e-01
3.513999999999999901e-01
2.849999999999999756e-01
1.771999999999999964e-01
1.048000000000000043e-01
4.599999999999999922e-02
6.799999999999999621e-03
4.000000000000000083e-03
1.799999999999999951e-03
4.000000000000000083e-03
2.000000000000000042e-03
6.400000000000000307e-03
1.959999999999999937e-02
6.119999999999999746e-02
1.174000000000000044e-01
2.676000000000000045e-01
4.017999999999999905e-01
4.514000000000000234e-01
4.148000000000000020e-01
4.586000000000000076e-01
4.304000000000000048e-01
3.512000000000000122e-01
2.893999999999999906e-01
2.038000000000000089e-01
1.391999999999999904e-01
1.097999999999999948e-01
7.220000000000000029e-02
8.240000000000000102e-02
7.140000000000000513e-02
1.045999999999999985e-01
1.559999999999999998e-01
2.076000000000000068e-01
2.414000000000000035e-01
3.065999999999999837e-01
4.188000000000000056e-01
4.975999999999999868e-01
4.457999999999999741e-01
4.006000000000000116e-01
3.970000000000000195e-01
3.579999999999999849e-01
3.815999999999999948e-01
3.320000000000000173e-01
2.611999999999999877e-01
1.955999999999999961e-01
1.683999999999999941e-01
1.593999999999999861e-01
1.716000000000000025e-01
1.849999999999999978e-01
1.620000000000000051e-01
1.955999999999999961e-01
2.810000000000000275e-01
3.658000000000000140e-01
4.640000000000000235e-01
4.687999999999999945e-01
5.051999999999999824e-01
4.650000000000000244e-01
4.444000000000000172e-01
3.967999999999999861e-01
4.932000000000000273e-01
3.638000000000000123e-01
2.713999999999999746e-01
2.205999999999999905e-01
2.172000000000000042e-01
1.917999999999999983e-01
2.501999999999999780e-01
3.261999999999999900e-01
2.922000000000000153e-01
3.191999999999999837e-01
3.860000000000000098e-01
4.782000000000000139e-01
3.648000000000000131e-01
2.952000000000000179e-01
2.066000000000000059e-01
1.171999999999999986e-01
6.460000000000000464e-02
3.320000000000000034e-02
2.900000000000000147e-02
5.340000000000000302e-02
7.220000000000000029e-02
9.220000000000000417e-02
2.086000000000000076e-01
2.752000000000000002e-01
2.444000000000000061e-01
2.351999999999999924e-01
2.710000000000000187e-01
3.174000000000000155e-01
3.698000000000000176e-01
3.649999999999999911e-01
3.672000000000000264e-01
3.850000000000000089e-01
4.329999999999999960e-01
4.020000000000000240e-01
4.093999999999999861e-01
4.225999999999999757e-01
3.991999999999999993e-01
2.892000000000000126e-01
2.000000000000000111e-01
1.527999999999999914e-01
1.438000000000000111e-01
1.413999999999999979e-01
1.401999999999999913e-01
1.358000000000000040e-01
1.479999999999999927e-01
1.297999999999999987e-01
1.179999999999999938e-01
1.444000000000000006e-01
1.789999999999999925e-01
1.718000000000000083e-01
1.527999999999999914e-01
1.069999999999999979e-01
9.539999999999999869e-02
1.000000000000000056e-01
1.034000000000000058e-01
9.840000000000000135e-02
9.120000000000000329e-02
8.699999999999999400e-02
8.140000000000000013e-02
8.640000000000000457e-02
9.059999999999999998e-02
1.055999999999999994e-01
9.560000000000000442e-02
8.759999999999999731e-02
6.600000000000000311e-02
7.760000000000000231e-02
9.539999999999999869e-02
1.593999999999999861e-01
2.641999999999999904e-01
3.679999999999999938e-01
4.882000000000000228e-01
4.869999999999999885e-01
4.186000000000000276e-01
2.999999999999999889e-01
2.152000000000000024e-01
1.305999999999999939e-01
5.899999999999999689e-02
3.660000000000000059e-02
2.980000000000000010e-02
1.859999999999999848e-02
1.000000000000000021e-02
1.140000000000000041e-02
1.379999999999999977e-02
1.359999999999999924e-02
1.159999999999999920e-02
3.520000000000000212e-02
3.899999999999999994e-02
8.599999999999999312e-02
1.154000000000000026e-01
1.962000000000000133e-01
2.197999999999999954e-01
2.204000000000000126e-01
2.321999999999999897e-01
2.303999999999999937e-01
2.255999999999999950e-01
2.066000000000000059e-01
1.847999999999999921e-01
1.653999999999999915e-01
1.584000000000000130e-01
2.036000000000000032e-01
2.899999999999999800e-01
3.612000000000000210e-01
4.729999999999999760e-01
3.689999999999999947e-01
2.919999999999999818e-01
1.943999999999999895e-01
1.532000000000000028e-01
1.097999999999999948e-01
7.159999999999999698e-02
3.559999999999999970e-02
3.139999999999999736e-02
2.599999999999999881e-02
2.759999999999999953e-02
2.160000000000000114e-02
2.400000000000000050e-02
2.539999999999999897e-02
2.840000000000000163e-02
3.719999999999999696e-02
4.920000000000000068e-02
5.059999999999999915e-02
7.019999999999999851e-02
6.379999999999999560e-02
6.660000000000000642e-02
6.859999999999999432e-02
6.619999999999999496e-02
3.660000000000000059e-02
2.900000000000000147e-02
2.879999999999999921e-02
3.219999999999999946e-02
4.080000000000000293e-02
5.859999999999999931e-02
8.959999999999999909e-02
1.228000000000000064e-01
1.300000000000000044e-01
1.426000000000000045e-01
1.650000000000000078e-01
1.728000000000000091e-01
1.643999999999999906e-01
1.731999999999999929e-01
1.718000000000000083e-01
2.023999999999999966e-01
2.066000000000000059e-01
2.046000000000000041e-01
2.202000000000000068e-01
2.525999999999999912e-01
3.151999999999999802e-01
3.805999999999999939e-01
4.686000000000000165e-01
4.863999999999999990e-01
4.623999999999999777e-01
4.089999999999999747e-01
3.363999999999999768e-01
3.085999999999999854e-01
3.371999999999999997e-01
