2.822000000000000064e-01
3.260000000000000120e-01
3.658000000000000140e-01
3.890000000000000124e-01
3.410000000000000253e-01
3.148000000000000242e-01
3.099999999999999978e-01
3.403999999999999804e-01
3.612000000000000210e-01
3.811999999999999833e-01
3.508000000000000007e-01
3.778000000000000247e-01
4.102000000000000091e-01
4.425999999999999934e-01
4.587999999999999856e-01
4.762000000000000122e-01
4.853999999999999981e-01
4.480000000000000093e-01
3.881999999999999895e-01
3.622000000000000219e-01
3.477999999999999980e-01
3.457999999999999963e-01
3.744000000000000106e-01
3.950000000000000178e-01
4.464000000000000190e-01
4.299999999999999933e-01
4.133999999999999897e-01
3.971999999999999975e-01
3.926000000000000045e-01
3.761999999999999789e-01
3.360000000000000209e-01
3.841999999999999860e-01
4.652000000000000024e-01
4.345999999999999863e-01
4.573999999999999733e-01
4.248000000000000109e-01
3.678000000000000158e-01
3.876000000000000001e-01
3.533999999999999919e-01
3.064000000000000057e-01
2.999999999999999889e-01
2.819999999999999729e-01
2.676000000000000045e-01
2.664000000000000257e-01
2.454000000000000070e-01
2.156000000000000139e-01
2.059999999999999887e-01
1.897999999999999965e-01
1.882000000000000062e-01
1.902000000000000079e-01
2.144000000000000072e-01
1.852000000000000035e-01
1.960000000000000075e-01
2.283999999999999919e-01
2.288000000000000034e-01
2.074000000000000010e-01
2.157999999999999918e-01
1.933999999999999886e-01
1.746000000000000052e-01
1.849999999999999978e-01
1.703999999999999959e-01
1.421999999999999931e-01
1.192000000000000004e-01
1.155999999999999944e-01
1.045999999999999985e-01
1.141999999999999960e-01
1.487999999999999878e-01
1.691999999999999893e-01
1.668000000000000038e-01
2.147999999999999909e-01
2.094000000000000028e-01
2.127999999999999892e-01
2.361999999999999933e-01
2.417999999999999872e-01
2.439999999999999947e-01
2.810000000000000275e-01
2.812000000000000055e-01
2.992000000000000215e-01
3.131999999999999784e-01
2.857999999999999985e-01
2.288000000000000034e-01
2.260000000000000064e-01
1.935999999999999943e-01
1.426000000000000045e-01
1.078000000000000069e-01
1.049999999999999961e-01
1.140000000000000041e-01
1.154000000000000026e-01
1.233999999999999958e-01
1.116000000000000048e-01
1.267999999999999960e-01
2.184000000000000108e-01
3.603999999999999981e-01
4.561999999999999944e-01
4.683999999999999830e-01
3.565999999999999726e-01
2.989999999999999880e-01
2.832000000000000073e-01
2.540000000000000036e-01
2.247999999999999998e-01
1.496000000000000107e-01
1.089999999999999997e-01
8.079999999999999682e-02
5.539999999999999786e-02
3.020000000000000115e-02
2.779999999999999832e-02
3.300000000000000155e-02
3.440000000000000002e-02
3.760000000000000148e-02
5.260000000000000092e-02
8.279999999999999860e-02
8.959999999999999909e-02
9.320000000000000506e-02
8.619999999999999885e-02
8.359999999999999376e-02
6.940000000000000335e-02
5.559999999999999665e-02
4.479999999999999954e-02
2.900000000000000147e-02
2.639999999999999986e-02
1.519999999999999997e-02
1.420000000000000082e-02
1.480000000000000066e-02
1.280000000000000061e-02
1.020000000000000073e-02
2.060000000000000026e-02
2.599999999999999881e-02
1.980000000000000163e-02
1.779999999999999985e-02
1.400000000000000029e-02
6.799999999999999621e-03
7.799999999999999642e-03
8.999999999999999320e-03
2.200000000000000133e-03
8.600000000000000006e-03
8.200000000000000691e-03
1.080000000000000057e-02
1.280000000000000061e-02
1.400000000000000029e-02
1.359999999999999924e-02
1.220000000000000077e-02
1.540000000000000049e-02
1.679999999999999896e-02
1.580000000000000154e-02
1.299999999999999940e-02
1.260000000000000009e-02
1.260000000000000009e-02
1.239999999999999956e-02
7.799999999999999642e-03
5.000000000000000104e-03
3.799999999999999992e-03
3.599999999999999901e-03
4.199999999999999740e-03
3.000000000000000062e-03
4.199999999999999740e-03
2.200000000000000133e-03
2.399999999999999790e-03
2.000000000000000042e-03
3.399999999999999811e-03
4.000000000000000083e-03
3.000000000000000062e-03
5.400000000000000286e-03
4.199999999999999740e-03
4.199999999999999740e-03
6.599999999999999964e-03
9.400000000000000369e-03
1.000000000000000021e-02
8.399999999999999481e-03
1.000000000000000021e-02
1.660000000000000017e-02
1.239999999999999956e-02
1.140000000000000041e-02
1.739999999999999880e-02
1.739999999999999880e-02
2.380000000000000171e-02
2.500000000000000139e-02
2.680000000000000090e-02
2.340000000000000066e-02
2.299999999999999961e-02
2.280000000000000082e-02
2.340000000000000066e-02
2.199999999999999872e-02
2.419999999999999929e-02
2.939999999999999905e-02
3.379999999999999671e-02
2.939999999999999905e-02
3.679999999999999938e-02
4.019999999999999962e-02
3.780000000000000027e-02
4.100000000000000172e-02
4.379999999999999866e-02
4.900000000000000189e-02
5.639999999999999875e-02
5.859999999999999931e-02
5.999999999999999778e-02
5.800000000000000294e-02
5.820000000000000173e-02
6.919999999999999762e-02
6.019999999999999657e-02
6.600000000000000311e-02
6.160000000000000198e-02
7.119999999999999940e-02
7.299999999999999545e-02
7.320000000000000118e-02
9.360000000000000264e-02
1.136000000000000065e-01
1.305999999999999939e-01
1.502000000000000002e-01
1.769999999999999907e-01
1.894000000000000128e-01
2.079999999999999905e-01
2.000000000000000111e-01
2.175999999999999879e-01
2.331999999999999906e-01
2.096000000000000085e-01
2.175999999999999879e-01
2.084000000000000019e-01
1.786000000000000087e-01
1.345999999999999974e-01
9.719999999999999474e-02
7.019999999999999851e-02
6.519999999999999407e-02
5.580000000000000238e-02
4.639999999999999680e-02
6.079999999999999988e-02
6.479999999999999649e-02
6.600000000000000311e-02
6.719999999999999585e-02
6.660000000000000642e-02
7.180000000000000271e-02
7.499999999999999722e-02
7.000000000000000666e-02
8.699999999999999400e-02
8.859999999999999820e-02
8.019999999999999352e-02
8.179999999999999771e-02
7.820000000000000562e-02
8.880000000000000393e-02
8.939999999999999336e-02
8.880000000000000393e-02
9.239999999999999603e-02
1.044000000000000067e-01
8.840000000000000635e-02
9.420000000000000595e-02
9.080000000000000571e-02
7.960000000000000409e-02
7.159999999999999698e-02
7.199999999999999456e-02
7.639999999999999569e-02
7.159999999999999698e-02
6.419999999999999318e-02
6.539999999999999980e-02
6.919999999999999762e-02
6.759999999999999343e-02
6.400000000000000133e-02
8.820000000000000062e-02
9.600000000000000200e-02
1.209999999999999964e-01
1.532000000000000028e-01
1.512000000000000011e-01
1.446000000000000063e-01
1.408000000000000085e-01
1.408000000000000085e-01
1.499999999999999944e-01
1.491999999999999993e-01
1.295999999999999930e-01
1.320000000000000062e-01
1.195999999999999980e-01
1.154000000000000026e-01
1.134000000000000008e-01
9.619999999999999385e-02
9.439999999999999780e-02
8.240000000000000102e-02
7.399999999999999634e-02
8.119999999999999440e-02
8.400000000000000522e-02
9.239999999999999603e-02
9.840000000000000135e-02
1.042000000000000010e-01
1.178000000000000019e-01
1.219999999999999973e-01
1.539999999999999980e-01
1.635999999999999954e-01
1.701999999999999902e-01
1.769999999999999907e-01
1.671999999999999875e-01
1.691999999999999893e-01
1.497999999999999887e-01
1.509999999999999953e-01
1.595999999999999919e-01
1.486000000000000099e-01
1.728000000000000091e-01
1.771999999999999964e-01
1.660000000000000087e-01
1.739999999999999880e-01
1.670000000000000095e-01
1.516000000000000125e-01
1.370000000000000107e-01
1.310000000000000053e-01
1.355999999999999983e-01
1.398000000000000076e-01
1.242000000000000048e-01
1.136000000000000065e-01
7.939999999999999836e-02
7.720000000000000473e-02
9.039999999999999425e-02
7.299999999999999545e-02
7.760000000000000231e-02
8.379999999999999949e-02
6.959999999999999520e-02
7.520000000000000295e-02
6.919999999999999762e-02
5.659999999999999754e-02
6.219999999999999835e-02
6.560000000000000553e-02
5.279999999999999971e-02
6.180000000000000077e-02
5.319999999999999729e-02
4.080000000000000293e-02
3.200000000000000067e-02
2.639999999999999986e-02
3.200000000000000067e-02
2.800000000000000058e-02
2.939999999999999905e-02
3.239999999999999825e-02
3.880000000000000115e-02
5.619999999999999996e-02
9.160000000000000087e-02
1.113999999999999990e-01
1.154000000000000026e-01
1.154000000000000026e-01
1.333999999999999908e-01
1.024000000000000049e-01
9.700000000000000289e-02
8.359999999999999376e-02
7.059999999999999609e-02
5.899999999999999689e-02
4.279999999999999777e-02
3.679999999999999938e-02
2.719999999999999848e-02
1.640000000000000138e-02
1.559999999999999928e-02
1.499999999999999944e-02
7.000000000000000146e-03
5.799999999999999600e-03
4.199999999999999740e-03
6.599999999999999964e-03
8.800000000000000530e-03
1.060000000000000005e-02
1.899999999999999953e-02
3.379999999999999671e-02
4.019999999999999962e-02
4.719999999999999890e-02
5.700000000000000205e-02
6.300000000000000044e-02
7.480000000000000537e-02
8.160000000000000586e-02
1.021999999999999992e-01
1.458000000000000129e-01
1.913999999999999868e-01
2.134000000000000064e-01
2.525999999999999912e-01
2.866000000000000214e-01
2.762000000000000011e-01
3.144000000000000128e-01
3.101999999999999758e-01
2.929999999999999827e-01
2.807999999999999940e-01
2.564000000000000168e-01
2.411999999999999977e-01
2.323999999999999955e-01
1.852000000000000035e-01
1.487999999999999878e-01
1.107999999999999957e-01
7.960000000000000409e-02
6.959999999999999520e-02
8.559999999999999554e-02
7.879999999999999505e-02
8.319999999999999618e-02
8.680000000000000215e-02
9.959999999999999409e-02
8.780000000000000304e-02
5.680000000000000326e-02
5.659999999999999754e-02
4.819999999999999979e-02
4.039999999999999841e-02
3.420000000000000123e-02
3.919999999999999873e-02
6.140000000000000319e-02
8.699999999999999400e-02
1.285999999999999921e-01
1.255999999999999894e-01
1.345999999999999974e-01
1.950000000000000067e-01
2.772000000000000020e-01
3.718000000000000194e-01
4.284000000000000030e-01
4.945999999999999841e-01
4.673999999999999821e-01
4.941999999999999726e-01
5.043999999999999595e-01
4.712000000000000077e-01
4.951999999999999735e-01
4.928000000000000158e-01
4.939999999999999947e-01
4.027999999999999914e-01
2.515999999999999903e-01
1.438000000000000111e-01
9.239999999999999603e-02
6.779999999999999916e-02
6.759999999999999343e-02
8.219999999999999529e-02
9.859999999999999321e-02
1.038000000000000034e-01
1.305999999999999939e-01
1.633999999999999897e-01
1.985999999999999988e-01
2.421999999999999986e-01
2.796000000000000152e-01
2.846000000000000196e-01
2.285999999999999976e-01
1.580000000000000016e-01
1.345999999999999974e-01
1.034000000000000058e-01
1.184000000000000052e-01
1.062000000000000027e-01
9.979999999999999982e-02
1.232000000000000040e-01
1.468000000000000138e-01
1.535999999999999865e-01
1.623999999999999888e-01
2.011999999999999900e-01
2.515999999999999903e-01
3.453999999999999848e-01
3.518000000000000016e-01
3.204000000000000181e-01
3.346000000000000085e-01
3.655999999999999805e-01
3.463999999999999857e-01
3.665999999999999814e-01
3.493999999999999884e-01
3.549999999999999822e-01
3.665999999999999814e-01
3.105999999999999872e-01
2.928000000000000047e-01
2.620000000000000107e-01
2.736000000000000099e-01
3.084000000000000075e-01
4.139999999999999791e-01
3.950000000000000178e-01
3.247999999999999776e-01
2.666000000000000036e-01
2.235999999999999932e-01
2.091999999999999971e-01
2.564000000000000168e-01
2.525999999999999912e-01
2.551999999999999824e-01
2.584000000000000186e-01
2.656000000000000028e-01
3.341999999999999971e-01
3.781999999999999806e-01
4.030000000000000249e-01
4.113999999999999879e-01
3.539999999999999813e-01
3.556000000000000272e-01
3.701999999999999735e-01
3.654000000000000026e-01
3.553999999999999937e-01
3.472000000000000086e-01
3.754000000000000115e-01
3.613999999999999990e-01
3.886000000000000010e-01
3.971999999999999975e-01
3.532000000000000139e-01
3.044000000000000039e-01
2.343999999999999972e-01
1.781999999999999973e-01
1.203999999999999931e-01
8.379999999999999949e-02
6.019999999999999657e-02
5.920000000000000262e-02
4.619999999999999801e-02
4.159999999999999809e-02
4.240000000000000019e-02
4.859999999999999737e-02
6.320000000000000617e-02
9.420000000000000595e-02
1.340000000000000080e-01
2.091999999999999971e-01
2.571999999999999842e-01
3.094000000000000083e-01
4.606000000000000094e-01
4.723999999999999866e-01
4.089999999999999747e-01
3.957999999999999852e-01
3.768000000000000238e-01
3.337999999999999856e-01
3.513999999999999901e-01
4.106000000000000205e-01
4.593999999999999750e-01
4.620000000000000218e-01
4.796000000000000263e-01
4.666000000000000147e-01
4.183999999999999941e-01
3.210000000000000075e-01
2.607999999999999763e-01
2.386000000000000065e-01
2.260000000000000064e-01
1.988000000000000045e-01
1.855999999999999872e-01
2.126000000000000112e-01
2.330000000000000127e-01
2.916000000000000258e-01
3.235999999999999988e-01
3.361999999999999988e-01
3.884000000000000230e-01
4.153999999999999915e-01
4.212000000000000188e-01
4.737999999999999989e-01
3.808000000000000274e-01
3.224000000000000199e-01
2.873999999999999888e-01
3.088000000000000189e-01
3.215999999999999970e-01
3.294000000000000261e-01
3.360000000000000209e-01
3.383999999999999786e-01
3.257999999999999785e-01
3.049999999999999933e-01
2.427999999999999881e-01
2.343999999999999972e-01
2.061999999999999944e-01
1.794000000000000039e-01
1.567999999999999949e-01
1.537999999999999923e-01
1.322000000000000119e-01
1.141999999999999960e-01
9.579999999999999627e-02
1.290000000000000036e-01
1.021999999999999992e-01
1.134000000000000008e-01
1.242000000000000048e-01
1.635999999999999954e-01
1.549999999999999989e-01
1.710000000000000131e-01
1.673999999999999932e-01
1.973999999999999921e-01
1.887999999999999956e-01
1.809999999999999942e-01
1.267999999999999960e-01
9.260000000000000175e-02
7.080000000000000182e-02
4.859999999999999737e-02
5.199999999999999761e-02
5.419999999999999818e-02
4.460000000000000075e-02
4.920000000000000068e-02
4.939999999999999947e-02
6.199999999999999956e-02
5.899999999999999689e-02
7.499999999999999722e-02
9.139999999999999514e-02
1.287999999999999978e-01
1.429999999999999882e-01
1.683999999999999941e-01
2.204000000000000126e-01
2.401999999999999968e-01
2.232000000000000095e-01
2.247999999999999998e-01
2.031999999999999917e-01
1.985999999999999988e-01
2.434000000000000052e-01
2.621999999999999886e-01
2.926000000000000267e-01
2.842000000000000082e-01
3.005999999999999783e-01
3.623999999999999999e-01
3.834000000000000186e-01
4.401999999999999802e-01
4.112000000000000099e-01
4.149999999999999800e-01
4.607999999999999874e-01
2.896000000000000241e-01
2.330000000000000127e-01
1.962000000000000133e-01
1.487999999999999878e-01
1.524000000000000077e-01
1.970000000000000084e-01
2.109999999999999931e-01
2.898000000000000020e-01
3.937999999999999834e-01
4.331999999999999740e-01
3.161999999999999811e-01
1.776000000000000079e-01
1.117999999999999966e-01
6.320000000000000617e-02
8.179999999999999771e-02
8.939999999999999336e-02
1.555999999999999883e-01
1.862000000000000044e-01
2.220000000000000029e-01
2.290000000000000091e-01
2.962000000000000188e-01
3.886000000000000010e-01
4.566000000000000059e-01
4.491999999999999882e-01
4.590000000000000191e-01
4.719999999999999751e-01
4.974000000000000088e-01
4.979999999999999982e-01
4.889999999999999902e-01
4.245999999999999774e-01
3.439999999999999725e-01
2.948000000000000065e-01
3.585999999999999743e-01
3.476000000000000201e-01
3.662000000000000255e-01
3.658000000000000140e-01
4.428000000000000269e-01
4.779999999999999805e-01
4.369999999999999996e-01
4.107999999999999985e-01
4.689999999999999725e-01
4.325999999999999845e-01
3.204000000000000181e-01
2.515999999999999903e-01
2.142000000000000015e-01
1.759999999999999898e-01
1.816000000000000114e-01
1.363999999999999935e-01
1.147999999999999993e-01
7.420000000000000207e-02
5.519999999999999907e-02
4.580000000000000043e-02
4.220000000000000140e-02
7.280000000000000360e-02
8.759999999999999731e-02
1.044000000000000067e-01
1.638000000000000012e-01
1.897999999999999965e-01
1.567999999999999949e-01
1.212000000000000022e-01
9.420000000000000595e-02
7.539999999999999480e-02
5.840000000000000052e-02
4.839999999999999858e-02
4.619999999999999801e-02
4.240000000000000019e-02
5.240000000000000213e-02
5.619999999999999996e-02
6.460000000000000464e-02
8.799999999999999489e-02
1.330000000000000071e-01
1.632000000000000117e-01
1.993999999999999939e-01
2.467999999999999916e-01
2.972000000000000197e-01
3.734000000000000097e-01
4.959999999999999964e-01
3.721999999999999753e-01
2.681999999999999940e-01
1.801999999999999991e-01
1.663999999999999924e-01
1.318000000000000005e-01
9.220000000000000417e-02
5.619999999999999996e-02
3.239999999999999825e-02
4.100000000000000172e-02
3.620000000000000301e-02
4.320000000000000229e-02
6.479999999999999649e-02
6.219999999999999835e-02
9.600000000000000200e-02
1.408000000000000085e-01
1.703999999999999959e-01
1.713999999999999968e-01
1.388000000000000067e-01
1.120000000000000023e-01
6.260000000000000286e-02
3.400000000000000244e-02
2.980000000000000010e-02
4.680000000000000132e-02
5.859999999999999931e-02
6.640000000000000069e-02
7.259999999999999787e-02
4.259999999999999898e-02
2.920000000000000026e-02
2.239999999999999977e-02
1.220000000000000077e-02
5.599999999999999943e-03
3.599999999999999901e-03
1.799999999999999951e-03
1.799999999999999951e-03
1.799999999999999951e-03
2.399999999999999790e-03
2.799999999999999972e-03
2.200000000000000133e-03
1.600000000000000077e-03
4.400000000000000265e-03
1.959999999999999937e-02
1.277999999999999969e-01
3.170000000000000040e-01
4.908000000000000140e-01
4.169999999999999818e-01
2.989999999999999880e-01
2.454000000000000070e-01
1.738000000000000100e-01
1.239999999999999991e-01
8.519999999999999796e-02
6.060000000000000109e-02
5.639999999999999875e-02
5.899999999999999689e-02
7.140000000000000513e-02
1.092000000000000054e-01
1.628000000000000003e-01
2.581999999999999851e-01
3.916000000000000036e-01
4.793999999999999928e-01
4.173999999999999932e-01
3.382000000000000006e-01
3.025999999999999801e-01
2.998000000000000109e-01
2.411999999999999977e-01
1.738000000000000100e-01
1.218000000000000055e-01
1.907999999999999974e-01
3.814000000000000168e-01
4.268000000000000127e-01
2.978000000000000091e-01
2.265999999999999959e-01
1.985999999999999988e-01
1.446000000000000063e-01
1.516000000000000125e-01
1.192000000000000004e-01
9.279999999999999361e-02
1.307999999999999996e-01
2.457999999999999907e-01
3.039999999999999925e-01
3.467999999999999972e-01
3.472000000000000086e-01
3.764000000000000123e-01
3.371999999999999997e-01
3.174000000000000155e-01
4.485999999999999988e-01
3.612000000000000210e-01
2.459999999999999964e-01
2.111999999999999988e-01
1.827999999999999903e-01
1.170000000000000068e-01
1.282000000000000084e-01
1.812000000000000000e-01
2.561999999999999833e-01
3.459999999999999742e-01
4.176000000000000267e-01
4.978000000000000203e-01
4.136000000000000232e-01
2.998000000000000109e-01
2.293999999999999928e-01
1.993999999999999939e-01
2.101999999999999980e-01
1.857999999999999929e-01
2.003999999999999948e-01
1.749999999999999889e-01
1.655999999999999972e-01
1.731999999999999929e-01
1.701999999999999902e-01
1.817999999999999894e-01
1.887999999999999956e-01
1.864000000000000101e-01
1.855999999999999872e-01
1.496000000000000107e-01
1.363999999999999935e-01
1.552000000000000046e-01
1.593999999999999861e-01
1.663999999999999924e-01
1.633999999999999897e-01
1.512000000000000011e-01
1.623999999999999888e-01
1.408000000000000085e-01
1.418000000000000094e-01
1.174000000000000044e-01
1.181999999999999995e-01
1.333999999999999908e-01
1.274000000000000132e-01
1.185999999999999971e-01
1.226000000000000006e-01
1.147999999999999993e-01
1.103999999999999981e-01
1.226000000000000006e-01
1.076000000000000012e-01
1.038000000000000034e-01
9.979999999999999982e-02
9.420000000000000595e-02
7.599999999999999811e-02
7.240000000000000602e-02
5.899999999999999689e-02
6.519999999999999407e-02
6.339999999999999802e-02
7.080000000000000182e-02
6.819999999999999674e-02
7.520000000000000295e-02
7.960000000000000409e-02
7.920000000000000651e-02
6.640000000000000069e-02
6.040000000000000230e-02
3.160000000000000309e-02
2.860000000000000042e-02
4.800000000000000100e-02
6.060000000000000109e-02
7.259999999999999787e-02
7.000000000000000666e-02
6.060000000000000109e-02
5.940000000000000141e-02
4.700000000000000011e-02
3.960000000000000325e-02
3.899999999999999994e-02
3.740000000000000269e-02
3.219999999999999946e-02
2.560000000000000123e-02
2.220000000000000098e-02
1.580000000000000154e-02
1.439999999999999961e-02
8.600000000000000006e-03
7.400000000000000328e-03
7.000000000000000146e-03
4.599999999999999922e-03
3.799999999999999992e-03
2.000000000000000042e-03
2.000000000000000042e-03
8.000000000000000383e-04
4.400000000000000265e-03
1.480000000000000066e-02
2.479999999999999913e-02
4.700000000000000011e-02
5.240000000000000213e-02
6.940000000000000335e-02
8.300000000000000433e-02
7.860000000000000320e-02
6.019999999999999657e-02
5.999999999999999778e-02
5.720000000000000084e-02
6.560000000000000553e-02
6.539999999999999980e-02
6.119999999999999746e-02
6.219999999999999835e-02
7.900000000000000078e-02
6.379999999999999560e-02
5.879999999999999810e-02
6.379999999999999560e-02
5.960000000000000020e-02
5.299999999999999850e-02
