4.839999999999999858e-02
5.659999999999999754e-02
5.739999999999999963e-02
4.959999999999999826e-02
5.659999999999999754e-02
4.680000000000000132e-02
5.140000000000000124e-02
5.999999999999999778e-02
5.500000000000000028e-02
6.060000000000000109e-02
5.840000000000000052e-02
6.519999999999999407e-02
5.680000000000000326e-02
6.479999999999999649e-02
6.959999999999999520e-02
5.519999999999999907e-02
5.659999999999999754e-02
5.800000000000000294e-02
6.239999999999999714e-02
6.500000000000000222e-02
5.759999999999999842e-02
5.519999999999999907e-02
5.920000000000000262e-02
5.519999999999999907e-02
5.380000000000000060e-02
5.020000000000000157e-02
4.739999999999999769e-02
4.420000000000000318e-02
3.320000000000000034e-02
3.139999999999999736e-02
3.239999999999999825e-02
3.099999999999999978e-02
2.259999999999999856e-02
2.239999999999999977e-02
2.120000000000000009e-02
2.560000000000000123e-02
2.580000000000000002e-02
2.359999999999999945e-02
2.259999999999999856e-02
2.100000000000000130e-02
1.359999999999999924e-02
1.140000000000000041e-02
1.700000000000000122e-02
2.060000000000000026e-02
1.839999999999999969e-02
1.379999999999999977e-02
1.159999999999999920e-02
1.060000000000000005e-02
1.319999999999999993e-02
8.399999999999999481e-03
1.000000000000000021e-02
8.999999999999999320e-03
8.200000000000000691e-03
9.199999999999999845e-03
1.020000000000000073e-02
1.779999999999999985e-02
1.739999999999999880e-02
1.519999999999999997e-02
2.359999999999999945e-02
2.460000000000000034e-02
3.119999999999999857e-02
3.160000000000000309e-02
3.520000000000000212e-02
4.320000000000000229e-02
4.859999999999999737e-02
5.179999999999999882e-02
7.019999999999999851e-02
5.120000000000000245e-02
6.600000000000000311e-02
7.679999999999999327e-02
8.400000000000000522e-02
1.150000000000000050e-01
1.111999999999999933e-01
1.370000000000000107e-01
1.330000000000000071e-01
1.408000000000000085e-01
1.625999999999999945e-01
1.613999999999999879e-01
1.728000000000000091e-01
1.778000000000000136e-01
1.819999999999999951e-01
1.799999999999999933e-01
1.778000000000000136e-01
1.675999999999999990e-01
1.584000000000000130e-01
1.580000000000000016e-01
1.522000000000000020e-01
1.456000000000000072e-01
1.444000000000000006e-01
1.479999999999999927e-01
1.300000000000000044e-01
1.145999999999999935e-01
1.008000000000000007e-01
8.160000000000000586e-02
7.159999999999999698e-02
5.800000000000000294e-02
4.100000000000000172e-02
3.300000000000000155e-02
2.560000000000000123e-02
2.040000000000000147e-02
2.239999999999999977e-02
1.839999999999999969e-02
2.239999999999999977e-02
2.740000000000000074e-02
4.000000000000000083e-02
4.320000000000000229e-02
7.380000000000000449e-02
6.819999999999999674e-02
9.099999999999999756e-02
8.100000000000000255e-02
8.060000000000000497e-02
9.279999999999999361e-02
7.879999999999999505e-02
7.099999999999999367e-02
7.480000000000000537e-02
7.040000000000000424e-02
7.259999999999999787e-02
4.179999999999999688e-02
3.540000000000000091e-02
3.320000000000000034e-02
2.800000000000000058e-02
2.620000000000000107e-02
2.620000000000000107e-02
2.460000000000000034e-02
2.400000000000000050e-02
3.420000000000000123e-02
4.159999999999999809e-02
4.700000000000000011e-02
4.959999999999999826e-02
7.119999999999999940e-02
6.980000000000000093e-02
7.520000000000000295e-02
9.859999999999999321e-02
1.335999999999999965e-01
1.386000000000000010e-01
1.555999999999999883e-01
1.922000000000000097e-01
1.990000000000000102e-01
2.411999999999999977e-01
2.716000000000000081e-01
2.691999999999999948e-01
3.054000000000000048e-01
3.565999999999999726e-01
3.741999999999999771e-01
4.324000000000000066e-01
4.487999999999999767e-01
4.806000000000000272e-01
4.726000000000000201e-01
4.536000000000000032e-01
4.511999999999999900e-01
4.225999999999999757e-01
4.066000000000000170e-01
4.073999999999999844e-01
4.309999999999999942e-01
4.259999999999999898e-01
4.305999999999999828e-01
4.430000000000000049e-01
4.480000000000000093e-01
4.670000000000000262e-01
4.914000000000000035e-01
4.954000000000000070e-01
4.899999999999999911e-01
4.747999999999999998e-01
4.853999999999999981e-01
4.660000000000000253e-01
4.440000000000000058e-01
4.375999999999999890e-01
4.334000000000000075e-01
4.278000000000000136e-01
3.900000000000000133e-01
3.492000000000000104e-01
3.371999999999999997e-01
3.250000000000000111e-01
3.300000000000000155e-01
3.205999999999999961e-01
3.105999999999999872e-01
3.140000000000000013e-01
2.892000000000000126e-01
2.800000000000000266e-01
2.896000000000000241e-01
2.816000000000000170e-01
2.829999999999999738e-01
2.898000000000000020e-01
2.906000000000000250e-01
2.837999999999999967e-01
2.975999999999999757e-01
3.004000000000000004e-01
2.978000000000000091e-01
3.004000000000000004e-01
2.919999999999999818e-01
3.059999999999999942e-01
3.128000000000000225e-01
2.968000000000000083e-01
3.128000000000000225e-01
2.913999999999999924e-01
3.154000000000000137e-01
2.979999999999999871e-01
2.942000000000000171e-01
3.039999999999999925e-01
2.869999999999999774e-01
2.787999999999999923e-01
2.666000000000000036e-01
2.594000000000000195e-01
2.651999999999999913e-01
2.564000000000000168e-01
2.567999999999999727e-01
2.515999999999999903e-01
2.427999999999999881e-01
2.457999999999999907e-01
2.570000000000000062e-01
2.456000000000000127e-01
2.308000000000000052e-01
2.406000000000000083e-01
2.466000000000000136e-01
2.485999999999999877e-01
2.273999999999999910e-01
2.411999999999999977e-01
2.525999999999999912e-01
2.500000000000000000e-01
2.686000000000000054e-01
2.701999999999999957e-01
2.863999999999999879e-01
2.787999999999999923e-01
2.783999999999999808e-01
2.832000000000000073e-01
3.220000000000000084e-01
3.161999999999999811e-01
3.194000000000000172e-01
3.290000000000000147e-01
3.244000000000000217e-01
3.412000000000000033e-01
3.326000000000000068e-01
3.231999999999999873e-01
3.240000000000000102e-01
3.128000000000000225e-01
3.125999999999999890e-01
2.763999999999999790e-01
2.550000000000000044e-01
2.421999999999999986e-01
2.204000000000000126e-01
2.182000000000000051e-01
2.349999999999999867e-01
2.064000000000000001e-01
1.809999999999999942e-01
1.584000000000000130e-01
1.380000000000000115e-01
1.305999999999999939e-01
1.155999999999999944e-01
8.459999999999999465e-02
8.619999999999999885e-02
7.679999999999999327e-02
6.260000000000000286e-02
5.680000000000000326e-02
5.179999999999999882e-02
4.120000000000000051e-02
3.339999999999999913e-02
3.400000000000000244e-02
3.180000000000000188e-02
2.719999999999999848e-02
2.100000000000000130e-02
1.980000000000000163e-02
1.640000000000000138e-02
1.919999999999999832e-02
1.499999999999999944e-02
1.480000000000000066e-02
1.980000000000000163e-02
2.220000000000000098e-02
2.639999999999999986e-02
3.359999999999999792e-02
3.640000000000000180e-02
4.340000000000000108e-02
5.040000000000000036e-02
5.319999999999999729e-02
5.859999999999999931e-02
6.360000000000000375e-02
6.360000000000000375e-02
6.679999999999999827e-02
6.859999999999999432e-02
7.259999999999999787e-02
8.340000000000000191e-02
7.839999999999999747e-02
9.320000000000000506e-02
1.110000000000000014e-01
1.318000000000000005e-01
1.527999999999999914e-01
1.506000000000000116e-01
1.464000000000000024e-01
1.398000000000000076e-01
1.219999999999999973e-01
1.350000000000000089e-01
1.302000000000000102e-01
1.433999999999999997e-01
1.282000000000000084e-01
1.345999999999999974e-01
1.512000000000000011e-01
1.542000000000000037e-01
1.590000000000000024e-01
1.516000000000000125e-01
1.804000000000000048e-01
2.101999999999999980e-01
2.641999999999999904e-01
2.893999999999999906e-01
3.267999999999999794e-01
3.422000000000000042e-01
3.539999999999999813e-01
3.827999999999999736e-01
3.970000000000000195e-01
4.573999999999999733e-01
4.899999999999999911e-01
4.934000000000000052e-01
4.692000000000000060e-01
4.441999999999999837e-01
4.334000000000000075e-01
4.077999999999999958e-01
4.086000000000000187e-01
4.128000000000000003e-01
4.097999999999999976e-01
3.991999999999999993e-01
4.369999999999999996e-01
4.202000000000000179e-01
4.305999999999999828e-01
4.510000000000000120e-01
5.083999999999999631e-01
4.657999999999999918e-01
4.318000000000000171e-01
4.152000000000000135e-01
3.725999999999999868e-01
3.467999999999999972e-01
3.111999999999999766e-01
2.813999999999999835e-01
2.560000000000000053e-01
2.225999999999999923e-01
2.049999999999999878e-01
1.844000000000000083e-01
1.468000000000000138e-01
1.343999999999999917e-01
1.068000000000000060e-01
1.010000000000000064e-01
7.979999999999999594e-02
5.920000000000000262e-02
5.099999999999999672e-02
3.719999999999999696e-02
2.520000000000000018e-02
2.340000000000000066e-02
1.540000000000000049e-02
9.199999999999999845e-03
7.400000000000000328e-03
5.199999999999999761e-03
2.000000000000000042e-03
3.399999999999999811e-03
3.200000000000000153e-03
4.000000000000000083e-03
5.000000000000000104e-03
2.200000000000000133e-03
3.200000000000000153e-03
3.399999999999999811e-03
2.000000000000000042e-03
5.400000000000000286e-03
8.999999999999999320e-03
1.119999999999999989e-02
1.720000000000000001e-02
2.040000000000000147e-02
3.119999999999999857e-02
3.660000000000000059e-02
4.279999999999999777e-02
5.120000000000000245e-02
6.959999999999999520e-02
5.960000000000000020e-02
7.180000000000000271e-02
7.140000000000000513e-02
8.340000000000000191e-02
8.219999999999999529e-02
8.659999999999999643e-02
8.240000000000000102e-02
9.520000000000000684e-02
9.160000000000000087e-02
9.279999999999999361e-02
8.820000000000000062e-02
8.840000000000000635e-02
9.900000000000000466e-02
1.305999999999999939e-01
1.514000000000000068e-01
1.776000000000000079e-01
2.028000000000000080e-01
2.214000000000000135e-01
2.223999999999999866e-01
2.521999999999999797e-01
2.671999999999999931e-01
3.095999999999999863e-01
3.330000000000000182e-01
4.092000000000000082e-01
4.318000000000000171e-01
4.471999999999999864e-01
5.050000000000000044e-01
4.742000000000000104e-01
4.534000000000000252e-01
4.107999999999999985e-01
4.099999999999999756e-01
3.896000000000000019e-01
3.770000000000000018e-01
3.672000000000000264e-01
3.380000000000000226e-01
3.201999999999999846e-01
3.274000000000000243e-01
3.247999999999999776e-01
2.968000000000000083e-01
2.842000000000000082e-01
2.883999999999999897e-01
2.975999999999999757e-01
3.280000000000000138e-01
3.430000000000000271e-01
3.625999999999999779e-01
3.931999999999999940e-01
4.369999999999999996e-01
4.872000000000000219e-01
4.726000000000000201e-01
4.577999999999999847e-01
3.946000000000000063e-01
3.784000000000000141e-01
3.084000000000000075e-01
2.538000000000000256e-01
2.197999999999999954e-01
1.952000000000000124e-01
1.544000000000000095e-01
1.158000000000000002e-01
9.579999999999999627e-02
8.959999999999999909e-02
7.580000000000000626e-02
6.040000000000000230e-02
4.420000000000000318e-02
4.019999999999999962e-02
2.879999999999999921e-02
2.340000000000000066e-02
1.379999999999999977e-02
1.660000000000000017e-02
1.379999999999999977e-02
9.799999999999999684e-03
9.199999999999999845e-03
8.999999999999999320e-03
3.399999999999999811e-03
4.799999999999999580e-03
4.799999999999999580e-03
6.400000000000000307e-03
2.599999999999999881e-03
3.799999999999999992e-03
4.400000000000000265e-03
3.000000000000000062e-03
2.200000000000000133e-03
1.399999999999999986e-03
1.600000000000000077e-03
2.399999999999999790e-03
2.399999999999999790e-03
3.599999999999999901e-03
3.000000000000000062e-03
3.399999999999999811e-03
2.399999999999999790e-03
2.799999999999999972e-03
2.399999999999999790e-03
2.599999999999999881e-03
2.399999999999999790e-03
3.599999999999999901e-03
3.599999999999999901e-03
2.599999999999999881e-03
3.000000000000000062e-03
4.000000000000000083e-03
3.000000000000000062e-03
5.599999999999999943e-03
6.199999999999999782e-03
1.000000000000000021e-02
8.999999999999999320e-03
1.439999999999999961e-02
8.800000000000000530e-03
1.919999999999999832e-02
2.580000000000000002e-02
3.020000000000000115e-02
4.420000000000000318e-02
4.399999999999999745e-02
5.720000000000000084e-02
7.259999999999999787e-02
9.679999999999999716e-02
1.283999999999999864e-01
1.391999999999999904e-01
1.807999999999999885e-01
2.068000000000000116e-01
2.326000000000000012e-01
2.474000000000000088e-01
2.447999999999999898e-01
2.760000000000000231e-01
2.783999999999999808e-01
3.019999999999999907e-01
3.079999999999999960e-01
3.094000000000000083e-01
3.085999999999999854e-01
3.068000000000000171e-01
3.022000000000000242e-01
2.939999999999999836e-01
2.822000000000000064e-01
2.726000000000000090e-01
2.419999999999999929e-01
2.336000000000000021e-01
2.079999999999999905e-01
2.076000000000000068e-01
2.094000000000000028e-01
2.132000000000000006e-01
2.001999999999999891e-01
1.791999999999999982e-01
1.809999999999999942e-01
1.690000000000000113e-01
1.862000000000000044e-01
1.874000000000000110e-01
2.038000000000000089e-01
1.900000000000000022e-01
1.950000000000000067e-01
1.837999999999999912e-01
1.789999999999999925e-01
2.018000000000000071e-01
1.771999999999999964e-01
1.877999999999999947e-01
1.854000000000000092e-01
1.837999999999999912e-01
1.971999999999999864e-01
1.826000000000000123e-01
2.088000000000000134e-01
2.134000000000000064e-01
2.647999999999999798e-01
2.827999999999999958e-01
2.800000000000000266e-01
3.200000000000000067e-01
3.175999999999999934e-01
3.008000000000000118e-01
3.048000000000000154e-01
3.155999999999999917e-01
3.154000000000000137e-01
3.256000000000000005e-01
3.376000000000000112e-01
3.618000000000000105e-01
3.704000000000000070e-01
3.380000000000000226e-01
3.220000000000000084e-01
3.270000000000000129e-01
3.326000000000000068e-01
3.573999999999999955e-01
3.728000000000000203e-01
4.158000000000000029e-01
4.447999999999999732e-01
4.305999999999999828e-01
4.461999999999999855e-01
4.742000000000000104e-01
4.752000000000000113e-01
4.954000000000000070e-01
4.843999999999999972e-01
4.753999999999999893e-01
4.773999999999999910e-01
4.637999999999999901e-01
4.411999999999999811e-01
4.215999999999999748e-01
4.249999999999999889e-01
4.252000000000000224e-01
3.897999999999999798e-01
3.536000000000000254e-01
3.575999999999999734e-01
3.562000000000000166e-01
3.698000000000000176e-01
3.585999999999999743e-01
3.264000000000000234e-01
3.231999999999999873e-01
2.687999999999999834e-01
2.746000000000000107e-01
2.434000000000000052e-01
2.436000000000000110e-01
2.235999999999999932e-01
2.204000000000000126e-01
2.157999999999999918e-01
2.079999999999999905e-01
2.008000000000000063e-01
2.076000000000000068e-01
2.121999999999999997e-01
1.980000000000000093e-01
1.865999999999999881e-01
2.078000000000000125e-01
2.094000000000000028e-01
1.990000000000000102e-01
2.043999999999999984e-01
2.046000000000000041e-01
2.053999999999999992e-01
2.156000000000000139e-01
2.011999999999999900e-01
2.056000000000000050e-01
2.003999999999999948e-01
1.890000000000000013e-01
2.089999999999999913e-01
1.970000000000000084e-01
2.243999999999999884e-01
2.341999999999999915e-01
2.743999999999999773e-01
2.873999999999999888e-01
2.965999999999999748e-01
3.326000000000000068e-01
3.553999999999999937e-01
3.794000000000000150e-01
4.056000000000000161e-01
4.434000000000000163e-01
5.006000000000000449e-01
4.577999999999999847e-01
4.072000000000000064e-01
3.748000000000000220e-01
3.558000000000000052e-01
3.174000000000000155e-01
2.959999999999999853e-01
2.740000000000000213e-01
2.657999999999999807e-01
2.442000000000000004e-01
2.338000000000000078e-01
2.235999999999999932e-01
2.205999999999999905e-01
2.214000000000000135e-01
2.159999999999999976e-01
2.139999999999999958e-01
2.177999999999999936e-01
2.230000000000000038e-01
2.245999999999999941e-01
2.204000000000000126e-01
2.165999999999999870e-01
2.308000000000000052e-01
2.320000000000000118e-01
2.313999999999999946e-01
2.240000000000000047e-01
2.373999999999999999e-01
2.225999999999999923e-01
2.174000000000000099e-01
2.154000000000000081e-01
2.146000000000000130e-01
2.223999999999999866e-01
2.121999999999999997e-01
2.048000000000000098e-01
2.192000000000000060e-01
2.185999999999999888e-01
1.955999999999999961e-01
2.185999999999999888e-01
2.340000000000000135e-01
2.371999999999999942e-01
2.637999999999999790e-01
2.876000000000000223e-01
3.210000000000000075e-01
3.371999999999999997e-01
3.629999999999999893e-01
3.946000000000000063e-01
3.926000000000000045e-01
4.096000000000000196e-01
4.109999999999999765e-01
4.136000000000000232e-01
3.877999999999999781e-01
4.043999999999999817e-01
3.897999999999999798e-01
3.834000000000000186e-01
3.744000000000000106e-01
3.340000000000000191e-01
3.095999999999999863e-01
2.676000000000000045e-01
2.518000000000000238e-01
2.134000000000000064e-01
1.867999999999999938e-01
1.438000000000000111e-01
1.270000000000000018e-01
1.068000000000000060e-01
8.340000000000000191e-02
7.760000000000000231e-02
6.160000000000000198e-02
4.240000000000000019e-02
3.780000000000000027e-02
3.579999999999999849e-02
2.860000000000000042e-02
2.740000000000000074e-02
2.639999999999999986e-02
2.580000000000000002e-02
2.980000000000000010e-02
1.899999999999999953e-02
6.400000000000000307e-03
1.000000000000000021e-02
7.799999999999999642e-03
8.200000000000000691e-03
8.200000000000000691e-03
6.799999999999999621e-03
4.199999999999999740e-03
4.000000000000000083e-03
4.599999999999999922e-03
4.000000000000000083e-03
5.400000000000000286e-03
4.400000000000000265e-03
4.000000000000000083e-03
5.199999999999999761e-03
3.200000000000000153e-03
1.799999999999999951e-03
1.799999999999999951e-03
1.600000000000000077e-03
2.399999999999999790e-03
2.399999999999999790e-03
1.600000000000000077e-03
8.000000000000000383e-04
1.799999999999999951e-03
1.000000000000000021e-03
5.999999999999999474e-04
1.399999999999999986e-03
2.799999999999999972e-03
2.399999999999999790e-03
4.199999999999999740e-03
5.799999999999999600e-03
6.000000000000000125e-03
7.199999999999999803e-03
8.800000000000000530e-03
1.140000000000000041e-02
1.880000000000000074e-02
2.079999999999999905e-02
2.900000000000000147e-02
2.719999999999999848e-02
3.520000000000000212e-02
3.160000000000000309e-02
5.099999999999999672e-02
5.240000000000000213e-02
4.880000000000000310e-02
5.899999999999999689e-02
6.539999999999999980e-02
7.099999999999999367e-02
8.000000000000000167e-02
9.819999999999999563e-02
1.052000000000000018e-01
1.181999999999999995e-01
1.168000000000000010e-01
1.345999999999999974e-01
1.547999999999999932e-01
1.584000000000000130e-01
1.633999999999999897e-01
1.791999999999999982e-01
1.829999999999999960e-01
1.895999999999999908e-01
2.184000000000000108e-01
2.285999999999999976e-01
2.293999999999999928e-01
2.575999999999999956e-01
2.916000000000000258e-01
2.958000000000000074e-01
2.826000000000000179e-01
3.141999999999999793e-01
3.108000000000000207e-01
3.407999999999999918e-01
3.459999999999999742e-01
3.533999999999999919e-01
3.482000000000000095e-01
3.479999999999999760e-01
3.422000000000000042e-01
3.467999999999999972e-01
3.393999999999999795e-01
3.256000000000000005e-01
3.191999999999999837e-01
3.310000000000000164e-01
3.121999999999999775e-01
2.979999999999999871e-01
3.068000000000000171e-01
3.014000000000000012e-01
2.955999999999999739e-01
2.989999999999999880e-01
3.071999999999999731e-01
2.932000000000000162e-01
2.807999999999999940e-01
2.847999999999999976e-01
2.770000000000000240e-01
2.776000000000000134e-01
2.823999999999999844e-01
2.836000000000000187e-01
2.541999999999999815e-01
2.456000000000000127e-01
2.437999999999999889e-01
2.394000000000000017e-01
2.197999999999999954e-01
1.981999999999999873e-01
1.998000000000000054e-01
2.003999999999999948e-01
2.041999999999999926e-01
1.981999999999999873e-01
1.993999999999999939e-01
2.020000000000000129e-01
1.894000000000000128e-01
1.857999999999999929e-01
1.968000000000000027e-01
1.923999999999999877e-01
1.971999999999999864e-01
1.975999999999999979e-01
1.917999999999999983e-01
1.812000000000000000e-01
1.829999999999999960e-01
2.076000000000000068e-01
1.940000000000000058e-01
1.962000000000000133e-01
1.955999999999999961e-01
1.920000000000000040e-01
1.701999999999999902e-01
1.756000000000000061e-01
1.862000000000000044e-01
1.681999999999999884e-01
1.807999999999999885e-01
1.721999999999999920e-01
1.665999999999999981e-01
1.658000000000000029e-01
1.519999999999999962e-01
1.426000000000000045e-01
1.512000000000000011e-01
1.351999999999999869e-01
1.474000000000000032e-01
1.431999999999999940e-01
1.496000000000000107e-01
1.527999999999999914e-01
1.592000000000000082e-01
1.585999999999999910e-01
1.603999999999999870e-01
1.449999999999999900e-01
1.603999999999999870e-01
1.535999999999999865e-01
1.603999999999999870e-01
1.411999999999999922e-01
1.393999999999999961e-01
1.332000000000000128e-01
1.302000000000000102e-01
1.189999999999999947e-01
1.144000000000000017e-01
1.222000000000000031e-01
1.021999999999999992e-01
7.900000000000000078e-02
6.880000000000000004e-02
5.899999999999999689e-02
3.400000000000000244e-02
3.719999999999999696e-02
3.099999999999999978e-02
3.119999999999999857e-02
3.119999999999999857e-02
2.299999999999999961e-02
1.660000000000000017e-02
1.739999999999999880e-02
9.199999999999999845e-03
8.800000000000000530e-03
3.599999999999999901e-03
4.599999999999999922e-03
2.799999999999999972e-03
3.599999999999999901e-03
2.799999999999999972e-03
4.400000000000000265e-03
4.799999999999999580e-03
1.799999999999999951e-03
3.000000000000000062e-03
1.399999999999999986e-03
3.200000000000000153e-03
3.399999999999999811e-03
