1.079999999999999988e-01
1.158000000000000002e-01
1.120000000000000023e-01
1.111999999999999933e-01
1.072000000000000036e-01
1.250000000000000000e-01
1.320000000000000062e-01
1.439999999999999891e-01
1.318000000000000005e-01
1.459999999999999909e-01
1.456000000000000072e-01
1.690000000000000113e-01
1.645999999999999963e-01
1.630000000000000060e-01
1.758000000000000118e-01
1.700000000000000122e-01
1.683999999999999941e-01
1.787999999999999867e-01
1.829999999999999960e-01
2.144000000000000072e-01
2.097999999999999865e-01
2.185999999999999888e-01
2.406000000000000083e-01
2.518000000000000238e-01
2.495999999999999885e-01
2.550000000000000044e-01
2.560000000000000053e-01
2.521999999999999797e-01
2.353999999999999981e-01
2.129999999999999949e-01
2.036000000000000032e-01
1.953999999999999904e-01
2.030000000000000138e-01
2.215999999999999914e-01
2.046000000000000041e-01
1.932000000000000106e-01
1.981999999999999873e-01
1.990000000000000102e-01
2.011999999999999900e-01
2.051999999999999935e-01
2.220000000000000029e-01
2.466000000000000136e-01
2.657999999999999807e-01
2.849999999999999756e-01
3.098000000000000198e-01
3.161999999999999811e-01
3.387999999999999901e-01
3.741999999999999771e-01
4.023999999999999799e-01
4.294000000000000039e-01
4.712000000000000077e-01
4.783999999999999919e-01
4.914000000000000035e-01
4.974000000000000088e-01
4.737999999999999989e-01
4.778000000000000025e-01
4.699999999999999734e-01
4.590000000000000191e-01
4.650000000000000244e-01
4.868000000000000105e-01
5.080000000000000071e-01
4.772000000000000131e-01
4.374000000000000110e-01
3.996000000000000107e-01
3.443999999999999839e-01
2.936000000000000276e-01
2.822000000000000064e-01
2.006000000000000005e-01
1.880000000000000004e-01
1.623999999999999888e-01
1.373999999999999944e-01
1.260000000000000009e-01
8.599999999999999312e-02
7.520000000000000295e-02
6.679999999999999827e-02
6.719999999999999585e-02
4.680000000000000132e-02
5.079999999999999793e-02
3.479999999999999760e-02
2.460000000000000034e-02
2.440000000000000155e-02
1.619999999999999912e-02
1.559999999999999928e-02
1.439999999999999961e-02
6.000000000000000125e-03
7.000000000000000146e-03
7.400000000000000328e-03
9.599999999999999159e-03
9.400000000000000369e-03
8.000000000000000167e-03
1.159999999999999920e-02
1.239999999999999956e-02
1.460000000000000013e-02
1.159999999999999920e-02
2.280000000000000082e-02
1.760000000000000106e-02
1.820000000000000090e-02
1.959999999999999937e-02
2.400000000000000050e-02
2.819999999999999937e-02
2.079999999999999905e-02
2.900000000000000147e-02
4.200000000000000261e-02
4.179999999999999688e-02
5.720000000000000084e-02
7.439999999999999392e-02
9.039999999999999425e-02
1.222000000000000031e-01
1.429999999999999882e-01
1.836000000000000132e-01
1.927999999999999992e-01
2.343999999999999972e-01
2.693999999999999728e-01
3.004000000000000004e-01
2.856000000000000205e-01
3.403999999999999804e-01
3.316000000000000059e-01
3.553999999999999937e-01
3.613999999999999990e-01
3.582000000000000184e-01
3.400000000000000244e-01
3.467999999999999972e-01
3.274000000000000243e-01
3.140000000000000013e-01
2.792000000000000037e-01
2.235999999999999932e-01
2.416000000000000092e-01
2.202000000000000068e-01
2.028000000000000080e-01
1.877999999999999947e-01
1.688000000000000056e-01
1.572000000000000064e-01
1.335999999999999965e-01
1.174000000000000044e-01
1.048000000000000043e-01
8.580000000000000127e-02
6.079999999999999988e-02
6.439999999999999891e-02
5.059999999999999915e-02
3.400000000000000244e-02
2.699999999999999969e-02
2.620000000000000107e-02
1.859999999999999848e-02
2.040000000000000147e-02
1.619999999999999912e-02
1.559999999999999928e-02
1.779999999999999985e-02
9.599999999999999159e-03
1.400000000000000029e-02
1.260000000000000009e-02
1.000000000000000021e-02
7.599999999999999985e-03
9.799999999999999684e-03
6.799999999999999621e-03
7.000000000000000146e-03
1.060000000000000005e-02
8.000000000000000167e-03
8.600000000000000006e-03
7.400000000000000328e-03
6.599999999999999964e-03
8.399999999999999481e-03
6.400000000000000307e-03
8.399999999999999481e-03
7.000000000000000146e-03
1.159999999999999920e-02
9.599999999999999159e-03
9.199999999999999845e-03
1.039999999999999952e-02
1.039999999999999952e-02
9.199999999999999845e-03
1.600000000000000033e-02
1.359999999999999924e-02
1.600000000000000033e-02
1.980000000000000163e-02
2.440000000000000155e-02
2.060000000000000026e-02
2.400000000000000050e-02
2.860000000000000042e-02
3.359999999999999792e-02
3.660000000000000059e-02
3.899999999999999994e-02
4.859999999999999737e-02
4.780000000000000221e-02
5.800000000000000294e-02
6.600000000000000311e-02
6.660000000000000642e-02
6.719999999999999585e-02
7.180000000000000271e-02
7.799999999999999989e-02
9.080000000000000571e-02
9.299999999999999933e-02
9.560000000000000442e-02
1.072000000000000036e-01
1.059999999999999970e-01
1.144000000000000017e-01
1.147999999999999993e-01
1.103999999999999981e-01
1.188000000000000028e-01
1.280000000000000027e-01
1.411999999999999922e-01
1.388000000000000067e-01
1.537999999999999923e-01
1.496000000000000107e-01
1.504000000000000059e-01
1.537999999999999923e-01
1.491999999999999993e-01
1.461999999999999966e-01
1.468000000000000138e-01
1.494000000000000050e-01
1.436000000000000054e-01
1.438000000000000111e-01
1.429999999999999882e-01
1.466000000000000081e-01
1.454000000000000015e-01
1.539999999999999980e-01
1.413999999999999979e-01
1.519999999999999962e-01
1.454000000000000015e-01
1.554000000000000103e-01
1.660000000000000087e-01
1.603999999999999870e-01
1.635999999999999954e-01
1.423999999999999988e-01
1.925999999999999934e-01
1.980000000000000093e-01
2.121999999999999997e-01
2.677999999999999825e-01
2.978000000000000091e-01
3.286000000000000032e-01
3.824000000000000177e-01
4.259999999999999898e-01
4.507999999999999785e-01
4.788000000000000034e-01
4.819999999999999840e-01
4.546000000000000041e-01
4.285999999999999810e-01
4.000000000000000222e-01
3.426000000000000156e-01
3.483999999999999875e-01
3.234000000000000208e-01
3.585999999999999743e-01
3.987999999999999878e-01
3.845999999999999974e-01
3.941999999999999948e-01
3.578000000000000069e-01
3.214000000000000190e-01
3.341999999999999971e-01
3.118000000000000216e-01
2.716000000000000081e-01
2.730000000000000204e-01
2.823999999999999844e-01
2.766000000000000125e-01
2.727999999999999869e-01
2.574000000000000177e-01
2.368000000000000105e-01
2.242000000000000104e-01
2.137999999999999901e-01
2.210000000000000020e-01
2.049999999999999878e-01
2.205999999999999905e-01
2.172000000000000042e-01
2.154000000000000081e-01
2.459999999999999964e-01
2.736000000000000099e-01
2.753999999999999782e-01
2.827999999999999958e-01
2.783999999999999808e-01
2.879999999999999782e-01
3.025999999999999801e-01
3.346000000000000085e-01
3.731999999999999762e-01
3.804000000000000159e-01
4.218000000000000083e-01
4.159999999999999809e-01
4.272000000000000242e-01
4.255999999999999783e-01
4.334000000000000075e-01
4.600000000000000200e-01
4.601999999999999980e-01
4.646000000000000130e-01
4.843999999999999972e-01
4.922000000000000264e-01
4.707999999999999963e-01
4.390000000000000013e-01
4.264000000000000012e-01
3.845999999999999974e-01
3.516000000000000236e-01
3.118000000000000216e-01
2.684000000000000274e-01
2.303999999999999937e-01
1.836000000000000132e-01
1.678000000000000047e-01
1.423999999999999988e-01
1.243999999999999967e-01
1.136000000000000065e-01
9.719999999999999474e-02
8.680000000000000215e-02
8.179999999999999771e-02
6.199999999999999956e-02
6.779999999999999916e-02
8.340000000000000191e-02
7.879999999999999505e-02
7.019999999999999851e-02
1.155999999999999944e-01
1.160000000000000059e-01
1.403999999999999970e-01
1.855999999999999872e-01
2.187999999999999945e-01
2.204000000000000126e-01
2.560000000000000053e-01
2.792000000000000037e-01
3.270000000000000129e-01
3.311999999999999944e-01
3.327999999999999847e-01
3.260000000000000120e-01
3.549999999999999822e-01
3.709999999999999964e-01
3.855999999999999983e-01
4.040000000000000258e-01
4.324000000000000066e-01
4.587999999999999856e-01
4.823999999999999955e-01
4.692000000000000060e-01
4.215999999999999748e-01
3.991999999999999993e-01
4.079999999999999738e-01
3.785999999999999921e-01
3.392000000000000015e-01
3.529999999999999805e-01
3.181999999999999829e-01
3.019999999999999907e-01
3.045999999999999819e-01
2.916000000000000258e-01
2.832000000000000073e-01
2.747999999999999887e-01
2.570000000000000062e-01
2.555999999999999939e-01
2.414000000000000035e-01
2.255999999999999950e-01
2.333999999999999964e-01
2.398000000000000131e-01
2.318000000000000060e-01
2.376000000000000056e-01
2.701999999999999957e-01
2.982000000000000206e-01
3.270000000000000129e-01
3.548000000000000043e-01
3.674000000000000044e-01
3.977999999999999869e-01
4.506000000000000005e-01
4.686000000000000165e-01
4.822000000000000175e-01
4.925999999999999823e-01
4.798000000000000043e-01
4.652000000000000024e-01
4.198000000000000065e-01
3.920000000000000151e-01
3.583999999999999964e-01
3.280000000000000138e-01
3.048000000000000154e-01
2.741999999999999993e-01
2.531999999999999806e-01
2.214000000000000135e-01
1.945999999999999952e-01
1.927999999999999992e-01
1.932000000000000106e-01
1.729999999999999871e-01
1.557999999999999940e-01
1.373999999999999944e-01
1.272000000000000075e-01
1.014000000000000040e-01
1.045999999999999985e-01
1.025999999999999968e-01
1.024000000000000049e-01
1.100000000000000006e-01
1.147999999999999993e-01
1.353999999999999926e-01
1.529999999999999971e-01
1.648000000000000020e-01
1.776000000000000079e-01
1.955999999999999961e-01
1.942000000000000115e-01
2.031999999999999917e-01
2.222000000000000086e-01
2.571999999999999842e-01
2.916000000000000258e-01
2.978000000000000091e-01
2.979999999999999871e-01
3.201999999999999846e-01
3.443999999999999839e-01
3.553999999999999937e-01
3.800000000000000044e-01
3.817999999999999727e-01
3.940000000000000169e-01
4.202000000000000179e-01
4.344000000000000083e-01
4.195999999999999730e-01
4.428000000000000269e-01
4.348000000000000198e-01
4.274000000000000021e-01
4.215999999999999748e-01
3.976000000000000090e-01
3.694000000000000061e-01
3.423999999999999821e-01
3.240000000000000102e-01
3.211999999999999855e-01
3.190000000000000058e-01
2.883999999999999897e-01
2.647999999999999798e-01
2.482000000000000040e-01
2.338000000000000078e-01
1.943999999999999895e-01
1.706000000000000016e-01
1.409999999999999865e-01
1.250000000000000000e-01
1.229999999999999982e-01
1.215999999999999998e-01
1.092000000000000054e-01
1.062000000000000027e-01
7.560000000000000053e-02
7.180000000000000271e-02
5.739999999999999963e-02
5.840000000000000052e-02
5.519999999999999907e-02
4.760000000000000342e-02
4.379999999999999866e-02
4.560000000000000164e-02
5.979999999999999899e-02
4.939999999999999947e-02
3.939999999999999752e-02
4.019999999999999962e-02
3.059999999999999873e-02
2.980000000000000010e-02
2.440000000000000155e-02
2.939999999999999905e-02
1.859999999999999848e-02
2.239999999999999977e-02
1.600000000000000033e-02
1.159999999999999920e-02
1.559999999999999928e-02
9.199999999999999845e-03
1.220000000000000077e-02
1.060000000000000005e-02
7.199999999999999803e-03
7.400000000000000328e-03
5.799999999999999600e-03
7.000000000000000146e-03
6.599999999999999964e-03
5.199999999999999761e-03
7.000000000000000146e-03
7.400000000000000328e-03
8.999999999999999320e-03
1.159999999999999920e-02
2.280000000000000082e-02
2.500000000000000139e-02
3.259999999999999704e-02
3.440000000000000002e-02
4.900000000000000189e-02
5.399999999999999939e-02
5.960000000000000020e-02
8.219999999999999529e-02
1.052000000000000018e-01
1.063999999999999946e-01
1.236000000000000015e-01
1.335999999999999965e-01
1.436000000000000054e-01
1.708000000000000074e-01
1.768000000000000127e-01
2.020000000000000129e-01
2.114000000000000046e-01
2.464000000000000079e-01
2.555999999999999939e-01
2.681999999999999940e-01
2.913999999999999924e-01
3.025999999999999801e-01
3.058000000000000163e-01
3.313999999999999724e-01
4.138000000000000012e-01
4.680000000000000271e-01
4.928000000000000158e-01
5.046000000000000485e-01
4.460000000000000075e-01
4.415999999999999925e-01
4.143999999999999906e-01
3.884000000000000230e-01
3.907999999999999807e-01
3.924000000000000266e-01
3.775999999999999912e-01
3.721999999999999753e-01
3.634000000000000008e-01
3.513999999999999901e-01
3.788000000000000256e-01
3.613999999999999990e-01
3.678000000000000158e-01
3.695999999999999841e-01
4.000000000000000222e-01
4.067999999999999949e-01
4.026000000000000134e-01
4.033999999999999808e-01
3.983999999999999764e-01
4.132000000000000117e-01
4.289999999999999925e-01
4.380000000000000004e-01
4.359999999999999987e-01
4.295999999999999819e-01
4.465999999999999970e-01
4.537999999999999812e-01
4.869999999999999885e-01
4.949999999999999956e-01
4.706000000000000183e-01
4.849999999999999867e-01
4.647999999999999909e-01
4.571999999999999953e-01
4.107999999999999985e-01
4.235999999999999766e-01
4.199999999999999845e-01
4.368000000000000216e-01
3.924000000000000266e-01
3.841999999999999860e-01
3.715999999999999859e-01
3.383999999999999786e-01
3.382000000000000006e-01
3.284000000000000252e-01
3.065999999999999837e-01
2.780000000000000249e-01
2.717999999999999861e-01
2.581999999999999851e-01
2.750000000000000222e-01
3.062000000000000277e-01
3.225999999999999979e-01
3.658000000000000140e-01
4.168000000000000038e-01
4.445999999999999952e-01
4.590000000000000191e-01
4.593999999999999750e-01
4.706000000000000183e-01
4.611999999999999988e-01
4.511999999999999900e-01
4.739999999999999769e-01
4.799999999999999822e-01
4.727999999999999980e-01
4.945999999999999841e-01
4.914000000000000035e-01
4.788000000000000034e-01
4.888000000000000123e-01
4.875999999999999779e-01
4.899999999999999911e-01
5.150000000000000133e-01
4.835999999999999743e-01
4.991999999999999771e-01
5.053999999999999604e-01
4.918000000000000149e-01
4.743999999999999884e-01
4.597999999999999865e-01
4.516000000000000014e-01
4.521999999999999909e-01
4.451999999999999846e-01
4.159999999999999809e-01
4.052000000000000046e-01
3.960000000000000187e-01
4.022000000000000020e-01
3.941999999999999948e-01
4.007999999999999896e-01
4.172000000000000153e-01
4.434000000000000163e-01
4.611999999999999988e-01
4.471999999999999864e-01
4.294000000000000039e-01
3.911999999999999922e-01
3.503999999999999893e-01
3.337999999999999856e-01
2.979999999999999871e-01
2.859999999999999765e-01
3.154000000000000137e-01
2.985999999999999766e-01
2.703999999999999737e-01
2.687999999999999834e-01
2.626000000000000001e-01
2.398000000000000131e-01
2.104000000000000037e-01
1.691999999999999893e-01
1.670000000000000095e-01
1.353999999999999926e-01
1.103999999999999981e-01
8.719999999999999973e-02
6.460000000000000464e-02
5.739999999999999963e-02
4.200000000000000261e-02
4.120000000000000051e-02
3.839999999999999664e-02
2.759999999999999953e-02
4.000000000000000083e-02
3.579999999999999849e-02
2.280000000000000082e-02
2.019999999999999921e-02
1.899999999999999953e-02
1.919999999999999832e-02
2.380000000000000171e-02
2.840000000000000163e-02
2.879999999999999921e-02
3.579999999999999849e-02
3.599999999999999728e-02
4.120000000000000051e-02
4.159999999999999809e-02
4.719999999999999890e-02
5.519999999999999907e-02
6.419999999999999318e-02
5.360000000000000181e-02
5.600000000000000117e-02
5.979999999999999899e-02
6.640000000000000069e-02
8.559999999999999554e-02
9.479999999999999538e-02
1.123999999999999999e-01
1.313999999999999890e-01
1.466000000000000081e-01
1.683999999999999941e-01
1.975999999999999979e-01
2.162000000000000033e-01
2.541999999999999815e-01
2.896000000000000241e-01
3.134000000000000119e-01
3.452000000000000068e-01
3.668000000000000149e-01
3.926000000000000045e-01
4.109999999999999765e-01
4.348000000000000198e-01
4.652000000000000024e-01
4.586000000000000076e-01
4.994000000000000106e-01
4.828000000000000069e-01
4.516000000000000014e-01
4.278000000000000136e-01
4.103999999999999870e-01
3.768000000000000238e-01
3.403999999999999804e-01
3.227999999999999758e-01
2.978000000000000091e-01
2.684000000000000274e-01
2.587999999999999745e-01
2.772000000000000020e-01
2.756000000000000116e-01
2.936000000000000276e-01
2.945999999999999730e-01
2.899999999999999800e-01
2.843999999999999861e-01
2.641999999999999904e-01
2.666000000000000036e-01
2.571999999999999842e-01
2.508000000000000229e-01
2.574000000000000177e-01
2.611999999999999877e-01
2.666000000000000036e-01
2.575999999999999956e-01
2.684000000000000274e-01
2.806000000000000161e-01
2.760000000000000231e-01
2.604000000000000203e-01
2.376000000000000056e-01
2.152000000000000024e-01
2.156000000000000139e-01
2.386000000000000065e-01
2.686000000000000054e-01
2.929999999999999827e-01
3.029999999999999916e-01
3.180000000000000049e-01
3.267999999999999794e-01
3.489999999999999769e-01
3.393999999999999795e-01
3.618000000000000105e-01
3.578000000000000069e-01
3.632000000000000228e-01
3.542000000000000148e-01
3.472000000000000086e-01
3.725999999999999868e-01
3.508000000000000007e-01
3.721999999999999753e-01
3.548000000000000043e-01
3.609999999999999876e-01
3.503999999999999893e-01
3.509999999999999787e-01
3.341999999999999971e-01
3.304000000000000270e-01
3.267999999999999794e-01
3.195999999999999952e-01
3.109999999999999987e-01
2.979999999999999871e-01
2.978000000000000091e-01
2.753999999999999782e-01
2.938000000000000056e-01
2.819999999999999729e-01
3.009999999999999898e-01
2.939999999999999836e-01
3.154000000000000137e-01
3.089999999999999969e-01
2.800000000000000266e-01
2.485999999999999877e-01
2.474000000000000088e-01
2.046000000000000041e-01
2.129999999999999949e-01
1.920000000000000040e-01
1.822000000000000008e-01
1.995999999999999996e-01
1.940000000000000058e-01
1.796000000000000096e-01
1.817999999999999894e-01
1.980000000000000093e-01
2.101999999999999980e-01
1.892000000000000071e-01
1.728000000000000091e-01
1.668000000000000038e-01
1.849999999999999978e-01
1.981999999999999873e-01
2.253999999999999893e-01
2.515999999999999903e-01
2.585999999999999965e-01
2.497999999999999943e-01
2.341999999999999915e-01
2.574000000000000177e-01
2.560000000000000053e-01
2.733999999999999764e-01
2.660000000000000142e-01
2.551999999999999824e-01
3.094000000000000083e-01
2.975999999999999757e-01
2.973999999999999977e-01
3.115999999999999881e-01
3.065999999999999837e-01
3.094000000000000083e-01
3.174000000000000155e-01
3.155999999999999917e-01
3.124000000000000110e-01
2.975999999999999757e-01
2.906000000000000250e-01
2.446000000000000119e-01
2.177999999999999936e-01
1.913999999999999868e-01
1.882000000000000062e-01
1.535999999999999865e-01
1.623999999999999888e-01
1.570000000000000007e-01
1.562000000000000055e-01
1.386000000000000010e-01
1.383999999999999952e-01
1.147999999999999993e-01
9.220000000000000417e-02
9.039999999999999425e-02
6.900000000000000577e-02
7.180000000000000271e-02
6.079999999999999988e-02
6.079999999999999988e-02
5.639999999999999875e-02
4.619999999999999801e-02
4.340000000000000108e-02
4.139999999999999930e-02
3.620000000000000301e-02
3.699999999999999817e-02
3.459999999999999881e-02
3.420000000000000123e-02
3.980000000000000204e-02
3.080000000000000099e-02
3.200000000000000067e-02
2.840000000000000163e-02
3.559999999999999970e-02
3.320000000000000034e-02
3.259999999999999704e-02
2.960000000000000131e-02
2.840000000000000163e-02
2.860000000000000042e-02
3.180000000000000188e-02
2.680000000000000090e-02
2.479999999999999913e-02
2.740000000000000074e-02
2.960000000000000131e-02
3.139999999999999736e-02
3.660000000000000059e-02
4.000000000000000083e-02
4.059999999999999720e-02
5.040000000000000036e-02
4.680000000000000132e-02
5.079999999999999793e-02
6.060000000000000109e-02
6.560000000000000553e-02
6.640000000000000069e-02
6.880000000000000004e-02
8.079999999999999682e-02
7.259999999999999787e-02
7.459999999999999964e-02
8.440000000000000280e-02
7.979999999999999594e-02
8.959999999999999909e-02
9.339999999999999691e-02
9.779999999999999805e-02
9.059999999999999998e-02
1.018000000000000016e-01
1.106000000000000039e-01
1.150000000000000050e-01
1.212000000000000022e-01
1.136000000000000065e-01
1.208000000000000046e-01
1.280000000000000027e-01
1.613999999999999879e-01
1.741999999999999937e-01
1.670000000000000095e-01
1.711999999999999911e-01
2.023999999999999966e-01
2.447999999999999898e-01
2.545999999999999930e-01
2.731999999999999984e-01
3.078000000000000180e-01
3.350000000000000200e-01
3.886000000000000010e-01
4.067999999999999949e-01
4.148000000000000020e-01
4.581999999999999962e-01
4.703999999999999848e-01
4.526000000000000023e-01
4.551999999999999935e-01
4.666000000000000147e-01
4.712000000000000077e-01
4.758000000000000007e-01
4.506000000000000005e-01
4.278000000000000136e-01
4.042000000000000037e-01
4.053999999999999826e-01
3.920000000000000151e-01
3.685999999999999832e-01
3.513999999999999901e-01
3.565999999999999726e-01
3.578000000000000069e-01
3.373999999999999777e-01
3.261999999999999900e-01
3.148000000000000242e-01
3.204000000000000181e-01
3.140000000000000013e-01
3.054000000000000048e-01
2.973999999999999977e-01
2.929999999999999827e-01
2.992000000000000215e-01
3.085999999999999854e-01
3.034000000000000030e-01
2.999999999999999889e-01
3.014000000000000012e-01
2.823999999999999844e-01
2.661999999999999922e-01
2.310000000000000109e-01
2.101999999999999980e-01
2.028000000000000080e-01
2.204000000000000126e-01
2.114000000000000046e-01
2.084000000000000019e-01
