8.048781686206003122e-03 9.213422695373627569e-01
1.029152350820485007e-02 8.995273055584311894e-01
1.370903485601262378e-02 8.664348507666099763e-01
1.615180958428196964e-02 8.429188168997207020e-01
2.345809624551782949e-02 7.734840014105922590e-01
2.582967282070784687e-02 7.512981020317461844e-01
2.695189132876773738e-02 7.408691256862502961e-01
3.078472523620492604e-02 7.056142203369579757e-01
2.944382668654424093e-02 7.178814417040316753e-01
2.615175970368576255e-02 7.483001920461185286e-01
2.693154899931650068e-02 7.410577582333737201e-01
2.564998224388858467e-02 7.529722399373739439e-01
2.754012368873266434e-02 7.354212129022721367e-01
2.429213175301853447e-02 7.656597269633665936e-01
1.725877134525343609e-02 8.323065414885051361e-01
1.194094738787596262e-02 8.835303913596668224e-01
1.121201391587331453e-02 8.905945373132763132e-01
7.589384079432238799e-03 9.258185727385757069e-01
5.990816023389218883e-03 9.414120159418551959e-01
5.099143915776674536e-03 9.501200021225594261e-01
5.987425635147346388e-03 9.414451136837166390e-01
1.773173050499468606e-03 9.826449158666250572e-01
4.071856278489219966e-03 9.601596482780649922e-01
4.326135396629678803e-03 9.576739434307379728e-01
4.668564609058831194e-03 9.543271756541038542e-01
6.960467060564835828e-03 9.319503925332330851e-01
1.081194810333232538e-02 8.944752975169905085e-01
1.228168140618417746e-02 8.802314210990525023e-01
1.436507498081500758e-02 8.601069016950179114e-01
2.120348806467242317e-02 7.947472494428973189e-01
2.462269460660112749e-02 7.625651313524167696e-01
2.798935013078081291e-02 7.312695419568032706e-01
2.858266807310854557e-02 7.257981395143410230e-01
2.672643051068319953e-02 7.429606624008113780e-01
2.216974871360616675e-02 7.856149310025661858e-01
2.126451505302613676e-02 7.941696325809918244e-01
2.168831358326023251e-02 7.901615026910046025e-01
2.294784281511597426e-02 7.782821194151663402e-01
2.191546959546571138e-02 7.880153978689028449e-01
2.016433406853841356e-02 8.045996374154070763e-01
1.707060479782949308e-02 8.341083880580086873e-01
1.760120055768258501e-02 8.290297489346077908e-01
1.283431468960944365e-02 8.748852499311037256e-01
1.559917630085670345e-02 8.482275424027596600e-01
1.574496299525723203e-02 8.468264087996011380e-01
1.746219463976579969e-02 8.303595803664788333e-01
2.088479156993638258e-02 7.977654965549528798e-01
1.941844865532639866e-02 8.116905857997284146e-01
1.612638167246792029e-02 8.431629302902997614e-01
2.202396201920564164e-02 7.869909534170554943e-01
2.545333972585996085e-02 7.548056339644220181e-01
2.811988007809291396e-02 7.300646606105591907e-01
3.207646315635846040e-02 6.938679118618669150e-01
2.868607491448566665e-02 7.248459592410890773e-01
2.729940612355969895e-02 7.376490434400411189e-01
2.558386967317206884e-02 7.535884863341822948e-01
2.580763529713566914e-02 7.515033586695212264e-01
2.433790199428381706e-02 7.652310223461534777e-01
2.291393893269725104e-02 7.786012301436481264e-01
2.363948201645802230e-02 7.717804102344107964e-01
2.669761221062727855e-02 7.432281374889841974e-01
2.387172361102630688e-02 7.696007670307980497e-01
2.632805989226314619e-02 7.466608216075492077e-01
2.012195421551500607e-02 8.050021119363343081e-01
1.548898868299583911e-02 8.492868541196647580e-01
1.257664518322711145e-02 8.773772549134934984e-01
8.072514403899111457e-03 9.211110871832091096e-01
1.174939045221015319e-02 8.853859185286894196e-01
9.186256941354322900e-03 9.102697820855223387e-01
9.528686153783473556e-03 9.069397623406537656e-01
9.627007412797785463e-03 9.059839146529536924e-01
6.162030629603794211e-03 9.397407114453792953e-01
5.819601417174643555e-03 9.430835758950135705e-01
3.029311894113336998e-03 9.703547895499746723e-01
-1.145951225753002534e-03 9.887833935953982412e-01
-3.390388241872789414e-03 9.668231624504470823e-01
-2.063051245179592114e-03 9.798082656147522052e-01
-5.848419717230561067e-03 9.428022066498993325e-01
-2.539400793162719348e-03 9.751474350500335397e-01
-3.804015607381269412e-03 9.627783383299696185e-01
-3.953192690023672219e-03 9.613197765735329581e-01
-4.760105091589395508e-03 9.534326277765150515e-01
-1.890141444844080105e-03 9.815002744624958808e-01
5.899275540858653702e-04 9.942256322662150758e-01
2.230875463152295381e-03 9.781661076647036879e-01
3.025921505871464502e-03 9.703879532028901744e-01
8.050476880326938936e-03 9.213257562936105760e-01
1.251561819487340306e-02 8.779676438284649276e-01
1.996091077402604649e-02 8.065319808613427011e-01
2.507022585452834199e-02 7.583815135362190762e-01
3.457687448473963782e-02 6.713384239163913136e-01
3.819102835057603534e-02 6.392884136405174722e-01
4.324609721920836397e-02 5.955668817364234702e-01
4.781464537513194224e-02 5.572573657781961787e-01
4.516505696410835768e-02 5.793308243525414625e-01
3.896403686972303021e-02 6.325165968132560046e-01
2.182053872469327110e-02 7.889120847345947318e-01
1.586193138960184310e-02 8.457025897705842121e-01
3.286981400495669198e-03 9.678345045751735043e-01
-1.049325160859628176e-03 9.897291184355896387e-01
-8.899769134916071453e-03 9.130569906310639361e-01
-1.857254678897914124e-02 8.197508812373763831e-01
-2.445317519450749405e-02 7.641516375356602886e-01
-2.614158853896013726e-02 7.483948055715989867e-01
-2.245793171416535575e-02 7.828968406847701678e-01
-2.264609826158929529e-02 7.811235001386367394e-01
-2.453454451231244088e-02 7.633899917832530635e-01
-2.846230929052206288e-02 7.269069434510335714e-01
-3.238498848636888611e-02 6.910729769392447430e-01
-3.265791473983964410e-02 6.886040029699330711e-01
-3.631614365282037626e-02 6.558362870656153643e-01
-3.845208824520024438e-02 6.369980733135509610e-01
-4.524981667015518655e-02 5.786184519466903708e-01
-5.191701514779802074e-02 5.239023250890277872e-01
-5.526163314840552843e-02 4.974789984474501381e-01
-6.067777836479731207e-02 4.562266820937215250e-01
-5.558032964314156554e-02 4.949984026752070054e-01
-4.958612323151048024e-02 5.427291767971149650e-01
-4.668225570234643684e-02 5.666414663802730178e-01
-4.177805911047744597e-02 6.081247329699891457e-01
-4.586178174781322531e-02 5.734872575154684737e-01
-4.588212407726444814e-02 5.733170588964510150e-01
-4.662461910223459488e-02 5.671210995235257402e-01
-4.204759497570632887e-02 6.058103325110123505e-01
-4.938100474287718256e-02 5.444017765921573826e-01
-5.261543512562381897e-02 5.183263791006991195e-01
-5.847402600757999752e-02 4.727777019865370134e-01
-6.902999979865091784e-02 3.965139213596485801e-01
-7.956732645439154594e-02 3.282358910588243361e-01
-8.798057487659886877e-02 2.795042843354812456e-01
-9.508174304920143094e-02 2.423625306227201737e-01
-9.773133146022501549e-02 2.294272736002554158e-01
-1.042340961081370393e-01 1.997630354712598699e-01
-1.074346226084649386e-01 1.862267412117922516e-01
-1.070888030077939285e-01 1.876561466182465054e-01
-1.065056562301918003e-01 1.900846478879215928e-01
-1.087890827110931241e-01 1.807049258927233004e-01
-1.067090795247041535e-01 1.892349068259960854e-01
-1.048392804093113279e-01 1.971503956980572847e-01
-1.009522002900041654e-01 2.143679422295605430e-01
-1.042900375141279229e-01 1.995204859980803103e-01
-1.026812982933593132e-01 2.065809361428822266e-01
-9.821954736705471034e-02 2.270978936181487218e-01
-9.300173986281248806e-02 2.528667109791863377e-01
-8.844336287161451426e-02 2.769729944447988368e-01
-8.506314579446735968e-02 2.958194341673767713e-01
-8.604974877285231916e-02 2.902328545237540802e-01
-8.517502860644915463e-02 2.951823458634352804e-01
-8.591582843729834995e-02 2.909870190366646292e-01
-8.638878759703960686e-02 2.883294038935343417e-01
-8.536997593035683396e-02 2.940744432678871201e-01
-8.218131578887548361e-02 3.125432841298702025e-01
-8.259494315438394019e-02 3.101057481182212805e-01
-8.149815255813810944e-02 3.165965022190727063e-01
-7.974532183708987754e-02 3.271515451024442633e-01
-8.352390953265709239e-02 3.046767014284197939e-01
-8.227963704788977817e-02 3.119627408143103020e-01
-8.023353774391955850e-02 3.241891744943056208e-01
-8.002841925528625389e-02 3.254316683547746614e-01
-7.986398542555542268e-02 3.264299286463142602e-01
-7.939272145993510332e-02 3.293018226068407106e-01
-8.136084183434225126e-02 3.174152716091174775e-01
-8.193720783546062925e-02 3.139876772644248359e-01
-8.339507477946593583e-02 3.054258812604968010e-01
-8.421554873399915431e-02 3.006754480697367282e-01
-8.439015372845559693e-02 2.996708332690218302e-01
-8.738047615778739285e-02 2.828097340991577724e-01
-9.114889268862901017e-02 2.624846359290368136e-01
-9.166423170139366416e-02 2.597848062557451265e-01
-9.593442569203242121e-02 2.381454858218291226e-01
-8.976900467418677532e-02 2.698079996028916461e-01
-9.196428106079940212e-02 2.582216635385627956e-01
-9.280001176242104466e-02 2.539019062999606779e-01
-9.441553175967343225e-02 2.456933427405979531e-01
-1.059954027997899312e-01 1.922283180439038341e-01
-1.078211268680384360e-01 1.846386165104086374e-01
-1.127931312247448803e-01 1.650863551334060264e-01
-1.113962912690932838e-01 1.704164870297180112e-01
-1.142323510334198877e-01 1.597254928756886849e-01
-1.141594576862196148e-01 1.599938362784349144e-01
-1.113996816573351589e-01 1.704033970826283051e-01
-1.064225917182659298e-01 1.904324243797411165e-01
-1.018235300681654687e-01 2.104181037291514011e-01
-9.507326707859677095e-02 2.424047089142860878e-01
-9.094885978235850432e-02 2.635377463330649817e-01
-8.853320816002413496e-02 2.764833702653878289e-01
-8.814161831808783876e-02 2.786216720435312211e-01
-8.603618721988481877e-02 2.903091662953757313e-01
-8.541405097750118247e-02 2.938243440591205013e-01
-8.151510449934747105e-02 3.164955148069386048e-01
-8.727537412228934810e-02 2.833913427027621723e-01
-8.335778050880532364e-02 3.056429746934224978e-01
-8.649558482665860304e-02 2.877315466837784275e-01
-8.751948207570417471e-02 2.820417407302217017e-01
-8.756694751109038444e-02 2.817798201163195793e-01
-8.977917583891238673e-02 2.697535163852916584e-01
-9.057422188163156973e-02 2.655178528527835091e-01
-8.713806339849348992e-02 2.841523938873414257e-01
-8.244068048937873427e-02 3.110133720648036171e-01
-8.348492006787557040e-02 3.049032993593765450e-01
-8.821790205352997294e-02 2.782042485143956800e-01
-8.858914956601504631e-02 2.761788052169702468e-01
-9.349673654612590534e-02 2.503389158430603390e-01
-9.110312244736371023e-02 2.627253476296136925e-01
-8.964016992099560488e-02 2.704987672362718087e-01
-8.874171703689931467e-02 2.753493248738047017e-01
-8.273225387817979837e-02 3.092993210927790781e-01
-7.586163210602459017e-02 3.513338545988299311e-01
-7.487841951588149192e-02 3.576294340339346567e-01
-6.659400584686532565e-02 4.134282309468086947e-01
-6.992845268274720805e-02 3.903814299268150156e-01
-7.074723144315950285e-02 3.848427650249935938e-01
-7.552428847595826777e-02 3.534860104678918535e-01
-7.840781367567105364e-02 3.353560351584832233e-01
-7.420373225574880549e-02 3.619899151828984696e-01
-7.391215886694774140e-02 3.638845072198583219e-01
-7.212203387523889730e-02 3.756505196011966641e-01
-7.120832424405419692e-02 3.817447282257347974e-01
-7.486316276879306786e-02 3.577276746805019281e-01
-7.529713246375277502e-02 3.549398393611555846e-01
-7.648207315428730280e-02 3.473971311298728049e-01
-7.511235630457070711e-02 3.561251834317451515e-01
-7.934356083042794217e-02 3.296023394159638409e-01
-8.159816901127335542e-02 3.160009790265173035e-01
-8.337134206177282403e-02 3.055640199078954455e-01
-8.471563099967537036e-02 2.978040765316540273e-01
-8.579546965471186726e-02 2.916659247752831363e-01
-8.646507133248175492e-02 2.879022784827331427e-01
-8.170666143501327527e-02 3.153558115701478592e-01
-7.996739226693254377e-02 3.258019270613676799e-01
-7.798571033955789544e-02 3.379722840924065386e-01
-7.367822207825852621e-02 3.654090170580660546e-01
-7.508692839275667164e-02 3.562884973622936213e-01
-7.242886401112839934e-02 3.736174573666309895e-01
-7.242886401112839934e-02 3.736174573666309895e-01
-6.898761994562750688e-02 3.968046044034165831e-01
-6.609222838706815817e-02 4.169641211855754648e-01
-6.088628724167247791e-02 4.546775845289007245e-01
-5.645844019778662598e-02 4.881975621957990175e-01
-5.375121518665119252e-02 5.093240019932900875e-01
-4.559224588258433547e-02 5.757446248227754415e-01
-4.056938570224979945e-02 6.185507501923702689e-01
-3.698235494234838883e-02 6.499365423106613360e-01
-3.115766794281093349e-02 7.022156123934774063e-01
-3.038635461778487271e-02 7.092509835857325751e-01
-2.304107849176747699e-02 7.774047558978647299e-01
-1.920315900196747916e-02 8.137401659767844464e-01
-1.846574955936014506e-02 8.207698741226405748e-01
-1.410231989206986621e-02 8.626403074350812439e-01
-9.977912595831618658e-03 9.025736358352409727e-01
-9.404936982955117500e-03 9.081430015351844576e-01
-7.270687584696197345e-03 9.289252798192479954e-01
-3.993877348926145633e-03 9.609220090430448113e-01
1.352764908507242967e-03 9.867592647218821345e-01
7.090997007876938610e-03 9.306774097844262572e-01
1.489058515830528860e-02 8.550443895003443373e-01
1.867934401859813395e-02 8.187321895656198834e-01
2.431586447071164281e-02 7.654374268010920579e-01
3.002697346414635524e-02 7.125374485491819954e-01
3.580080464005571533e-02 6.604146081625783538e-01
3.895895128736022450e-02 6.325610495141131828e-01
4.871987903571198264e-02 5.498100017727406419e-01
5.497684053608822147e-02 4.997012333466747114e-01
5.774339734145640668e-02 4.783363633457118347e-01
6.024719905807946613e-02 4.594349110115535373e-01
6.839091161505790606e-02 4.009109214724834169e-01
6.961823215861585867e-02 3.924923953817259781e-01
7.226782056963942935e-02 3.746836921923667463e-01
7.190843941600091882e-02 3.770697857163590738e-01
7.885195453535639998e-02 3.326171759970518726e-01
7.811793548099092710e-02 3.371513437689339643e-01
7.891806710607290887e-02 3.322107095309337899e-01
7.707878148485691749e-02 3.436373107060850529e-01
7.641087500120798126e-02 3.478474698085131100e-01
6.807899589680561914e-02 4.030674241897783672e-01
6.490559250241267897e-02 4.253959315367534799e-01
6.689405520627106361e-02 4.113222886678407075e-01
6.029296929934474525e-02 4.590932857612963769e-01
5.729756128765013667e-02 4.817456004476685649e-01
5.728569492880358077e-02 4.818365190406250775e-01
5.981492455724067570e-02 4.626683143227131589e-01
6.250689282128767121e-02 4.427379605488913628e-01
6.483439434933335743e-02 4.259049547805232594e-01
6.013531624609766424e-02 4.602705880465381982e-01
5.189497762422585342e-02 5.240787593531353039e-01
4.733660063302787963e-02 5.612097684042571810e-01
3.974043577711190017e-02 6.257456481274046300e-01
2.943704591006049420e-02 7.179436622018686709e-01
2.695358652288867146e-02 7.408534070032317675e-01
2.319195076853081475e-02 7.759856177895400053e-01
2.093903778180634598e-02 7.972515396036869983e-01
1.824028874127560373e-02 8.229220630906568523e-01
7.748732326800259959e-03 9.242656360906764679e-01
1.300044371346120893e-02 8.732792120028227689e-01
1.337508161418815393e-02 8.696593394010688760e-01
1.562121382442887771e-02 8.480157125595970680e-01
2.631110795105378111e-02 7.468184042035443948e-01
3.287320439319856707e-02 6.866587404139526951e-01
3.853684795124705936e-02 6.362551926547685976e-01
4.362582070229811121e-02 5.923378260922518290e-01
4.849950379999025396e-02 5.516185504182408161e-01
3.983706184200527800e-02 6.249051424528322407e-01
3.429716745478513656e-02 6.738446483131796949e-01
3.810457345040827587e-02 6.400476554872327473e-01
3.857244702778672707e-02 6.359432906911048899e-01
3.574994881642762357e-02 6.608671026708659024e-01
3.531428392734697885e-02 6.647484876625662231e-01
3.372758223015050877e-02 6.789593026795723851e-01
4.114575170336817050e-02 6.135693591867581453e-01
3.533293106267727107e-02 6.645821750006914996e-01
3.727562352527037659e-02 6.473462975213019055e-01
3.291558424622197110e-02 6.862760561350730315e-01
2.198836294266597394e-02 7.873270591181085187e-01
1.682310645617278097e-02 8.364796968088428208e-01
1.255969324201774810e-02 8.775412450748001358e-01
1.437694133966156175e-02 8.599925232561137500e-01
1.365309345002172457e-02 8.669748416020880422e-01
1.313266885489424753e-02 8.720013059847300241e-01
5.923008258551762904e-03 9.420739897362647719e-01
9.052336605800347623e-04 9.911394360029763817e-01
-2.347843857496906880e-03 9.770216270970701888e-01
-8.111503868680649057e-03 9.207313019375746865e-01
-9.354081159327025732e-03 9.086375440557893368e-01
-1.478039754044442600e-02 8.561054018323313031e-01
-1.459223099302048472e-02 8.579178788754620033e-01
-1.621114137851474221e-02 8.423492771353805475e-01
-1.780631904631589310e-02 8.270683233572827531e-01
-2.025248416282710712e-02 8.037626547391983900e-01
-2.266305020279865690e-02 7.809637948980899802e-01
-1.907432424877631566e-02 8.149672915004296803e-01
-2.380900142855166268e-02 7.701892529655633979e-01
-2.623821460385351509e-02 7.474961287118152553e-01
-2.776897489505908076e-02 7.333052458328283008e-01
-2.916411965658972927e-02 7.204495707674631877e-01
-3.049145665328292787e-02 7.082908559038869623e-01
-2.963707881633098618e-02 7.161089377033830194e-01
-2.980829342254556411e-02 7.145398253767616392e-01
-3.293084099331040210e-02 6.861383092807634698e-01
-4.109998146210288444e-02 6.139642993235341351e-01
-4.425134733292364342e-02 5.870359476736317639e-01
-4.893008310670809297e-02 5.480876247550783287e-01
-4.487348357530730053e-02 5.817844924401023299e-01
-4.854188365301365798e-02 5.512705279497760458e-01
-4.999127462641426989e-02 5.394329137430009524e-01
-5.106941808732982924e-02 5.307099096637716285e-01
-5.197126135966799454e-02 5.234681538541584578e-01
-5.383258450445614629e-02 5.086821820154596718e-01
-5.036760772126214897e-02 5.363800320811880074e-01
-5.596852909683600052e-02 4.919856879377437764e-01
-5.672289048065269623e-02 4.861592515523684987e-01
-5.790783117118724482e-02 4.770822671185722674e-01
-6.179321609637345586e-02 4.479738844598951664e-01
-6.117447024223167384e-02 4.525413934364694857e-01
-6.570911451573652196e-02 4.196756674734667403e-01
-7.143717545038061334e-02 3.802127408978327461e-01
-7.772465044493369335e-02 3.395968438552576796e-01
-8.019454827913802264e-02 3.244251152684369810e-01
-8.244407087762062325e-02 3.109934056573316896e-01
-9.131671690660171647e-02 2.616033167126469716e-01
-9.403072269422087237e-02 2.476316613794687649e-01
-9.697866527052925734e-02 2.330512892382859969e-01
-1.045595733793568127e-01 1.983548237722491947e-01
-1.057767227581891539e-01 1.931524007106229235e-01
-1.061954357060604370e-01 1.913858549375732354e-01
-1.046256859500733355e-01 1.980696611466546408e-01
-1.083924072867940014e-01 1.823094638295899017e-01
-1.044137866849562946e-01 1.989846940559123201e-01
-9.902476457449949088e-02 2.232926003769048207e-01
-9.248979123828968141e-02 2.554995374004146447e-01
-9.302038699814277334e-02 2.527711678592152733e-01
-9.387646002921565258e-02 2.484116644485969416e-01
-9.321872471029232776e-02 2.517564774634476477e-01
-8.455289236406549058e-02 2.987364911848128246e-01
-7.855020998182971059e-02 3.344763658916627413e-01
-6.783488794339076478e-02 4.047599116928999319e-01
-6.421056291282875583e-02 4.303799927269493786e-01
-5.901648812627964535e-02 4.686735034373447073e-01
-5.674492800422487743e-02 4.859895982514250701e-01
-5.423095512287620656e-02 5.055460064597838699e-01
-5.515483591878653918e-02 4.983117255049513972e-01
-5.338335806240800119e-02 5.122307942724320107e-01
-5.150169258816860579e-02 5.272324950013105305e-01
-4.992685724981868467e-02 5.399563413572543435e-01
-4.684160394971446234e-02 5.653164249665920682e-01
-4.285281218315111634e-02 5.989196151847706595e-01
-4.270702548875059124e-02 6.001645873412291277e-01
-4.236968185868424802e-02 6.030498285655769841e-01
-4.343765415487417514e-02 5.939369447352890186e-01
-4.220355283483247927e-02 6.044729679436864345e-01
-4.434797339781702125e-02 5.862189023859516457e-01
-4.420896747990023246e-02 5.873944655130596271e-01
-4.979802249662752811e-02 5.410039509330446528e-01
-5.429028691710897914e-02 5.050797803607423031e-01
-5.591597807908697815e-02 4.923929518475135270e-01
-6.154402256059580967e-02 4.498102756673287850e-01
-6.098969408304961287e-02 4.539104225835980388e-01
-6.262725160387415391e-02 4.418583694408144691e-01
-6.516834759115781861e-02 4.235204397842653457e-01
-6.722122767161178847e-02 4.090331783584896241e-01
-7.233562833447688967e-02 3.742345244201344956e-01
-7.856885711716000975e-02 3.343612802465691924e-01
-8.171683259973890057e-02 3.152953710745813876e-01
-7.852478207001567512e-02 3.346333415956468382e-01
-7.325103315978254148e-02 3.682030736211845401e-01
-7.036072718358599154e-02 3.874513380732257373e-01
-5.966913786284015059e-02 4.637616221484697210e-01
-5.397159042237292814e-02 5.075867113088643467e-01
-4.408860869731374976e-02 5.884132028338538989e-01
-3.719594940158637425e-02 6.480495891011647247e-01
-3.618561370550827522e-02 6.569947261468409572e-01
-3.176115704986429145e-02 6.967285393712341346e-01
-3.150348754348195751e-02 6.990694331065188116e-01
-3.007613409365351639e-02 7.120875712021533799e-01
-2.833856011969370856e-02 7.280475720126751149e-01
-2.707733569371703272e-02 7.397062327851904318e-01
-2.570931403812136418e-02 7.524193309313196298e-01
-2.618057800374167660e-02 7.480321407721162164e-01
-2.629924159220722521e-02 7.469287182568025152e-01
-3.095933023066137213e-02 7.040223250978450142e-01
-3.580758541653946553e-02 6.603542848437142787e-01
-3.387336892455104082e-02 6.776487888671498538e-01
-2.429043655889759692e-02 7.656756062777597682e-01
-1.707738557431323981e-02 8.340434416092250558e-01
-9.959265460501319500e-03 9.027548141734715870e-01
-9.667692071700258877e-03 9.055884308274497752e-01
-8.414943616328262113e-03 9.177762002233976757e-01
-8.964186511511654937e-03 9.124301875169067433e-01
-4.943186056650526738e-03 9.516437073698643667e-01
6.421395330107063093e-03 9.372094361467275814e-01
1.180363666408011658e-02 8.848603959004621711e-01
1.526352786491129779e-02 8.514552066712262057e-01
2.606869519175987471e-02 7.490729788608889717e-01
2.813174643693946639e-02 7.299551585943229171e-01
3.914542264066322302e-02 6.309319776560956550e-01
4.626693314271702190e-02 5.701019443868802217e-01
4.933184411337002140e-02 5.448030240724780482e-01
5.439199856436516267e-02 5.042810577060451438e-01
6.180338726109907421e-02 4.478990194025382898e-01
6.043706079962433975e-02 4.580187194535180195e-01
6.251367359777142141e-02 4.426883797854677116e-01
6.557858456842442785e-02 4.206018514156515398e-01
6.405290985958166095e-02 4.315151747207153221e-01
5.951826558607681283e-02 4.648945670031132682e-01
5.693309455164881350e-02 4.845423120249185978e-01
5.757218273524183222e-02 4.796440679818070318e-01
5.553964498423909907e-02 4.953147097149983580e-01
4.289180164793265221e-02 5.985868540785692637e-01
4.389874695576887614e-02 5.900218657855207383e-01
4.477516231629299209e-02 5.826129749396309343e-01
4.780786459864819898e-02 5.573133342694438497e-01
4.864359530026984152e-02 5.504357103433408227e-01
5.703141581066312887e-02 4.837869933114027354e-01
5.456490836470066774e-02 5.029247444438289527e-01
5.474290374739898546e-02 5.015305358187526208e-01
5.605159360876189184e-02 4.913423133241782148e-01
5.764677127656303579e-02 4.790741376364919812e-01
5.909446705584271708e-02 4.680851340114390302e-01
6.359181705868696688e-02 4.348451215392559188e-01
6.728903543644924878e-02 4.085596920998343373e-01
6.529548715022803762e-02 4.226146662959463507e-01
6.172371313741505799e-02 4.484856506938855736e-01
6.382744904149711962e-02 4.331415890506954414e-01
6.547517772704730676e-02 4.213364243524188035e-01
6.418683019513564403e-02 4.305507705331764745e-01
6.479031930218900892e-02 4.262202406677623179e-01
6.430718897772214060e-02 4.296850850889285534e-01
5.931823267980632086e-02 4.663990204452233002e-01
6.026584619340976529e-02 4.592957133421701199e-01
5.455473719997504939e-02 5.030044747095535618e-01
5.454456603524943797e-02 5.030842115871607678e-01
5.143727521157302751e-02 5.277499672763630301e-01
4.678566254372355793e-02 5.657814311167754795e-01
4.719589952099016023e-02 5.623756166439994875e-01
4.980988885547408401e-02 5.409074185563587100e-01
4.780277901628540022e-02 5.573553124161003680e-01
4.432593587424484699e-02 5.864052000798489761e-01
4.225101827021870288e-02 6.040662044476299286e-01
3.967262801227444680e-02 6.263357644089935228e-01
3.702642998949273734e-02 6.495469884604683219e-01
3.336311549414918559e-02 6.822397865320981580e-01
2.827414274309812334e-02 7.286415601380495932e-01
2.016772445678028866e-02 8.045674416670183238e-01
1.713163178618320320e-02 8.335239104070009120e-01
1.294450230747030972e-02 8.738199632977057263e-01
8.323403133797698666e-03 9.186675668430857034e-01
4.022695648982064012e-03 9.606402628632293439e-01
2.264779345571023370e-03 9.778343694838674827e-01
2.288512063264132518e-04 9.977599271055783703e-01
-2.707225011135422181e-03 9.735055550751996467e-01
-1.286313298966536289e-02 8.746066147450485273e-01
-1.976426825599742615e-02 8.084010250510073048e-01
-2.170017994210678841e-02 7.900493535728559946e-01
-2.992356662276923415e-02 7.134840654024556805e-01
-3.779265773215598201e-02 6.427899791856637179e-01
-4.315794712491966695e-02 5.963176192489054728e-01
-4.712978695027363746e-02 5.629238244349206166e-01
-5.130674526426091953e-02 5.287993149165250983e-01
-5.037947408010871875e-02 5.362839102148275749e-01
-4.575159412995236097e-02 5.744095785662056697e-01
-4.005913227184794423e-02 6.229752849026013450e-01
-3.886741080482965932e-02 6.333614227477322167e-01
-3.341566651189820797e-02 6.817664178049093193e-01
-3.128480750188116638e-02 7.010583380957170485e-01
-3.006087734656508539e-02 7.122271777016297989e-01
-3.365807927119211784e-02 6.795844212223594027e-01
-2.868437972036473257e-02 7.248615653623388111e-01
-2.588222383845687619e-02 7.508087142170640771e-01
-2.504140755447241753e-02 7.586507037411748255e-01
-2.321907387446579471e-02 7.757305701922316832e-01
-2.377340235201199845e-02 7.705233168062723959e-01
-2.731805325888999811e-02 7.374763867570344189e-01
-2.602970572697833884e-02 7.494358016293205527e-01
-2.781135474808249172e-02 7.329136195805344700e-01
-2.812327046633478558e-02 7.300333737641264698e-01
-2.987949157562489258e-02 7.138876743197575259e-01
-3.200356980915819438e-02 6.945288578315954586e-01
-3.672129504772417979e-02 6.522458393887367034e-01
-3.640259855298813574e-02 6.550694599621142977e-01
-3.407001144257965769e-02 6.758826484191220452e-01
-3.406662105433778953e-02 6.759130841943328249e-01
-3.096441581302418478e-02 7.039759784140114940e-01
-3.055756922399945064e-02 7.076871395929023034e-01
-3.619239448199202541e-02 6.569345273633450111e-01
-3.801981374436146088e-02 6.407923726462361191e-01
-3.759092963176454555e-02 6.445661200497371235e-01
-3.509390869162524323e-02 6.667152366252860896e-01
-3.517188762118832190e-02 6.660190499084938098e-01
-3.892674259906243189e-02 6.328426138019529468e-01
-3.537022533333787633e-02 6.642495987234555699e-01
-2.490579202479751078e-02 7.599178695422973417e-01
-2.153405091825502313e-02 7.916198319719892629e-01
-1.257325479498523808e-02 8.774100525291624875e-01
-3.946411913539926361e-03 9.613860720913606217e-01
7.619897573609093859e-03 9.255211800470000139e-01
1.146120745165096419e-02 8.881785890236097991e-01
1.433964706900096170e-02 8.603520081313307255e-01
1.387685907398532661e-02 8.648152495114572735e-01
1.077465383267172359e-02 8.948371922022024805e-01
1.157817584599557569e-03 9.886672529975788493e-01
-4.829608050547788169e-03 9.527534727466488995e-01
-1.040849190254946287e-02 8.983914793932141762e-01
-1.541948572403744472e-02 8.499551740719897275e-01
-1.412944299800484964e-02 8.623787293827753775e-01
-1.975409709127180780e-02 8.084977292972339580e-01
-1.872511425986341654e-02 8.182957000361218425e-01
-2.148489028874786544e-02 7.920847262766625985e-01
-2.200870527211721064e-02 7.871349939110364735e-01
-2.723159835872224210e-02 7.382769963462647578e-01
-2.979812225781994575e-02 7.146330066757662358e-01
-2.917259562719441354e-02 7.203717026139425661e-01
-3.114410638984344351e-02 7.023390953949664173e-01
-3.536005416861225797e-02 6.643402948567453947e-01
-3.475995544980076818e-02 6.696999411732551533e-01
-3.337328665887479701e-02 6.821481571103873431e-01
-3.410730571324025601e-02 6.755478895141404649e-01
-3.726714755466569579e-02 6.474211009734236466e-01
-4.056430011988699375e-02 6.185947814236325559e-01
-3.569061702219484405e-02 6.613951680659726495e-01
-3.965228568282320315e-02 6.265128455138139207e-01
-3.363095616525713788e-02 6.798284291269733881e-01
-2.200022930151252637e-02 7.872150195235174674e-01
-1.696719795645237200e-02 8.350989599844497180e-01
-1.270208954817640332e-02 8.761638901059671802e-01
-1.396161878003214507e-02 8.639974822669416188e-01
-1.523979514721818772e-02 8.516835192928314813e-01
-1.641795506126898438e-02 8.403646643480813250e-01
-1.619249424318444305e-02 8.425282665636384394e-01
-4.919453338957417536e-03 9.518755910409402166e-01
7.865700721144870157e-04 9.923008947734346386e-01
9.738890224779587351e-03 9.048963899653665877e-01
9.099802041186565160e-03 9.111107787623942134e-01
9.633788189281532188e-03 9.059179990764603119e-01
1.463969642840670313e-02 8.574606071320922673e-01
1.467699069906730491e-02 8.571013554024866643e-01
1.617554230197507797e-02 8.426909912157635185e-01
1.566359367745228520e-02 8.476083780352610120e-01
2.248844520834221081e-02 7.826091958047670660e-01
2.684170371090686957e-02 7.418910695041658343e-01
2.496342862490934233e-02 7.593792459042436604e-01
2.718243772921508788e-02 7.387323703549586451e-01
2.324789217452171569e-02 7.754596083567339981e-01
2.493121993661155320e-02 7.596802272407163770e-01
2.762318820065855218e-02 7.346529644450847663e-01
2.629585120396535358e-02 7.469602375006574313e-01
2.469728314792233453e-02 7.618673809431553146e-01
2.930990635099026478e-02 7.191106390656417657e-01
2.209855056052683828e-02 7.862868593914762450e-01
2.005075606243567760e-02 8.056783842583770117e-01
2.061356051058655867e-02 8.003365791453818101e-01
2.181375794820952438e-02 7.889761444066055729e-01
2.442944247681438225e-02 7.643738268103215105e-01
2.658233901040360156e-02 7.442983444083604017e-01
2.486680256001597492e-02 7.602822979798140590e-01
2.333943265705227740e-02 7.745990857122624362e-01
2.453963009467524659e-02 7.633423964424375097e-01
2.581611126774035342e-02 7.514244117482091756e-01
2.759097951236075957e-02 7.349508255473640173e-01
2.808767138979512135e-02 7.303619078290071176e-01
3.225106815081490996e-02 6.922856537176830249e-01
3.294948812864070126e-02 6.859699660330889071e-01
3.711966566614423313e-02 6.487232448653130756e-01
3.863855959850324290e-02 6.353642137610968632e-01
3.875552799284785743e-02 6.343402338625215853e-01
4.033714410768150793e-02 6.205628904709512561e-01
4.320710775442682117e-02 5.958988860733178683e-01
4.458530057474811847e-02 5.842143439942439898e-01
4.580075475945950825e-02 5.739979956057741362e-01
4.733660063302787963e-02 5.612097684042571810e-01
5.518026383060058160e-02 4.981133906061734340e-01
6.117277504811072936e-02 4.525539428313393175e-01
6.896558242205533262e-02 3.969558098821365233e-01
7.227460134612319342e-02 3.746387605729075698e-01
8.062173719761399349e-02 3.218460613947592419e-01
9.013516660430904992e-02 2.678513104110434861e-01
9.357132508744711585e-02 2.499595351179363656e-01
1.044120914908353570e-01 1.989920266313529307e-01
1.036746820482280229e-01 2.022002644432982776e-01
1.003554919594345507e-01 2.171032492088601495e-01
9.652604844023923714e-02 2.352498512650038065e-01
8.987919229204764660e-02 2.692181627472051142e-01
8.281870877834755784e-02 3.087922752557763495e-01
7.665837334286469684e-02 3.462835880628527541e-01
7.171010170385136440e-02 3.783906025215965085e-01
6.566164908035031222e-02 4.200123242237061572e-01
6.544466423287045864e-02 4.215533258787307336e-01
6.164912459609386136e-02 4.490352286464431852e-01
5.528197547785675819e-02 4.973204669876418738e-01
4.732303908006038617e-02 5.613220888841703449e-01
4.033036333119776468e-02 6.206216814490193023e-01
4.237307224692612312e-02 6.030208004510302366e-01
4.413268374445809827e-02 5.880400503201949070e-01
4.710266384433866443e-02 5.631488040166151565e-01
5.349015529202700431e-02 5.113860053448060494e-01
5.881984560825101460e-02 4.701590154242751840e-01
6.356808434099386895e-02 4.350169123691404183e-01
7.156431500945083235e-02 3.793632554343371321e-01
8.615993639071319043e-02 2.896133168716818473e-01
9.471558111907918409e-02 2.441892933891029738e-01
1.058784344054453375e-01 1.927221937312854350e-01
1.085958305813063823e-01 1.814853220907636511e-01
1.126270022008931115e-01 1.657136896168085183e-01
1.167293719735591900e-01 1.507353694493228369e-01
1.189670282131952417e-01 1.430082756163114643e-01
1.196891809087141378e-01 1.405798752858261058e-01
1.184143949297699755e-01 1.448880543814942412e-01
1.182991217295462916e-01 1.452825071174121407e-01
1.154461100240103538e-01 1.553066486577408256e-01
1.166310507145448955e-01 1.510819802366535347e-01
1.129626506368385241e-01 1.644480440675313571e-01
1.122032036706590297e-01 1.673220727868975355e-01
1.063276608474934826e-01 1.908304509526586035e-01
1.000605281823916393e-01 2.184645034313019707e-01
9.294410326270065303e-02 2.531621835521882802e-01
8.683123326260400177e-02 2.858579601287620231e-01
7.761276763295189840e-02 3.402945988412744427e-01
7.331375534225718915e-02 3.677920125016451713e-01
6.698051010643882308e-02 4.107166636113990243e-01
5.655337106855905932e-02 4.874653363771325187e-01
4.604316751875341118e-02 5.719704908696443546e-01
4.009981693075041764e-02 6.226220004070516234e-01
3.778079137330942611e-02 6.428944022443028317e-01
3.506848077981119388e-02 6.669423155219790234e-01
3.290202269325448459e-02 6.863985064459566798e-01
3.527190407432356095e-02 6.651265317404364552e-01
3.761635754357859490e-02 6.443421258132960849e-01
4.094402360297674098e-02 6.153108534618509928e-01
4.896568218324775373e-02 5.477961934613824191e-01
4.890126480665216852e-02 5.483236008668928019e-01
5.618042836195304840e-02 4.903453117609705147e-01
6.451569785459730644e-02 4.281877482534702795e-01
7.126087526180321929e-02 3.813926073328128830e-01
7.584128977657335346e-02 3.514633994894239555e-01
8.047086492085064879e-02 3.227554002024198843e-01
8.297297144335276375e-02 3.078888986837088892e-01
8.121675033406265676e-02 3.182759505869275918e-01
8.134728028137476474e-02 3.174962122292952493e-01
8.128116771065824198e-02 3.178909895643851069e-01
7.585654652366179140e-02 3.513662380131374885e-01
7.656344247209226350e-02 3.468829082193702895e-01
7.303404831230268790e-02 3.696273056826188119e-01
7.418678031453943000e-02 3.620998980466145767e-01
7.320017733615447053e-02 3.685365741899676584e-01
7.411388696733915704e-02 3.625730605111153748e-01
7.004203068884995442e-02 3.896102743248381906e-01
7.192878174545215553e-02 3.769344766519329148e-01
7.341207660127151147e-02 3.671482160917185489e-01
7.492927533950959063e-02 3.573020866580886024e-01
7.444105943267989578e-02 3.604523317086051337e-01
7.108627026734676280e-02 3.825633189494785924e-01
6.750093470156628972e-02 4.070821314865191720e-01
6.273913441585596273e-02 4.410416103232350782e-01
5.467509598256153902e-02 5.020614238912520788e-01
4.972343395530632454e-02 5.416109209318085149e-01
4.723997456813450180e-02 5.620102866463814184e-01
4.411573180324872973e-02 5.881835577000624760e-01
3.876400396345253130e-02 6.342660593076693276e-01
3.895895128736022450e-02 6.325610495141131828e-01
4.559394107670527302e-02 5.757304145714905452e-01
4.720268029747391042e-02 5.623194046394770496e-01
4.586008655369228776e-02 5.735014418040804696e-01
4.255615321198725348e-02 6.014542075975738422e-01
4.113219015040067705e-02 6.136863669192997861e-01
4.466497469843212775e-02 5.835420939590456602e-01
5.028454320933627847e-02 5.370531253770209901e-01
5.926907205029916664e-02 4.667691681403285386e-01
6.609561877531003327e-02 4.169401709497694286e-01
7.853325804062034898e-02 3.345810111388236585e-01
8.867899485442466700e-02 2.756901294757351240e-01
9.638195693995964264e-02 2.359528083722542691e-01
1.062632434708978973e-01 1.911008854750713970e-01
1.076889017266054044e-01 1.851808017662374684e-01
1.074515745496743141e-01 1.861568777201101643e-01
9.933498509863085413e-02 2.218386808845677349e-01
9.482407354281910394e-02 2.436470352755244206e-01
9.169474519557051229e-02 2.596255469898637314e-01
9.079629231147423596e-02 2.643429036895670325e-01
9.202191766091123715e-02 2.579221395773189651e-01
8.996734238633632974e-02 2.687469245821144104e-01
8.832130889490709402e-02 2.776390808610468830e-01
8.911296454938438805e-02 2.733379599308914942e-01
8.867221407794093069e-02 2.757269902749168167e-01
8.554797131305515168e-02 2.930652940054651046e-01
7.578873875882431721e-02 3.517981957661030501e-01
6.265606990393007836e-02 4.416479101694488207e-01
5.456151797645879958e-02 5.029513204643742963e-01
4.832659399965473501e-02 5.530395887607628680e-01
4.756545183935429605e-02 5.593159858735037293e-01
4.674328269070014003e-02 5.661338295258040443e-01
4.172889848097029175e-02 6.085472766747427320e-01
3.479724972046136650e-02 6.693663665662878959e-01
2.622465305088602511e-02 7.476222383331891930e-01
1.751644085163576656e-02 8.298405643055402070e-01
8.984528840962891644e-03 9.122322608779718234e-01
-5.204245951274730350e-04 9.949059359436285277e-01
-3.966754242991163068e-03 9.611871863327048349e-01
-1.071193165019707766e-02 8.954458820974084965e-01
-1.300383410170308229e-02 8.732464410780966801e-01
-1.723503862756032429e-02 8.325337535530352717e-01
-1.433286629251721671e-02 8.604173720981592721e-01
-1.538388664749778048e-02 8.502975256630591616e-01
-1.818265214116376871e-02 8.234724591461561882e-01
-1.751813604575670064e-02 8.298243462368244394e-01
-1.824537432363841291e-02 8.228735028693890952e-01
-2.170865591271147269e-02 7.899692496953945042e-01
-1.965577583225749589e-02 8.094326861190102029e-01
-1.072379800904363183e-02 8.953307198645699128e-01
-6.345111594664924574e-03 9.379538648100108622e-01
-7.494453208659800254e-03 9.267438598900463731e-01
-1.093400208003974562e-02 8.932910673340269669e-01
-2.028808323936677135e-02 8.034247055823765526e-01
-2.224264206080643277e-02 7.849271681022078617e-01
-1.617554230197507797e-02 8.426909912157635185e-01
-1.481260622874221687e-02 8.557952330436506827e-01
-1.504823821155237308e-02 8.535267772709321799e-01
-1.492787942896589212e-02 8.546853363010916693e-01
-1.630098666692436984e-02 8.414869867130727599e-01
-1.648237243786456266e-02 8.397467107765029803e-01
-2.012364940963594015e-02 8.049860119724890906e-01
-1.938623996702860952e-02 8.119971350120188669e-01
-2.165610489496244337e-02 7.904659291229223506e-01
-2.834703609029839283e-02 7.279694277092310095e-01
-3.199339864443257603e-02 6.946211011476506325e-01
-3.301899108759909218e-02 6.853426408106549905e-01
-3.419715100164989058e-02 6.747416858062591505e-01
-3.946411913539926708e-02 6.281518552208738004e-01
-4.059481361406384187e-02 6.183306143756011064e-01
-4.407674233846719386e-02 5.885136854738017842e-01
-4.371905637894961394e-02 5.915461952486871233e-01
-4.745865460973530681e-02 5.601993688594152365e-01
-5.244761090765111267e-02 5.196634525060850329e-01
-5.976576392773352842e-02 4.630368287616858369e-01
-6.136941756613936011e-02 4.510995118607104004e-01
-6.183390075527592233e-02 4.476744664644509708e-01
-7.182876529231690954e-02 3.776000316633452147e-01
-7.447665850921957043e-02 3.602220447064710118e-01
-8.066581224475834200e-02 3.215807246530087982e-01
-8.291703003736186628e-02 3.082162964855099663e-01
-8.496482453545303737e-02 2.963800514164352529e-01
-9.471897150732104531e-02 2.441723351337590497e-01
-9.576151589169694389e-02 2.389964591475812472e-01
-1.022269862689483277e-01 2.086069574351464284e-01
-1.043137702318210347e-01 1.994176505965420121e-01
-1.062734146356235088e-01 1.910581667338391021e-01
-1.057377332934076181e-01 1.933174984320067402e-01
-1.061005048352880037e-01 1.917853320198903977e-01
-1.069396259251515074e-01 1.882752220052532066e-01
-1.029287966350160149e-01 2.054831781020917958e-01
-1.019388032683891526e-01 2.098994877712384299e-01
-9.217787552003738061e-02 2.571128593271583274e-01
-8.543947888931523182e-02 2.936801203197257348e-01
-8.332218143226566287e-02 3.058502947280721251e-01
-8.076243830965171289e-02 3.209995198272607153e-01
-8.287465018433845532e-02 3.084644768618668986e-01
-8.263732300740736503e-02 3.098567043750619088e-01
-7.779754379213395243e-02 3.391427349327550411e-01
-7.383248474326373212e-02 3.644032815670227299e-01
-6.964196487630895660e-02 3.923306591258627352e-01
-6.544296903874950722e-02 4.215653778643679850e-01
-6.797219866718662296e-02 4.038073703199723807e-01
-6.509036866159474688e-02 4.240765368538461644e-01
-5.849436833703122729e-02 4.726234418818046068e-01
-4.890635038901498810e-02 5.482819544135690837e-01
-4.062024152587789122e-02 6.181105124698672570e-01
-3.192050529723231000e-02 6.952823091939002165e-01
-2.489731605419282998e-02 7.599970886303835105e-01
-1.783852773461368224e-02 8.267604275820010784e-01
-1.288178012499566205e-02 8.744263295892626964e-01
-6.445128047800173163e-03 9.369778471695848765e-01
-4.787228197524378073e-03 9.531675876569998263e-01
-5.424621186996462065e-04 9.946902294793288357e-01
3.522613383305828010e-03 9.655300480643688177e-01
7.524966702836656182e-03 9.264464354054685602e-01
8.321707939676761118e-03 9.186840745901960759e-01
7.228307731672786382e-03 9.293384875951997692e-01
5.007603433246109355e-03 9.510143293223003447e-01
4.400723937950879773e-03 9.569448795540798081e-01
1.151036808115811928e-03 9.887336190245191725e-01
2.797070299545051115e-03 9.726266140666885995e-01
-2.178324445403266932e-03 9.786803092128723014e-01
-3.251382323956005394e-03 9.681826834694705619e-01
-7.811454509274906761e-03 9.236544518297096218e-01
-1.152223444000467258e-02 8.875870840861299627e-01
-1.751813604575670064e-02 8.298243462368244394e-01
-1.800804714670731915e-02 8.251403591257140402e-01
-2.749096305922551012e-02 7.358760140704871944e-01
-3.567705546922736448e-02 6.615158921635686529e-01
-4.369023807889369643e-02 5.917908297595055878e-01
-4.844864797636215525e-02 5.520363184187069283e-01
-5.054560310396048056e-02 5.349391059272008420e-01
-5.264764381392161158e-02 5.180699705838192060e-01
-5.584817031424951089e-02 4.929187180159279036e-01
-6.211530297935137501e-02 4.456065777216262624e-01
-6.235602054452434040e-02 4.438419453695539030e-01
-6.269505936871161422e-02 4.413632616254075103e-01
-6.122193567761789051e-02 4.521900894112382829e-01
-5.910633341468926605e-02 4.679956350541452093e-01
-5.292904603799705038e-02 5.158325353201274055e-01
-5.047779533912302025e-02 5.354878022132676385e-01
-4.905891785989926340e-02 5.470332806562379080e-01
-4.044563653142144166e-02 6.196225614067738530e-01
-3.590082109319096826e-02 6.595250609387783847e-01
-2.960656532215413111e-02 7.163887063684655221e-01
-2.498377095436058598e-02 7.591891710147946615e-01
-2.469050237143859128e-02 7.619308048887841744e-01
-2.753164771812798700e-02 7.354996203509904795e-01
-2.420228646460890337e-02 7.665014648126790009e-01
-2.707225011135422008e-02 7.397533656565029592e-01
-3.080337237153522867e-02 7.054441511067062187e-01
-3.221546907427524226e-02 6.926081424258895280e-01
-2.277154262653859063e-02 7.799418982167078962e-01
-2.063729322827966700e-02 8.001115234563389578e-01
