1.263835024922919659e-01 1.195402343888563867e-01
1.354544862334225996e-01 9.502972541487599012e-02
1.394297164470184591e-01 8.563012990471761954e-02
1.385244827864384187e-01 8.770235401724568725e-02
1.408875833910237518e-01 8.237537758440495461e-02
1.430523462834595305e-01 7.772642344713760754e-02
1.433117109839627812e-01 7.718390382256538895e-02
1.389160726283747427e-01 8.680108001061850875e-02
1.358765895695357717e-01 9.399438362010373305e-02
1.327676035517384168e-01 1.018337576851010978e-01
1.305824983298514153e-01 1.076454458986117052e-01
1.247103458949277432e-01 1.245545892541252836e-01
1.192263929136984923e-01 1.421324624377723334e-01
1.142696453040804860e-01 1.595883312781001540e-01
1.108606099268773931e-01 1.724940805004320232e-01
1.083652841808590284e-01 1.824195566629587262e-01
1.028338657642435677e-01 2.059037387413584497e-01
9.613954418066573970e-02 2.371387470937136310e-01
9.032672353997485415e-02 2.668315280735947259e-01
8.360188846222017800e-02 3.042238376547943268e-01
7.937068393636292907e-02 3.294365152964540133e-01
7.205761649864331209e-02 3.760782078593325473e-01
6.234245899155684695e-02 4.439412561368869525e-01
6.417665903041001874e-02 4.306239729383889436e-01
5.845029328988689266e-02 4.729577067851573613e-01
5.290361812618300102e-02 5.160345090211947428e-01
4.058464244933822351e-02 6.184186646338853954e-01
3.565501794565519023e-02 6.617120874075750336e-01
3.420054138989175874e-02 6.747112702530729811e-01
2.856571613189918396e-02 7.259542747242563321e-01
2.489392566595095488e-02 7.600287769635597490e-01
2.210533133701058500e-02 7.862228594133836568e-01
1.552797814777737324e-02 8.489119898407708753e-01
1.091535494470944646e-02 8.934719762138160215e-01
8.514960069463509834e-03 9.168024166531764108e-01
1.093400208003974519e-03 9.892977333237473747e-01
-2.576695063823319833e-03 9.747825635806554034e-01
-4.583804903012010136e-03 9.551555115424810172e-01
-9.874505754454499309e-03 9.035784151292143296e-01
-7.477501267450436043e-03 9.269091000967819571e-01
-1.028982831408391599e-02 8.995437683106711768e-01
-1.070854126195520603e-02 8.954787859932747951e-01
-1.673156597364221232e-02 8.373571302194725563e-01
-1.738421571020272796e-02 8.311057942854640501e-01
-2.468711198319671271e-02 7.619625174553006364e-01
-3.008969564662099944e-02 7.119634845558872049e-01
-3.758584404940173984e-02 6.446109227314944512e-01
-3.508373752689962488e-02 6.668060645575879519e-01
-3.630258209985288975e-02 6.559566062878107173e-01
-4.320880294854775872e-02 5.958844493654100738e-01
-4.899280528918273370e-02 5.475742014894828813e-01
-5.330876952108679762e-02 5.128212326586230052e-01
-6.046926948792212542e-02 4.577787134679218717e-01
-6.888929868661321232e-02 3.974794791422966433e-01
-7.802130941609755621e-02 3.377511367528528430e-01
-7.971311314879207799e-02 3.273475892420101285e-01
-8.615993639071319043e-02 2.896133168716818473e-01
-9.025213499865364364e-02 2.672282966830120676e-01
-9.799069616072829392e-02 2.281877033781723740e-01
-1.029203206644113272e-01 2.055207030123575029e-01
-1.079499616212296065e-01 1.841114530899571888e-01
-1.123286480356083111e-01 1.668447862913806645e-01
-1.142967684100154729e-01 1.594886328005414577e-01
-1.166700401793264313e-01 1.509444592611014491e-01
-1.152087828470792497e-01 1.561633617742753388e-01
-1.163564292669531791e-01 1.520532848826784966e-01
-1.163784667905253534e-01 1.519751674106491757e-01
-1.189738089896789780e-01 1.429853264668065060e-01
-1.136915841088411983e-01 1.617242663746208398e-01
-1.081381281686535634e-01 1.833435007206005440e-01
-1.023795537398326100e-01 2.079249932861555739e-01
-1.018642147270679699e-01 2.102349580863718537e-01
-1.014370258085919713e-01 2.121636899065544590e-01
-1.007352154425242979e-01 2.153597384995580566e-01
-1.025812818402240395e-01 2.070257445257237261e-01
-9.894848083905735669e-02 2.236511530979825579e-01
-9.820259542584534873e-02 2.271784940457563795e-01
-9.571405045631072028e-02 2.392304307395187735e-01
-9.602766136868394475e-02 2.376875075818269956e-01
-9.267456739747176320e-02 2.545471118995833448e-01
-9.090139434697228071e-02 2.637880600166014888e-01
-9.273559438582545944e-02 2.542330871867447550e-01
-9.445452122445496812e-02 2.454975385536651844e-01
-9.526312882014162375e-02 2.414611398595736258e-01
-1.038814957309822651e-01 2.012967405481287664e-01
-1.061394943000695257e-01 1.916211876642327505e-01
-1.062496819179303970e-01 1.911578546213777707e-01
-1.102723775669124662e-01 1.747970283361404975e-01
-1.102978054787265155e-01 1.746970097447989034e-01
-1.084195303927290022e-01 1.821994197850108910e-01
-1.133169462081142220e-01 1.631199193807040260e-01
-1.165479862026189972e-01 1.513752748532401771e-01
-1.183771006591093772e-01 1.450155824543960803e-01
-1.212826633823943512e-01 1.353326431484327408e-01
-1.201858727861485204e-01 1.389279470506445402e-01
-1.178295529580469236e-01 1.468977393839920320e-01
-1.169378808504343698e-01 1.500023016077856042e-01
-1.151630126058139497e-01 1.563289925046728035e-01
-1.098417982601946341e-01 1.764971070956900812e-01
-1.053800473338900312e-01 1.948368815376274044e-01
-1.004419468596023240e-01 2.167054080970688967e-01
-9.867555458558659176e-02 2.249373129155551876e-01
-9.367134154058234796e-02 2.494514443786262359e-01
-9.378661474080604576e-02 2.488667352217433792e-01
-9.035554184003077860e-02 2.666783386109556342e-01
-8.167784313495735082e-02 3.155271005596755329e-01
-7.495131286308173713e-02 3.571602941566589529e-01
-7.144395622686434966e-02 3.801674058122133104e-01
-6.817901234994085125e-02 4.023751886217168394e-01
-6.428176106590807737e-02 4.298678929280023153e-01
-6.058454268814580934e-02 4.569203175079323831e-01
-5.425638303469024204e-02 5.053461678091771825e-01
-5.155424360591762817e-02 5.268105364716619832e-01
-5.100500071073424402e-02 5.312290975405626892e-01
-4.839101137625032023e-02 5.525099746927115696e-01
-4.647205163135032652e-02 5.683916454565165477e-01
-4.725523131522293280e-02 5.618838527202467681e-01
-4.791127144002532007e-02 5.564601093480388005e-01
-4.503283182267532603e-02 5.804429383688554100e-01
-4.692466846164033978e-02 5.646262969399469256e-01
-4.527863497021109712e-02 5.783763382026960720e-01
-4.277652844770897522e-02 5.995709095397842026e-01
-3.875213760460598234e-02 6.343699047025864735e-01
-3.197814189734414503e-02 6.947594745161260743e-01
-2.563981107916296978e-02 7.530670369441744283e-01
-1.817248097643815036e-02 8.235695967944240969e-01
-1.334795850825317050e-02 8.699213217779637741e-01
-7.450378161515454345e-03 9.271734909165070260e-01
2.878439617349997943e-03 9.718306203927513653e-01
1.250375183602684889e-02 8.780824494871275476e-01
2.521601254892886709e-02 7.570201727749417131e-01
3.253077518076941121e-02 6.897537394080648365e-01
4.055921453752418110e-02 6.186388140105638644e-01
4.974547147887850573e-02 5.414315538655586346e-01
5.072868406902161093e-02 5.334590294853742698e-01
5.416992813452248950e-02 5.060257872385005573e-01
5.763660011183741744e-02 4.791518338506858266e-01
7.179655660401912387e-02 3.778145154722782895e-01
8.286617421373378145e-02 3.085141286343551781e-01
8.069971612717707909e-02 3.213767157159528876e-01
7.531238921084119908e-02 3.548420772365141751e-01
7.514456499286849278e-02 3.559183862083237226e-01
6.869604655682645666e-02 3.988079522577748781e-01
6.055233399984801673e-02 4.571600732653509080e-01
5.317315399141189086e-02 5.138956558248932716e-01
4.403775287368566493e-02 5.888438979557206743e-01
3.657889874156552285e-02 6.535068503542527107e-01
3.037448825893831680e-02 7.093594138607228761e-01
2.291902451506005675e-02 7.785533611769528406e-01
2.133062762374265259e-02 7.935440070707370230e-01
1.876918930700776159e-02 8.178754294807593084e-01
1.286313298966536289e-02 8.746066147450485273e-01
1.503976224094769401e-02 8.536083557285714107e-01
1.340729030248594481e-02 8.693482537262868792e-01
9.126925147121548593e-03 9.108469260100178211e-01
6.953686284081090838e-03 9.320165262440422982e-01
4.249851661187541152e-03 9.584196131947289032e-01
7.413083890854853426e-03 9.275370412869829995e-01
3.241211159230386173e-03 9.682821642593619771e-01
2.417346816455299106e-03 9.763415954577470135e-01
6.950295895839218342e-04 9.931968884170070400e-01
-6.509545424395754912e-04 9.936282958622633110e-01
-1.940997268472171655e-03 9.810026159106541854e-01
2.071527215784274220e-03 9.797253262554113107e-01
4.460055732183654080e-03 9.563649678128942622e-01
6.885878519243635726e-03 9.326778888336669793e-01
7.723304414986213208e-03 9.245134261237684115e-01
1.057462092640122989e-02 8.967786317033766830e-01
1.586532177784371819e-02 8.456700199289038933e-01
1.989140781506765557e-02 8.071924669171389732e-01
1.669088131473974237e-02 8.377471649864745018e-01
1.489736593478903706e-02 8.549791048879730182e-01
1.605857390763046691e-02 8.438139722097357520e-01
1.505671418215705736e-02 8.534452003640047302e-01
1.706212882722481228e-02 8.341895726945993683e-01
1.385821193865502746e-02 8.649951775734197046e-01
6.579048383354146705e-03 9.356711231442099708e-01
6.214581647352822660e-03 9.392277891544458246e-01
-5.238149833693459640e-04 9.948727503093528490e-01
-2.273255316175705476e-03 9.777514355294709691e-01
-7.601250438278793833e-03 9.257029188034866518e-01
-1.576191493646659711e-02 8.466635173089152033e-01
-2.187817532480510613e-02 7.883676346104018240e-01
-2.602970572697833884e-02 7.494358016293205527e-01
-3.282234856957046837e-02 6.871180665235392393e-01
-4.179162066344493248e-02 6.080081919765050191e-01
-5.137116264085650474e-02 5.282813236633556730e-01
-5.691275222219758373e-02 4.846986638240274869e-01
-6.522937457951152873e-02 4.230855282249084137e-01
-7.547682304057203029e-02 3.537894871646112271e-01
-8.361375482106672696e-02 3.041549624184904932e-01
-8.789920555879393582e-02 2.799509506408245363e-01
-9.000463665699692806e-02 2.685477234929422585e-01
-9.576999186230160388e-02 2.389546953301755761e-01
-9.801612407254232939e-02 2.280664315968232714e-01
-1.000656137647544380e-01 2.184409822129849410e-01
-1.012488592611680421e-01 2.130172534973722720e-01
-1.038018216072982558e-01 2.016444735636930274e-01
-1.028321705701226302e-01 2.059112543747451674e-01
-1.055410907753790012e-01 1.941517292565822506e-01
-1.077787470150150390e-01 1.848122670325384742e-01
-1.040086352900524841e-01 2.007427446282895600e-01
-1.048274140504647789e-01 1.972013847402353248e-01
-1.050935595274517798e-01 1.960600685418281974e-01
-1.042747807670394988e-01 1.995866147205730967e-01
-9.798222019012359230e-02 2.282281374092140491e-01
-9.900611743916917784e-02 2.233802089768411048e-01
-9.260675963263428900e-02 2.548963414349035284e-01
-8.942318507351575130e-02 2.716648764481559009e-01
-8.533607204793809686e-02 2.942669234149757340e-01
-7.582094744712211676e-02 3.515929743349535119e-01
-7.038615509540004089e-02 3.872793941511772919e-01
-6.541415073869359664e-02 4.217702922302670743e-01
-5.818923339526267668e-02 4.749402221324767748e-01
-5.514296955993998328e-02 4.984042960201079397e-01
-5.380207101027929817e-02 5.089228153108380504e-01
-4.962511269629201610e-02 5.424115315919499913e-01
-4.793500415771842493e-02 5.562643762399359648e-01
-4.373600832015898249e-02 5.914023140854848259e-01
-4.067787812598972624e-02 6.176117404477263761e-01
-3.884028769889467242e-02 6.335986520376122311e-01
-4.059142322582197371e-02 6.183599638588839209e-01
-4.144580106277390846e-02 6.109830602439625391e-01
-4.020830935449033749e-02 6.216803290746394373e-01
-3.913186108769573651e-02 6.310503958851914064e-01
-3.969975111820942676e-02 6.260996894443606742e-01
-4.040834226076084335e-02 6.199457301494020189e-01
-4.061346074939414103e-02 6.181692029947418732e-01
-4.246122234121481320e-02 6.022662880678331110e-01
-4.555325641780279267e-02 5.760715058536788336e-01
-4.409877986203936812e-02 5.883270811029254199e-01
-4.935727202518406381e-02 5.445954641165760002e-01
-5.126097502299563347e-02 5.291675168045661959e-01
-5.641266995652134686e-02 4.885508093596945267e-01
-6.393933185347892845e-02 4.323340577691413555e-01
-7.013187597725957512e-02 3.890009060273155184e-01
-7.132020705603599187e-02 3.809952887662217957e-01
-7.316288306549385834e-02 3.687812595095953938e-01
-7.877397560579331437e-02 3.330970064918068463e-01
-7.963852460747088136e-02 3.278018760287773059e-01
-8.476648682330348294e-02 2.975130921914159177e-01
-8.875866897810867628e-02 2.752572644062660778e-01
-8.402060141009146110e-02 3.017997275157078829e-01
-8.270682596636576289e-02 3.094485558254767010e-01
-8.572257630751160817e-02 2.920776050778566280e-01
-7.627695466565399818e-02 3.486955306796378773e-01
-7.471398568615066071e-02 3.586891357825098270e-01
-7.579212914706620619e-02 3.517765899741304159e-01
-6.741617499551946779e-02 4.076727767121061108e-01
-6.723987480694208763e-02 4.089029374194638189e-01
-6.007598445186489167e-02 4.607140914921432628e-01
-5.770440787667487775e-02 4.786339877440587420e-01
-5.517348305411683834e-02 4.981662758466551821e-01
-4.974208109063662370e-02 5.414591468874578872e-01
-4.363429667290279895e-02 5.922658397717011081e-01
-4.120338830348001247e-02 6.130721850630327374e-01
-3.599405676984246405e-02 6.586962510299139151e-01
-3.363604174761994359e-02 6.797826751149776969e-01
-2.725872146465722554e-02 7.380257944117700752e-01
-2.394800734646844800e-02 7.688852179433817158e-01
-2.205956109574530241e-02 7.866548869969225422e-01
-1.742320517498426383e-02 8.307326684375009318e-01
-1.457019346944831047e-02 8.581301996680792410e-01
-1.368021655595670454e-02 8.667130201722016425e-01
-1.677564102078656430e-02 8.369346372107672183e-01
-2.002363295650069416e-02 8.059360496928527073e-01
-2.559573603201862127e-02 7.534778665509616058e-01
-2.272746757939424211e-02 7.803569984537224169e-01
-2.473966300094574550e-02 7.614710171756314816e-01
-2.703834622893549686e-02 7.400676095184395287e-01
-2.948959692780952005e-02 7.174615018173463588e-01
-3.249348091010881290e-02 6.900911301191143821e-01
-3.654669005326773024e-02 6.537922150870660865e-01
-3.689250965393876119e-02 6.507309261915142917e-01
-3.786216069111436600e-02 6.421784987877651174e-01
-4.261718020034096360e-02 6.009324143372831717e-01
-4.241375690582859653e-02 6.026725116398141679e-01
-4.939965187820748171e-02 5.442496173196029741e-01
-4.665513259641144300e-02 5.668671521046495521e-01
-4.382924399681048522e-02 5.906112524508693173e-01
-4.376821700845677510e-02 5.911289837500994793e-01
-4.204929016982726642e-02 6.057957888926575052e-01
-4.295791421864917498e-02 5.980227968409632666e-01
-4.287145931848142244e-02 5.987604582095160666e-01
-4.563462573560774643e-02 5.753894177472063109e-01
-4.458191018650624338e-02 5.842429582924444365e-01
-3.331056447640015628e-02 6.827132790745030766e-01
-2.437858665318628701e-02 7.648500113377347809e-01
-2.181375794820952438e-02 7.889761444066055729e-01
-1.531438368853938956e-02 8.509660068675247713e-01
-7.728389997349024119e-03 9.244638675362883973e-01
-1.644338297308302723e-03 9.839057211594284258e-01
3.220868829779149466e-03 9.684811273036016965e-01
1.246815275948718466e-02 8.784268816848026518e-01
1.986767509737454376e-02 8.074180299401627625e-01
2.979981745194087983e-02 7.146174761667438702e-01
3.528377043317011685e-02 6.650206708960968438e-01
4.777565591035040637e-02 5.575792216021528969e-01
6.002343343411586235e-02 4.611071063013600924e-01
7.484621082758369237e-02 3.578368506752249711e-01
8.957066696203720702e-02 2.708719161956596455e-01
1.014285498379872974e-01 2.122020860210312998e-01
1.177244509225488650e-01 1.472611266907469796e-01
1.304011125589112086e-01 1.081393295624478723e-01
1.446576951159863067e-01 7.441734552704595829e-02
1.551662034716710103e-01 5.547003706409714407e-02
1.687921738157577567e-01 3.700477813782384467e-02
1.768324795313590825e-01 2.877019185744050453e-02
1.885750892070854612e-01 1.957476702512434344e-02
1.994480642987715158e-01 1.344759303696790864e-02
2.085597326988046507e-01 9.678765253843030561e-03
2.175629086750977825e-01 6.903295008396884147e-03
2.231519636918251337e-01 5.560139373269652567e-03
2.277967955831908253e-01 4.627030295814167291e-03
2.348759262322212271e-01 3.473168200332926465e-03
2.376577397846778295e-01 3.095838729978128787e-03
2.449589408635508836e-01 2.275036938560044165e-03
2.545842530822277627e-01 1.494742343042821005e-03
2.571321298459951499e-01 1.333867925937605534e-03
2.570727980517623634e-01 1.337426835533737533e-03
2.560980614322239113e-01 1.397149962763826869e-03
2.582051877245478688e-01 1.270977473435160824e-03
2.578746248709652966e-01 1.290056290507416879e-03
2.536908857804942574e-01 1.555214005433986886e-03
2.517041182707567826e-01 1.697770253507254390e-03
2.474288386977551990e-01 2.045681136165999198e-03
2.415821141746455902e-01 2.626359571279011495e-03
2.306684544240570900e-01 4.122907157847475849e-03
2.223077570195987895e-01 5.746737887973428320e-03
2.065610988302206130e-01 1.041445667885451849e-02
1.993717805633293816e-01 1.348392515060511249e-02
1.880834829120139051e-01 1.990129645968091374e-02
1.771732135496672522e-01 2.845885770425997385e-02
1.672003865361984809e-01 3.885123314930215982e-02
1.555238894311885833e-01 5.490269522201984831e-02
1.345916324258659980e-01 9.717427827973336429e-02
1.129084044249685642e-01 1.646521030645925476e-01
9.546824730877494225e-02 2.404446280633805166e-01
6.675504928835428176e-02 4.122971381678617320e-01
2.980998861666650165e-02 7.145242955698314358e-01
-3.231039994504767820e-03 9.683816455379160582e-01
-3.146788846694229674e-02 6.993930694666583570e-01
-5.122707114057691025e-02 5.294403421685116573e-01
-7.425458807937689032e-02 3.616600909506906270e-01
-8.929943590268739351e-02 2.723314470407116050e-01
-1.046680658030967465e-01 1.978870208117571583e-01
-1.174769525808921494e-01 1.481195323256338792e-01
-1.310164680248111224e-01 1.064709940396013216e-01
-1.386414511807830263e-01 8.743236297797407630e-02
-1.470852130971672111e-01 6.963089771325133015e-02
-1.522013089541532360e-01 6.036140295054456123e-02
-1.554628624428348593e-01 5.499915255654518748e-02
-1.553357228837646542e-01 5.520055462166394145e-02
-1.608993499886778866e-01 4.693808222540497843e-02
-1.585481157429391164e-01 5.029475355139929188e-02
-1.610671742066505929e-01 4.670580328723804991e-02
-1.629980003103971564e-01 4.410163927344132317e-02
-1.631217494812255142e-01 4.393895768773251748e-02
-1.659679804102777156e-01 4.033349377412381864e-02
-1.632997448639238458e-01 4.370584347639866474e-02
-1.601331222460146420e-01 4.801084686834447557e-02
-1.591956798971368159e-01 4.935098637083505657e-02
-1.623114466914179210e-01 4.501335689294401476e-02
-1.619079904906350342e-01 4.555643409197707161e-02
-1.515469640234717863e-01 6.148726859554479174e-02
-1.464444297194532618e-01 7.086936726530645991e-02
-1.454391796057379616e-01 7.284823519155014804e-02
-1.397145090593357730e-01 8.498635757340702868e-02
-1.386634887043551867e-01 8.738156950680830981e-02
-1.251205828721943525e-01 1.233103548765445701e-01
-1.205266068044567040e-01 1.378033002164175125e-01
-1.129355275309035511e-01 1.645500499815537865e-01
-1.033915846300316466e-01 2.034417944992085447e-01
-9.945873426945919804e-02 2.212605794676978654e-01
-8.997581835694103136e-02 2.687016427892467418e-01
-8.495973895309022472e-02 2.964090679902330883e-01
-7.997925862577910661e-02 3.257299110833711264e-01
-7.414440046151603292e-02 3.623749458759381037e-01
-7.129308395010101884e-02 3.811768888813678036e-01
-6.879097742759889000e-02 3.981550385723839902e-01
-6.386813370039960691e-02 4.328478414035810129e-01
-5.824856518949544926e-02 4.744892542816143699e-01
-5.728569492880358077e-02 4.818365190406250775e-01
-5.156441477064325346e-02 5.267288867983639378e-01
-4.576854607116171564e-02 5.742676377859440295e-01
-3.915898419363071647e-02 6.308135688078896353e-01
-3.447177244924158612e-02 6.722797342440920421e-01
-2.715022904091729528e-02 7.390307680557430814e-01
-2.117297457049556811e-02 7.950360996778980116e-01
-1.518724412946915840e-02 8.521891124394910255e-01
-1.167988749325175706e-02 8.860593173142409240e-01
-1.246137198300343620e-02 8.784924904027553438e-01
-6.214581647352822660e-03 9.392277891544458246e-01
-2.234265851394168310e-03 9.781329336774453598e-01
-2.481764193050881723e-03 9.757113374212507129e-01
2.908953111526853003e-03 9.715321298845587261e-01
1.081533849157419701e-02 8.944423990772921718e-01
2.182392911293514273e-02 7.888800554284092215e-01
3.356653878866155266e-02 6.804080809346464420e-01
4.898771970681993493e-02 5.476158216289322977e-01
6.406138583018634869e-02 4.314540997579016102e-01
8.029456473227326863e-02 3.238200980514387428e-01
9.373575891717793318e-02 2.491245780823123646e-01
1.029118446938066395e-01 2.055582328526570912e-01
1.161394444194733394e-01 1.528240583091378391e-01
1.248205335127886006e-01 1.242194457804861180e-01
1.330015403404276597e-01 1.012265039660614208e-01
1.393229192173994491e-01 8.587254819503351011e-02
1.436795681082060072e-01 7.641969112131793973e-02
1.466512434022074762e-01 7.046771005178449621e-02
1.550644918244148407e-01 5.563224684266191572e-02
1.620402156320681075e-01 4.537785180015707631e-02
1.723775093815382298e-01 3.311532751435314337e-02
1.819095859235635437e-01 2.442004807899183366e-02
1.919095360429673991e-01 1.747986601777100357e-02
1.990683408156817824e-01 1.362929772640263451e-02
2.061678137941633793e-01 1.056488954470727326e-02
2.142979647981743396e-01 7.815073828458049196e-03
2.208295477461422462e-01 6.086975147037800016e-03
2.298462852754029617e-01 4.261943218758541471e-03
2.417516335867392063e-01 2.607614752875848756e-03
2.549961852536152818e-01 1.467587942122114278e-03
2.624889432681541956e-01 1.045994553670336535e-03
2.675711352427214695e-01 8.266565437806380800e-04
2.735500849072641238e-01 6.230510046282959104e-04
2.809241793333374648e-01 4.357156305454813186e-04
2.907325725170754604e-01 2.666180238996618593e-04
2.920616047078895550e-01 2.491080872796316566e-04
2.935211668460158130e-01 2.311121785800799558e-04
2.964809757811707747e-01 1.982667964921975298e-04
2.947230594777596746e-01 2.172081552702707463e-04
2.899171841449049714e-01 2.779190559995493512e-04
2.835025695912816723e-01 3.835981511049190188e-04
2.823786558891008824e-01 4.055631517460342016e-04
2.749825239394553811e-01 5.816849621819336928e-04
2.724685510581067449e-01 6.560604611645885894e-04
2.616074423252672254e-01 1.089066842175268838e-03
2.605106517290213808e-01 1.144924339866796236e-03
2.537027521393408480e-01 1.554396370698141877e-03
2.438875781791191022e-01 2.381586737921230837e-03
2.339554358245527765e-01 3.606859840782646650e-03
2.287138956026174286e-01 4.460330920992559324e-03
2.200921383035349121e-01 6.263327491623232532e-03
2.098480802307162996e-01 9.229201198719713672e-03
1.970663165588558696e-01 1.462323842487683184e-02
1.874393091460581084e-01 2.033628082811459251e-02
1.824927327011656997e-01 2.395855769900890123e-02
1.770494643788389499e-01 2.857159542509486380e-02
1.665697743232101291e-01 3.960386719013186257e-02
1.536456143451910561e-01 5.793615439395032041e-02
1.431574483189576030e-01 7.750620951745537668e-02
1.302722778057200381e-01 1.084912026438951543e-01
1.203231835099443509e-01 1.384738922560966035e-01
1.152359059530142227e-01 1.560652724431584593e-01
1.063530887593075180e-01 1.907237772932474928e-01
9.999780599991699159e-02 2.187547465950732406e-01
9.303055816286839863e-02 2.527190639275485595e-01
8.703635175123730638e-02 2.847170177231768684e-01
8.293228678445030422e-02 3.081269835721978101e-01
7.423085536168377851e-02 3.618139857111986046e-01
6.673640215302398260e-02 4.124280137453781858e-01
6.025567502868413999e-02 4.593716364441789990e-01
5.301211054992293475e-02 5.151730376481161722e-01
4.333763770173892221e-02 5.947877217731288857e-01
3.410900090736120049e-02 6.755326747089656081e-01
2.612802698599265422e-02 7.485209627735760485e-01
1.727402809234186015e-02 8.321604839131888642e-01
1.166124035792145790e-02 8.862399991614847705e-01
6.826546725010862286e-03 9.332566188617295033e-01
2.949637770429325984e-03 9.711341486883464658e-01
-8.170835662913421846e-04 9.920022323064652259e-01
-4.622794367793548603e-03 9.547744710244392419e-01
-1.058309689700591243e-02 8.966963548195734379e-01
-1.561612824206606853e-02 8.480645954054890634e-01
-1.367513097359389536e-02 8.667621105883697163e-01
-1.407689198025582032e-02 8.628855504021590850e-01
-2.201548604860095737e-02 7.870709750232849355e-01
-2.565845821449326547e-02 7.528932452483872995e-01
-2.842671021398240558e-02 7.272350082105154545e-01
-3.150857312584477016e-02 6.990232037583197222e-01
-3.065928087125563070e-02 7.067587005190019145e-01
-3.158146647304502924e-02 6.983607045848627681e-01
-3.363773694174087420e-02 6.797674240370772392e-01
-3.767229894956949238e-02 6.438494510391377101e-01
-3.318172972320898584e-02 6.838746223397635937e-01
-3.379538999498796908e-02 6.783496415491289122e-01
-2.903528490339856577e-02 7.216335196950278696e-01
-2.307328718006526960e-02 7.771017319189215122e-01
-1.321064778445732446e-02 8.712478238940923880e-01
-6.373929894720844688e-03 9.376726298587186870e-01
-4.370210443774024713e-03 9.572431286825877628e-01
2.664845158112012519e-03 9.739201610118877195e-01
7.391046367282680905e-03 9.277518735504979297e-01
1.088823183877446303e-02 8.937351261955243098e-01
1.477361676396067927e-02 8.561707033304120085e-01
1.396331397415308088e-02 8.639811283901333017e-01
1.503637185270581891e-02 8.536409875456372198e-01
1.459053579889954891e-02 8.579342108830628755e-01
1.815722422934972283e-02 8.237153082841357499e-01
2.774354698324503488e-02 7.335402545808706876e-01
2.758589392999794693e-02 7.349978598571056398e-01
3.011681875255598634e-02 7.117153339200468221e-01
4.112201898567505870e-02 6.137741291119878095e-01
4.169160421030969343e-02 6.088679133957626277e-01
4.531423404675076483e-02 5.780773216377630419e-01
5.136607705849369210e-02 5.283222084040715139e-01
5.570407881396992333e-02 4.940369592646970398e-01
6.792981881416319812e-02 4.041012227239433319e-01
7.533951231677618599e-02 3.546683194629872693e-01
7.527679013430153832e-02 3.550702150417788250e-01
7.178299505105163736e-02 3.779048466725749567e-01
7.163720835665110531e-02 3.788767388065880093e-01
7.714150366733156516e-02 3.432436021832332429e-01
7.787213233345514907e-02 3.386784647829724770e-01
7.855699075831347467e-02 3.344345136416898567e-01
8.024540410276610747e-02 3.241173883973845760e-01
8.328149677336318946e-02 3.060873449173346916e-01
8.532929127145436055e-02 2.943054294766918599e-01
8.199993001793527692e-02 3.136161341437541106e-01
8.092856733350348164e-02 3.200018446293435570e-01
8.005384716710030324e-02 3.252774738977772806e-01
7.864683604672309536e-02 3.338802868695617265e-01
7.721100662628996303e-02 3.428076639660171399e-01
7.274586531174349890e-02 3.715240968200316241e-01
7.058449280754959532e-02 3.859398132149624017e-01
7.110322220855613828e-02 3.824495621370994636e-01
7.067772848420110499e-02 3.853110648871852506e-01
6.636176425229704801e-02 4.150625848323427070e-01
6.371895661775719977e-02 4.339254740719566961e-01
6.326464459334624202e-02 4.372167962747363079e-01
6.041841366429403365e-02 4.581577022268400468e-01
5.855370013126399986e-02 4.721736733328845137e-01
5.700090231648626687e-02 4.840213348675515004e-01
5.177461884163936379e-02 5.250428936389339718e-01
5.613635331480870683e-02 4.906862699919539716e-01
5.970473693937981136e-02 4.634945202489266780e-01
5.835197203087257034e-02 4.737038386169138970e-01
5.611431579123653951e-02 4.908567964048351495e-01
5.688562911626259683e-02 4.849071749837305934e-01
5.188480645950022813e-02 5.241602007208477909e-01
4.601434921869749367e-02 5.722113463141990097e-01
4.402927690308097719e-02 5.889156944816655859e-01
3.692980392459935951e-02 6.504011341916131617e-01
3.802320413260332904e-02 6.407625770785041475e-01
3.786724627347718558e-02 6.421337657406280819e-01
3.835546218030686655e-02 6.378453980391357581e-01
4.048971157856578323e-02 6.192407284993541872e-01
3.624494549974105473e-02 6.564680615495663840e-01
3.985401378321463267e-02 6.247577350616264624e-01
4.184925726355677444e-02 6.075130027651737263e-01
4.036257201949555729e-02 6.203424456791575281e-01
3.676706528898945892e-02 6.518407231397300716e-01
3.429886264890607411e-02 6.738294482397237939e-01
2.956249027500978260e-02 7.167928832003067630e-01
2.821311575474441669e-02 7.292044345689617790e-01
2.732652922949467891e-02 7.373979107813453115e-01
2.682136138145563634e-02 7.420797853967574520e-01
2.535332327272471833e-02 7.557386618118895338e-01
2.574152272641915679e-02 7.521192329659920350e-01
2.424805670587418596e-02 7.660726208035218976e-01
2.369881381069079487e-02 7.712233967065675877e-01
2.266305020279865690e-02 7.809637948980899802e-01
2.622973863324883428e-02 7.475749464413153911e-01
2.979981745194087983e-02 7.146174761667438702e-01
3.013546588788628897e-02 7.115447478914218582e-01
2.620770110967666003e-02 7.477798847638428281e-01
2.658572939864547666e-02 7.442668607441111917e-01
2.071527215784274220e-02 7.993721705415208767e-01
1.833861000028991564e-02 8.219833513484661180e-01
1.892684236025484606e-02 8.163725790069147337e-01
1.869968634804937066e-02 8.185381873439829814e-01
1.753339279284513164e-02 8.296783868494383984e-01
2.039827085722763569e-02 8.023789033203442278e-01
2.235452487278823466e-02 7.838718555420221001e-01
2.412430753504583164e-02 7.672322510050710864e-01
2.210872172525246010e-02 7.861908599605790249e-01
1.725877134525343609e-02 8.323065414885051361e-01
1.555171086547048505e-02 8.486838281384939675e-01
1.875393255991933059e-02 8.180209018917750097e-01
1.472784652269539495e-02 8.566115139212722163e-01
1.713671736854601238e-02 8.334752080425360532e-01
9.993169342920046189e-03 9.024254027489093666e-01
7.004542107709183472e-03 9.315205347698921612e-01
2.719091369981976782e-03 9.733894666782753058e-01
-8.370868569183917071e-03 9.182053640408305295e-01
-1.904211556047852305e-02 8.152741432385450793e-01
-2.212397847234088763e-02 7.860468668485276478e-01
-2.667557468705510429e-02 7.434326979691712189e-01
-3.023039675865872578e-02 7.106765317271683813e-01
-3.596015288742374083e-02 6.589975884959806685e-01
-4.139325004502488609e-02 6.114356821564026490e-01
-4.797907920486278038e-02 5.559009601231830189e-01
-5.482257787108299474e-02 5.009071185728068976e-01
-5.941316355057876114e-02 4.656847091893063784e-01
-6.722800844809553866e-02 4.089858151894067984e-01
-7.538867294628333326e-02 3.543535190940975133e-01
-8.141678324033316261e-02 3.170815331353040167e-01
-8.387311952156999151e-02 3.026521076529575249e-01
-9.053353722272909632e-02 2.657334960529727508e-01
-9.288477146846786658e-02 2.534665950923441491e-01
-9.751943219510797456e-02 2.304435092521358863e-01
-1.001825821590990456e-01 2.179004913054042036e-01
-9.986727605260488361e-02 2.193596450514475882e-01
-1.035865319539393259e-01 2.025862611185579032e-01
-1.075075159556652116e-01 1.859264642691111913e-01
-1.071108405313660888e-01 1.875648185559900538e-01
-1.025711106754984281e-01 2.070710177966475496e-01
-1.031423910942539934e-01 2.045391771672915582e-01
-9.956044591671539545e-02 2.207862286190747370e-01
-9.950280931660356043e-02 2.210549387242638775e-01
-9.842127546744612598e-02 2.261402976504938989e-01
-9.801612407254232939e-02 2.280664315968232714e-01
-9.877557103872182387e-02 2.244653813810749132e-01
-9.448333952451089257e-02 2.453528833790221408e-01
-8.935029172631547834e-02 2.720573799147373850e-01
-8.998937990990850400e-02 2.686292027099314028e-01
-8.982664127429861034e-02 2.694993601734780309e-01
-9.040131208129605078e-02 2.664351608389397552e-01
-9.077255959378111028e-02 2.644683011351636748e-01
-8.612094692593166845e-02 2.898324370165833441e-01
-7.681602639611179173e-02 3.452897320065518860e-01
-7.481061175104404548e-02 3.580661878301865109e-01
-7.198641834556400443e-02 3.765512619908051306e-01
-6.871130330391488072e-02 3.987029766829962574e-01
-6.550399602710323121e-02 4.211316324440692593e-01
-6.139315028383245804e-02 4.509241543846991274e-01
-5.075580717495659783e-02 5.332399333119360874e-01
-4.561767379439837788e-02 5.755314882743153282e-01
-4.496332886371693510e-02 5.810279078615177006e-01
-4.806383891090958843e-02 5.552024055689406268e-01
-4.596179820094846435e-02 5.726506760711378430e-01
-4.917588625424387100e-02 5.460769087836483404e-01
-5.516839747175402570e-02 4.982059417176278870e-01
-6.063539851177390111e-02 4.565418982232014589e-01
-6.730259698941673530e-02 4.084650336347751542e-01
-7.169823534500480156e-02 3.784697150642614139e-01
-7.887060167068668526e-02 3.325024994288859892e-01
-7.953681296021469782e-02 3.284220104114945471e-01
-8.021828099683113444e-02 3.242814859662608296e-01
-8.167953832907830225e-02 3.155170230623402516e-01
-9.194902431371097806e-02 2.583009892417573172e-01
-1.010064465018741531e-01 2.141205034631863680e-01
-1.122913537649477128e-01 1.669865763324289154e-01
-1.129592602485966629e-01 1.644607922275766743e-01
-1.229422584267910734e-01 1.300283383251597535e-01
-1.210165179054073364e-01 1.361984653591110928e-01
-1.206554415576478745e-01 1.373798756147495415e-01
-1.143594905924901206e-01 1.592582587291622442e-01
-1.166378314910286318e-01 1.510580567581638334e-01
-1.211165343585425824e-01 1.358725974899529787e-01
-1.224642136846870177e-01 1.315395862692595175e-01
-1.159784009779843833e-01 1.533980167160367836e-01
-1.115200404399216555e-01 1.699391870539865568e-01
-1.042018874198392259e-01 1.999027818494997222e-01
-1.005995999128494051e-01 2.159812707843171420e-01
-9.963842484627846718e-02 2.204230488350273631e-01
-9.370015984063828629e-02 2.493051780575772369e-01
-9.466981087781388415e-02 2.444183099774025203e-01
-8.962999875626999347e-02 2.705533525978131570e-01
-8.805177302967821806e-02 2.791138449953090017e-01
-8.415452174564543031e-02 3.010270989420753551e-01
-8.277971931356602198e-02 3.090208755914273242e-01
-8.019454827913802264e-02 3.244251152684369810e-01
-7.882144104117953798e-02 3.328048831006770181e-01
-7.560735298788413827e-02 3.529553184370365360e-01
-7.649393951313386564e-02 3.473221104004274862e-01
-7.481908772164870547e-02 3.580115754429055164e-01
-7.348157956022989545e-02 3.666935383724145847e-01
-7.504963412209605944e-02 3.565281089903086231e-01
-7.145243219746903740e-02 3.801107415804444445e-01
-7.157279098005552009e-02 3.793066641947810957e-01
-7.276112205883192297e-02 3.714235288626144271e-01
-6.920460479310737434e-02 3.953176499892600004e-01
-7.276451244707379806e-02 3.714011826984332520e-01
-7.228477251084880484e-02 3.745713693276538914e-01
-7.015730388907362447e-02 3.888285476282905551e-01
-6.828411438543889600e-02 4.016485156802805934e-01
-6.776708017855331834e-02 4.052307927542160293e-01
-6.613291304597061770e-02 4.166767713689282226e-01
-6.669741268824244673e-02 4.127017414527639483e-01
-6.082017467095596902e-02 4.551684438860632564e-01
-5.867575410797142704e-02 4.712491697272893632e-01
-5.770610307079580836e-02 4.786210454706305573e-01
-5.474798932976179811e-02 5.014907310799232576e-01
-5.657879898037310173e-02 4.872693041771704037e-01
-5.547692280176445834e-02 4.958025590455059639e-01
-5.345625140960826721e-02 5.116541142521007224e-01
-5.329690316224024865e-02 5.129151983997262132e-01
-5.292904603799705038e-02 5.158325353201274055e-01
-5.183903621823494901e-02 5.245267663294713723e-01
-4.915384873067168980e-02 5.462570320350680353e-01
-5.233403290154837323e-02 5.205693391306971396e-01
-4.730269675060914947e-02 5.614905897881281582e-01
-4.881480990648442292e-02 5.490318271698464425e-01
-4.520574162301083110e-02 5.789888347359075649e-01
-3.982180509491684006e-02 6.250378218075800518e-01
-3.806727917974767755e-02 6.403752868683099120e-01
-3.803168010320800985e-02 6.406880906667467013e-01
-3.298000162281755632e-02 6.856945285449511651e-01
-2.974218085182904134e-02 7.151455790731293671e-01
-2.759097951236075957e-02 7.349508255473640173e-01
-2.978456070485245577e-02 7.147572549592826618e-01
-3.101018605428947084e-02 7.035589072594841120e-01
-3.193406685019980346e-02 6.951592763524414575e-01
-3.008291487013725965e-02 7.120255269352987471e-01
-3.113224003099688761e-02 7.024471494024342455e-01
-4.005743707772699974e-02 6.229900069553868658e-01
-3.856736144542392136e-02 6.359878442031203782e-01
-4.006930343657356258e-02 6.228869557192719952e-01
-3.925730545264502491e-02 6.299553854375751216e-01
-4.054904337279855581e-02 6.187268832509180694e-01
-4.484466527525138302e-02 5.820272670372141910e-01
-4.840796331745967490e-02 5.523706435315849372e-01
-4.680261448493291260e-02 5.656405009600015132e-01
-4.663818065520208833e-02 5.670082273415356644e-01
-4.985565909673937007e-02 5.405351592310799758e-01
-5.475137971800367320e-02 5.014641955075014312e-01
-5.359356213340411151e-02 5.105687219641256158e-01
-5.175597170630905769e-02 5.251923469309356385e-01
-4.860121544724643056e-02 5.507834761201360063e-01
-4.214761142884158179e-02 6.049525239384431208e-01
-4.263921772391313786e-02 6.007440387559941364e-01
-4.498536638728909548e-02 5.808424001582910279e-01
-4.958781842563141778e-02 5.427153642280111434e-01
-5.456829875294253590e-02 5.028981691580143298e-01
-5.592953963205446466e-02 4.922878343523645617e-01
-5.420891759930402537e-02 5.057192332721124339e-01
-5.543623814286197798e-02 4.961191375595808140e-01
-5.335453976235207674e-02 5.124588765780467847e-01
-6.406308102430728624e-02 4.314418853606974968e-01
-6.962331774097865744e-02 3.924577342438316796e-01
-6.981487467664446167e-02 3.911535031502142434e-01
-7.280858749421814657e-02 3.711107577116294909e-01
-7.590570715316893868e-02 3.510532767703236079e-01
-7.844002236396883931e-02 3.351569333709365495e-01
-8.293398197857122789e-02 3.081170609616351586e-01
-8.629216153214623597e-02 2.888710363216526744e-01
-9.122687161819206803e-02 2.620748819025852661e-01
-9.442739811851999510e-02 2.456337386879584306e-01
-1.033407288064035479e-01 2.036654047789230315e-01
-9.993508381744234392e-02 2.190452638717554079e-01
-9.889253943306644534e-02 2.239143507245131282e-01
-1.056326312579095594e-01 1.937630555652324060e-01
-1.067802776777835028e-01 1.889381533492790199e-01
-1.015217855146387932e-01 2.117800020546662665e-01
-9.841110430272050069e-02 2.261885114018938880e-01
-9.511903731986204313e-02 2.421770068527449027e-01
-9.977573557007432536e-02 2.197845681640703264e-01
-9.632432033984782149e-02 2.362344027104609501e-01
-1.007080923365893249e-01 2.154839427844383315e-01
-1.031101824059562078e-01 2.046813262165169400e-01
-1.052495173865779232e-01 1.953935025391835001e-01
-1.087382268874650393e-01 1.809100537054644520e-01
-1.105741221204391417e-01 1.736128668665982699e-01
-1.079397904565039812e-01 1.841530310986640995e-01
-1.064887042889824248e-01 1.901555850399288539e-01
-1.088907943583493215e-01 1.802951833601109111e-01
-1.065005706478289876e-01 1.901059270069732354e-01
-1.037882600543307415e-01 2.017037053240649525e-01
-1.059954027997899312e-01 1.922283180439038341e-01
-1.051189874392658291e-01 1.959512768965867846e-01
-1.053359722867456966e-01 1.950247025715672600e-01
-1.059547181408874855e-01 1.923999962991922441e-01
-1.039120092251591132e-01 2.011636809459000363e-01
-9.913325699823941073e-02 2.227833603102024329e-01
-9.910782908642537525e-02 2.229026395494842494e-01
-9.390527832927156315e-02 2.482658204978549776e-01
-9.081832983504641021e-02 2.642264995487317303e-01
-8.948251686774850999e-02 2.713456804402576972e-01
-8.720587116333095024e-02 2.837763951348604707e-01
-8.163376808781303007e-02 3.157891889553579579e-01
-7.799249111604164564e-02 3.379301536920643612e-01
-6.998778447697998062e-02 3.899784729492976609e-01
-6.614647459893811809e-02 4.165810138023344766e-01
-6.073711015903008464e-02 4.557855831369239663e-01
-5.435470429370456436e-02 5.045738460738840025e-01
-4.507690686981966760e-02 5.800721236928407798e-01
-3.911660434060730551e-02 6.311836276028854886e-01
-2.810631852512542050e-02 7.301898124437433690e-01
-1.973544995594150517e-02 8.086750279365008121e-01
-9.320177276908297309e-03 9.089672585577164288e-01
-1.842676009457861050e-03 9.819647622122784636e-01
4.315964231904060450e-03 9.577733639615361172e-01
1.079330096800202449e-02 8.946562421461237147e-01
1.993887325045387224e-02 8.067413885040582988e-01
2.643146673364026727e-02 7.456997950744961301e-01
3.315969219963681158e-02 6.840733474226978750e-01
3.498711146200625399e-02 6.676691709156850063e-01
3.847073538053054353e-02 6.368346085405609536e-01
3.947937588248769114e-02 6.280188947510209063e-01
4.367328613768432788e-02 5.919347538957615562e-01
4.962680789041294671e-02 5.423977230126685312e-01
5.474968452388273565e-02 5.014774632016971712e-01
5.837909513680755030e-02 4.734979451710640275e-01
6.388847602985084362e-02 4.327010103933770502e-01
6.430888417184306427e-02 4.296728994896109599e-01
6.868757058622176892e-02 3.988662791393119411e-01
7.317983500670320607e-02 3.686700265082395456e-01
7.549716537002326699e-02 3.536594057670411351e-01
7.921303088311583418e-02 3.304011164853084548e-01
8.509365928864420781e-02 2.956455925022963283e-01
8.867221407794093069e-02 2.757269902749168167e-01
9.081832983504641021e-02 2.642264995487317303e-01
9.187952135475259408e-02 2.586625735321553265e-01
9.536145007915594607e-02 2.409735131643342687e-01
9.741433015960991593e-02 2.309487358009266467e-01
1.004131285595463996e-01 2.168379640498388772e-01
9.802460004314701714e-02 2.280260177730123738e-01
1.038374206838379027e-01 2.014890499379068389e-01
1.056478880049979835e-01 1.936983316434330860e-01
1.046443330854036485e-01 1.979892843656730073e-01
1.075176871203908369e-01 1.858845933490949065e-01
1.127185426834236837e-01 1.653677962329368756e-01
1.141391153567683919e-01 1.600687830045410542e-01
1.128439870483729790e-01 1.648946682408873043e-01
1.131270844665693692e-01 1.638306424310463361e-01
1.137492207089530194e-01 1.615103451039069660e-01
1.155105274006059390e-01 1.550747229129192939e-01
1.188839637012693573e-01 1.432896298415685388e-01
1.200587332270782598e-01 1.393493794680170927e-01
1.244730187179966391e-01 1.252788077363827524e-01
1.237322188871474299e-01 1.275603147186870345e-01
1.267683115577445119e-01 1.184094376157584783e-01
1.235610042809328624e-01 1.280921439050338728e-01
1.173837169042406536e-01 1.484438838356316182e-01
1.099045204426692818e-01 1.762487014421002252e-01
1.062903665768328704e-01 1.909869842942501783e-01
1.023202219455998513e-01 2.081900111207531656e-01
9.815173960221723615e-02 2.274204164725361632e-01
9.244571619114534677e-02 2.557270832167548025e-01
8.928587434971990699e-02 2.724045631902433096e-01
8.125573979884420650e-02 3.180429117614858581e-01
7.125578967944042053e-02 3.814266749205333928e-01
6.660078662334907584e-02 4.133805693362180289e-01
6.133551368372062995e-02 4.513500888093946450e-01
4.925895076616975538e-02 5.453982447863606753e-01
4.066262137890130218e-02 6.177437513618446729e-01
3.009308603486287800e-02 7.119324640740878340e-01
2.136792189440325784e-02 7.931911481059745750e-01
1.348018364968621083e-02 8.686442917191735669e-01
7.158804772714393722e-03 9.300161891291300886e-01
-3.487014306766163772e-03 9.658781855570749419e-01
-1.714180295090882503e-02 8.334265063106713889e-01
-2.453115412407056578e-02 7.634217225023576248e-01
-2.638908688061685631e-02 7.460936111314784291e-01
-3.123903726061588032e-02 7.014748779023742831e-01
-3.625850705270854818e-02 6.563477047840046152e-01
-3.783503758517939297e-02 6.424170967424074341e-01
-4.163905319256065718e-02 6.093198459890118990e-01
-3.994894465398707989e-02 6.239325284503595137e-01
-4.181704857525898184e-02 6.077897041869356753e-01
