3.219004116246119290e-02 6.928385252828944685e-01
3.002019268766261198e-02 7.125995083733666080e-01
2.718921850569883114e-02 7.386695547484751767e-01
1.773512089323656116e-02 8.277490284035935453e-01
5.456829875294254457e-03 9.466261080796826155e-01
4.126102490359184229e-03 9.596293315855706219e-01
-8.525131234189128188e-03 9.167033947135305727e-01
-8.287804057258034429e-03 9.190142368102149906e-01
-5.680595499257858234e-03 9.444408668606874002e-01
1.495161214665900132e-03 9.853656504877238431e-01
8.238643427750876741e-03 9.194929965696438945e-01
1.213589471178365062e-02 8.816426723296287848e-01
1.971680282061120601e-02 8.088523363017152690e-01
2.438706262379097128e-02 7.647706411324168840e-01
2.683322774030219224e-02 7.419696992595385954e-01
3.051688456509697375e-02 7.080586358212335174e-01
3.337667704711667904e-02 6.821176150007410843e-01
3.757397769055518394e-02 6.447154672913908424e-01
4.009981693075041764e-02 6.226220004070516234e-01
3.934206515869184684e-02 6.292159687831058168e-01
4.644323333129440207e-02 5.686317886757867868e-01
5.636181413289324815e-02 4.889434661364879808e-01
5.664830193933149960e-02 4.867336979317598011e-01
5.630756792102328129e-02 4.893624854977650651e-01
6.373760375308749893e-02 4.337906860918465668e-01
6.357656031159854282e-02 4.349555540495169126e-01
6.593457533382106328e-02 4.180786938994989210e-01
6.892320256903192166e-02 3.972466863570686124e-01
6.580913096887178182e-02 4.189667979129489961e-01
6.160165916070764469e-02 4.493851569504446752e-01
4.794348012832311268e-02 5.561944796163362792e-01
3.771806919083477844e-02 6.434464687030994057e-01
3.151026831996570077e-02 6.990077942210993767e-01
1.394636203294371928e-02 8.641446697531341981e-01
6.918087207541426600e-03 9.323637358385030716e-01
-2.995408011694609442e-03 9.706864283535714399e-01
-9.630397801039657091e-03 9.059509567845303035e-01
-2.581950165598222505e-02 7.513928337008191072e-01
-3.703999154246022385e-02 6.494271448138146940e-01
-4.504130779328000683e-02 5.803716193165104897e-01
-5.082700532803591936e-02 5.326650202479156215e-01
-5.588207419666824799e-02 4.926557977097641983e-01
-6.436313038371302420e-02 4.292830652656424162e-01
-6.993353826511002069e-02 3.903468809445279630e-01
-7.648376834840825422e-02 3.473864132579949082e-01
-7.819760960467495026e-02 3.366572878869252827e-01
-7.981651999016919907e-02 3.267184522597733620e-01
-8.026744162633829560e-02 3.239840985551158958e-01
-8.174904128803670011e-02 3.151040258816130701e-01
-8.773816211730497971e-02 2.808363927894035328e-01
-8.773816211730497971e-02 2.808363927894035328e-01
-9.423923157109603821e-02 2.465800715968829437e-01
-9.519193066706231610e-02 2.418146778485734394e-01
-9.347300382843279354e-02 2.504597113307936440e-01
-9.286781952725851885e-02 2.535536161468321947e-01
-9.049285256382660902e-02 2.659492586125671854e-01
-8.389854743338404086e-02 3.025050325825958675e-01
-8.078447583322388714e-02 3.208670595466292519e-01
-7.923167801844614722e-02 3.302869295943003936e-01
-8.124217824587670611e-02 3.181239561873309696e-01
-8.186261929413943261e-02 3.144298853148573270e-01
-7.459023651532230292e-02 3.594879309579385174e-01
-7.067094770771735479e-02 3.853567711304398680e-01
-7.079130649030383748e-02 3.845459729797527926e-01
-6.479201449630993259e-02 4.262081117956700860e-01
-7.080995362563413664e-02 3.844204488490238214e-01
-6.983860739433758735e-02 3.909920985992521025e-01
-7.179486140989817244e-02 3.778258061519870203e-01
-7.191691538660560656e-02 3.770134033363673476e-01
-6.805187279087063223e-02 4.032552707809525794e-01
-6.893167853963662328e-02 3.971885008830954300e-01
-7.272213259405040098e-02 3.716805690997589950e-01
-7.873837652925365360e-02 3.333162065352903713e-01
-8.191008472952565622e-02 3.141484333068315649e-01
-8.241694777168563635e-02 3.111531603597344486e-01
-7.837560498737326797e-02 3.355552123430556311e-01
-7.693129959633546178e-02 3.445641822497461648e-01
-8.712280665140506586e-02 2.842370395942303007e-01
-8.717366247503316457e-02 2.839549529354918334e-01
-9.011990985722062586e-02 2.679326458674612943e-01
-8.721265193981468655e-02 2.837388136121407056e-01
-8.827045307127899532e-02 2.779169353573305856e-01
-8.721604232805656165e-02 2.837200241020426117e-01
-8.432065076949719906e-02 3.000704626217392534e-01
-8.006910391418872730e-02 3.251849798134689440e-01
-7.606675059465790867e-02 3.500292843893753059e-01
-7.102863366723492777e-02 3.829502456753401951e-01
-6.529209676198617640e-02 4.226388056658603176e-01
-6.730090179529581162e-02 4.084768652357662067e-01
-6.303748858114077702e-02 4.388677783513781350e-01
-6.119650776580385504e-02 4.523782690159362518e-01
-5.501243961262788223e-02 4.994231689727023360e-01
-5.725687662874765632e-02 4.820573598026712814e-01
-4.808248604623990147e-02 5.550487805687260856e-01
-4.513962905229431527e-02 5.795446155188085369e-01
-3.768755569665791644e-02 6.437151120674042826e-01
-3.429377706654326147e-02 6.738750488555840246e-01
-2.795375105424114867e-02 7.315982600273907011e-01
-2.235282967866730058e-02 7.838878421957401477e-01
-2.065933075185184126e-02 7.999025578851076679e-01
-1.779784307571120883e-02 8.271493529377488274e-01
-1.217996975892799566e-02 8.812159755342940937e-01
-3.887080119307152921e-03 9.619661690980922941e-01
-1.610434414889574896e-04 9.984236513726931772e-01
3.354789165333124743e-03 9.671713235297563216e-01
2.449555504753090415e-03 9.760264645872147593e-01
9.171000194265893635e-03 9.104181860584414920e-01
6.511240618516690726e-03 9.363327343405745129e-01
3.753159783753177211e-03 9.632756037242856673e-01
5.738232099369694993e-03 9.438780680756857500e-01
4.905891785989925820e-03 9.520080978082647860e-01
6.441737659558299583e-05 9.993694602079530309e-01
-3.514137412701146337e-03 9.656129373560251583e-01
-1.305808031357304569e-02 8.727221356021035437e-01
-1.489736593478903706e-02 8.549791048879730182e-01
-1.302417643115432073e-02 8.730498200532030850e-01
-1.501433432913364813e-02 8.538531003973155453e-01
-1.883699707184521843e-02 8.172289606188903877e-01
-2.390054191108222786e-02 7.693304256210237169e-01
-2.295292839747877997e-02 7.782342559967992957e-01
-2.291902451506005675e-02 7.785533611769528406e-01
-3.277657832830518925e-02 6.875315578190276389e-01
-3.014224666437003222e-02 7.114827201521951583e-01
-3.268503784577462407e-02 6.883588179118106387e-01
-3.590251628731190581e-02 6.595099879698973488e-01
-3.855549508657735852e-02 6.360918074687496038e-01
-4.195944488141763878e-02 6.065668137829323125e-01
-4.464632756310182859e-02 5.836993970848838309e-01
-4.863681452378609826e-02 5.504913456748913303e-01
-5.405635012841975701e-02 5.069193436649102047e-01
-5.785867054168008367e-02 4.774570162688918096e-01
-6.289000669261930743e-02 4.399415804300700339e-01
-7.143208986801780069e-02 3.802467443704489192e-01
-7.236614182865375167e-02 3.740325065391614245e-01
-7.715167483205719046e-02 3.431797844533924779e-01
-8.138287935791442551e-02 3.172837716692805121e-01
-8.302213207285992491e-02 3.076013736177928837e-01
-8.678546302133872958e-02 2.861129674445632709e-01
-8.689226025095771189e-02 2.855181869869767297e-01
-7.820608557527962412e-02 3.366047558942463214e-01
-7.357651043100234267e-02 3.660730770072581075e-01
-6.775351862558581795e-02 4.053250078497350195e-01
-6.585320601601613033e-02 4.186546362277054900e-01
-5.547353241352257630e-02 4.958289365106619551e-01
-5.048796650384863860e-02 5.354054798751428645e-01
-4.242562326467514550e-02 6.025709442968869567e-01
-2.919971873312940044e-02 7.201225438211347196e-01
-1.896074624267357275e-02 8.160494724843805336e-01
-5.221197892484095646e-03 9.489276628038016970e-01
5.204245951274731434e-03 9.490932587766881534e-01
1.574665818937816958e-02 8.468101193588303266e-01
2.107126292323938804e-02 7.959991345023649245e-01
2.294614762099504018e-02 7.782980740730152114e-01
2.874032112635563352e-02 7.243466231464326111e-01
2.888949820899803719e-02 7.229740479901607397e-01
3.492269408541066877e-02 6.682448171074953924e-01
3.415985673098929226e-02 6.750762916016063153e-01
3.522104825069546918e-02 6.655802959227232751e-01
3.487522865002444517e-02 6.686691011161445264e-01
3.500067301497374050e-02 6.675480068921988419e-01
3.494303641486190548e-02 6.680630132113518638e-01
3.487014306766163252e-02 6.687145663343583291e-01
3.497354990903876054e-02 6.677903435159613377e-01
3.301560069935722402e-02 6.853732370627985127e-01
3.737563997840562952e-02 6.464638832636964150e-01
3.793335884419370141e-02 6.415523531482194564e-01
3.603643662286588195e-02 6.583196563468511897e-01
3.114410638984344351e-02 7.023390953949664173e-01
3.266300032220244981e-02 6.885580283031368376e-01
3.417680867219864693e-02 6.749241901710738567e-01
3.641616010595562919e-02 6.549492060027342077e-01
3.831477752140439313e-02 6.382023066257100918e-01
3.706541945427426626e-02 6.492024621870582379e-01
3.594150575209343473e-02 6.591633474705540507e-01
3.503288170327153311e-02 6.672602767265124468e-01
3.578893828120915943e-02 6.605201792275257056e-01
3.960142985919511138e-02 6.269556415216763767e-01
3.930307569391031097e-02 6.295560547925078687e-01
3.652804291793742414e-02 6.539574491592794470e-01
3.438362235495288910e-02 6.730696127724704603e-01
3.277318794006331415e-02 6.875621904863796763e-01
2.769099596549600556e-02 7.340260176484511012e-01
2.981846458727117899e-02 7.144466482908307103e-01
3.026599583519839001e-02 7.103510463910533979e-01
2.572287559108885069e-02 7.522929693746768232e-01
2.570761884400042663e-02 7.524351265878472805e-01
2.345640105139688847e-02 7.734999279340131206e-01
2.164593373023682155e-02 7.905620703643245761e-01
1.989818859155140229e-02 8.071280232535644750e-01
1.269191838345078670e-02 8.762622603413864342e-01
5.170342068856003878e-03 9.494244572459393794e-01
5.255101774902824069e-03 9.485964774168189617e-01
4.495654808723318317e-03 9.560170317240939131e-01
1.874884697755652575e-03 9.816495734266967865e-01
-3.042873447080828714e-03 9.702221354463909098e-01
-7.694486114930295696e-03 9.247942635926906796e-01
-8.021658580271017955e-03 9.216064859986328184e-01
-9.135401117726231132e-03 9.107644740195518507e-01
-1.048138524974972716e-02 8.976837497639396091e-01
-1.509231325869672159e-02 8.531025943077363838e-01
-1.444983468686182777e-02 8.592899767318049609e-01
-1.503467665858488483e-02 8.536573035471453075e-01
-2.118484092934212401e-02 7.949237657231875698e-01
-2.572965636757259394e-02 7.522297910607098625e-01
-2.862674312025289408e-02 7.253922407784511028e-01
-2.904037048576137495e-02 7.215867723277968881e-01
-2.835381686678213609e-02 7.279069142822733873e-01
-2.886407029718399131e-02 7.232079474290536991e-01
-2.958791818682383196e-02 7.165596946666847877e-01
-2.942856993945580993e-02 7.180214404287086349e-01
-3.239346445697355997e-02 6.909962516033159030e-01
-3.131701619017895205e-02 7.007652708046986367e-01
-3.426495876648734396e-02 6.741334747508866965e-01
-3.630766768221570240e-02 6.559114855436343205e-01
-3.591438264615845477e-02 6.594044810202018825e-01
-3.441922143149255681e-02 6.727505803233102544e-01
-3.404458353076561528e-02 6.761109295133560515e-01
-3.941156811765023776e-02 6.286099215988114608e-01
-3.604321739934961827e-02 6.582594091574848205e-01
-4.606350984820465483e-02 5.718005039885737384e-01
-5.684324926323918586e-02 4.852330699536037129e-01
-6.641092488180419529e-02 4.147163116653780346e-01
-7.340021024242493475e-02 3.672258787436936123e-01
-7.918590777718087503e-02 3.305672516588558096e-01
-7.699571697293104700e-02 3.441591477366608975e-01
-8.552593378948297742e-02 2.931901113254096192e-01
-9.021992631035585797e-02 2.673997526818794879e-01
-9.337298737529756143e-02 2.509692206968837103e-01
-9.284917239192820582e-02 2.536493630911136887e-01
-9.344757591661874419e-02 2.505891797728686532e-01
-8.908753663757033869e-02 2.734754065397016487e-01
-8.061834680937211839e-02 3.218664777719105197e-01
-7.248311022299835926e-02 3.732587235959783367e-01
-6.598034557508636322e-02 4.177549294546619718e-01
-6.087442088282593589e-02 4.547656657417119552e-01
-5.751285094100905965e-02 4.800976830342518209e-01
-5.294430278508547444e-02 5.157113705927915959e-01
-4.484975085761418873e-02 5.819844210565184861e-01
-3.885554444598309648e-02 6.334652059715584205e-01
-3.149670676699821426e-02 6.991310739558287413e-01
-2.990152909919706684e-02 7.136858599452167162e-01
-2.481933712462975131e-02 7.607260210896947816e-01
-1.988971262094671802e-02 8.072085780354940621e-01
-2.146793834753850036e-02 7.922450516387162800e-01
-2.146963354165943791e-02 7.922290187110034854e-01
-2.506005468980272016e-02 7.584765185345706540e-01
-2.005245125655661168e-02 8.056622808619499088e-01
-2.261727996153337777e-02 7.813950200208298336e-01
-2.373949846959326829e-02 7.708415120348797167e-01
-2.358523580458805891e-02 7.722897816875193833e-01
-2.086953482284795505e-02 7.979100625965462878e-01
-2.655352071034768405e-02 7.445659726315132509e-01
-2.481594673638787968e-02 7.607577185816245535e-01
-2.161542023605996649e-02 7.908505130153757889e-01
-1.626877797862657724e-02 8.417960881060339018e-01
-8.070819209778173908e-03 9.211275999898682620e-01
-2.649588411023584555e-03 9.740694208628190021e-01
5.305957598530914969e-04 9.948063790672028173e-01
3.249687129835068279e-03 9.681992635671192726e-01
1.049325160859628306e-02 8.975685455750450625e-01
1.546186557706085568e-02 8.495476491751138282e-01
2.379374468146323168e-02 7.703324180178225955e-01
3.377674285965766299e-02 6.785172776029237962e-01
4.135426058024334328e-02 6.117715933982332821e-01
4.919453338957417016e-02 5.459245195719486521e-01
6.069473030600667368e-02 4.561006295757343842e-01
6.575149436875993292e-02 4.193752138349714498e-01
7.393758677876177687e-02 3.637190372379418557e-01
7.959614475444747039e-02 3.280601738752150220e-01
8.723807985162874978e-02 2.835979126190905086e-01
9.455114728934833901e-02 2.450127517891428075e-01
1.004843267126257211e-01 2.165105777613630933e-01
1.055122724753230629e-01 1.942742066638054876e-01
1.118777263994392285e-01 1.685651725295041203e-01
1.133152510139933122e-01 1.631262549220715563e-01
1.150223114937762581e-01 1.568389797228783578e-01
1.174362679219896760e-01 1.482610015511119650e-01
1.217149378832331347e-01 1.339353514685948654e-01
1.237610371872033682e-01 1.274709663548178329e-01
1.282668631606522780e-01 1.140847925451582145e-01
1.381854439622511588e-01 8.848870004190836913e-02
1.457053250827249902e-01 7.232001217715644525e-02
1.487075138709033351e-01 6.657391953494010139e-02
1.469970630028785141e-01 6.980021830355831458e-02
1.448899367105545566e-01 7.394820794658522878e-02
1.411791567798248159e-01 8.173649891749641683e-02
1.415453187099470767e-01 8.093982974930326313e-02
1.377311319378401733e-01 8.955121310494953968e-02
1.343526100548139701e-01 9.777507500935408991e-02
1.272480514939695329e-01 1.170113292570399005e-01
1.258495163441969988e-01 1.211232553376959814e-01
1.219810833602201355e-01 1.330805694955841390e-01
1.169650039563693705e-01 1.499071413957951127e-01
1.146815774754680189e-01 1.580791816489827417e-01
1.099333387427251923e-01 1.761346556676167130e-01
1.061547510471579636e-01 1.915569851222039266e-01
1.042917327082488882e-01 1.995131393405545073e-01
1.055105772812021531e-01 1.942814129649861332e-01
1.078482499739734229e-01 1.845275429334043704e-01
1.077007680854519672e-01 1.851320965434760935e-01
1.098587502014039818e-01 1.764299449712508072e-01
1.136237763440037241e-01 1.619762095067749930e-01
1.166513930439961183e-01 1.510102183748193438e-01
1.198976897855893176e-01 1.398845917188267507e-01
1.204486278748936601e-01 1.380600669567069727e-01
1.221522979664347308e-01 1.325328917512491600e-01
1.252172089370877373e-01 1.230186941836605430e-01
1.180872224644292506e-01 1.460097273379827032e-01
1.127863504482611301e-01 1.651119259277333551e-01
1.147154813578867560e-01 1.579554500358928693e-01
1.153274464355447948e-01 1.557345626004526806e-01
1.142018375392430257e-01 1.598377816371465421e-01
1.089501261525820802e-01 1.800564826586812384e-01
1.045866964852917996e-01 1.982377980407038498e-01
1.007097875307102763e-01 2.154761785202480573e-01
9.877218065047996265e-02 2.244813675797234231e-01
9.298987350396592522e-02 2.529275241143622011e-01
7.915878467124588813e-02 3.307334403426411829e-01
6.880792936880826549e-02 3.980385139729353261e-01
5.639402282119104076e-02 4.886947639683768552e-01
4.274601495353212710e-02 5.998315161555223263e-01
3.073556460669776835e-02 7.060626544477102140e-01
1.929300429037710679e-02 8.128846749911647906e-01
5.616178122662274751e-03 9.450699097471884080e-01
-5.097448721655737855e-03 9.501365631755422925e-01
-1.350900194974212661e-02 8.683660095595501227e-01
-2.037453813953452736e-02 8.026041234977965289e-01
-2.767912960664944966e-02 7.341357206788570178e-01
-3.516171645646270355e-02 6.661098407315970693e-01
-3.672129504772417979e-02 6.522458393887367034e-01
-3.904201579928610888e-02 6.318351534108612721e-01
-4.512267711108494672e-02 5.796871633200088025e-01
-4.481415178107452796e-02 5.822843735544922517e-01
-4.563801612384961459e-02 5.753610056107401061e-01
-5.148474064695924418e-02 5.273686470635770007e-01
-5.270528041403343966e-02 5.176112964266689209e-01
-5.596344351447319482e-02 4.920250927524942863e-01
-5.873847629044607471e-02 4.707744623938714401e-01
-5.993528333982716533e-02 4.617667732955219595e-01
-5.889782453781409327e-02 4.695696252023331407e-01
-5.852318663708715174e-02 4.724049537087092743e-01
-6.023872308747478532e-02 4.594981904110466697e-01
-5.879441769643697913e-02 4.703512953225229554e-01
-5.865032619615737769e-02 4.714416930878538858e-01
-6.005055654005083537e-02 4.609042367894765624e-01
-6.021838075802354862e-02 4.596500806829835195e-01
-5.976406873361259781e-02 4.630495390448819970e-01
-6.290187305146585639e-02 4.398551273888315905e-01
-5.981831494548255773e-02 4.626429055047525107e-01
-5.642623150948883337e-02 4.884461293146596939e-01
-5.738740657605977125e-02 4.810575167323769552e-01
-5.905378239694023673e-02 4.683920588191875511e-01
-6.171862755505225923e-02 4.485231099025893675e-01
-5.617025719722743005e-02 4.904239832330211657e-01
-5.589902613787760960e-02 4.925243654716270347e-01
-5.546844683115976365e-02 4.958685040986620107e-01
-5.270697560815438415e-02 5.175978091605102360e-01
-4.955221934909175008e-02 5.430054645934561108e-01
-4.569056714159864391e-02 5.749207014532111693e-01
-4.339696949597169479e-02 5.942829570297336605e-01
-3.932680841160341584e-02 6.293490366503471378e-01
-3.792657806770995121e-02 6.416119752027686918e-01
-3.063554815356252584e-02 7.069752977353357393e-01
-2.252743467312375014e-02 7.822416923923907195e-01
-1.633997613170590571e-02 8.411128437072551423e-01
-1.094925882712817315e-02 8.931430550656939138e-01
-1.467868589318824073e-02 8.570850264741624036e-01
-8.759068022878350318e-03 9.144262462816082904e-01
3.141194706095139320e-03 9.692604178145666216e-01
1.045765253205661882e-02 8.979141645450072762e-01
1.768426506960846592e-02 8.282353247648022165e-01
2.883864238536994890e-02 7.234418724696851655e-01
3.215952766828433784e-02 6.931150218391636253e-01
2.868268452624379503e-02 7.248771715967516904e-01
3.430055784302700472e-02 6.738142482981058778e-01
4.126102490359184749e-02 6.125751871316482688e-01
4.076772341439935388e-02 6.168345909662743543e-01
4.046258847263081021e-02 6.194756905679921211e-01
4.109150549149820364e-02 6.140374485589302767e-01
4.371227560246587068e-02 5.916037521717372183e-01
4.291383917150482646e-02 5.983988084512513739e-01
3.834529101558124126e-02 6.379346173980502410e-01
3.724171964285165337e-02 6.476455324810465042e-01
3.209002470932595386e-02 6.937449705832903213e-01
3.020835923508655152e-02 7.108780488338928283e-01
2.723329355284317965e-02 7.382612954145365558e-01
3.009647642310474616e-02 7.119014440642874586e-01
2.663319483403169680e-02 7.438261338952589785e-01
2.336486056886633023e-02 7.743601002363762476e-01
2.087123001696889260e-02 7.978939993641045447e-01
1.799448559373982570e-02 8.252699375693859363e-01
1.211046679996960300e-02 8.818888590375832948e-01
7.540223449925082845e-03 9.262977269766186073e-01
3.093729270708920481e-03 9.697246898519571445e-01
-5.122876633469784606e-03 9.498881496237218114e-01
-1.011522331962746643e-02 9.012396597214092919e-01
-1.870138154217030821e-02 8.185220209885224474e-01
-2.411244117619927574e-02 7.673434755846839650e-01
-3.337837224123760965e-02 6.821023441392410902e-01
-3.851650562179582266e-02 6.364334510217821705e-01
-4.243918481764263895e-02 6.024548766792355847e-01
-5.298837783222982295e-02 5.153614213085604412e-01
-6.116429907750606243e-02 4.526166927251472627e-01
-7.122527618526357240e-02 3.816311192723824686e-01
-7.042344936606065309e-02 3.870272930788328791e-01
-8.460883377005638806e-02 2.984157562581472023e-01
-8.990631539798261962e-02 2.690731066248285841e-01
-9.259489327378775392e-02 2.549574905025950855e-01
-9.897729913911326727e-02 2.235156519647028273e-01
-1.012437736788052156e-01 2.130403567982514790e-01
-1.007894616543942856e-01 2.151114831391618409e-01
-1.033966702123944453e-01 2.034194432076698589e-01
-1.082279734570631702e-01 1.829776506595366947e-01
-1.101299812607538092e-01 1.753579145720167154e-01
-1.152867617766423214e-01 1.558814796909821776e-01
-1.193687892198571771e-01 1.416533610615700600e-01
-1.198315772148727948e-01 1.401047632773450569e-01
-1.248052767657001766e-01 1.242658086732394557e-01
-1.263665505510825904e-01 1.195902411714724889e-01
-1.291212409976042197e-01 1.116748448511786090e-01
-1.278328934656925708e-01 1.153243184606246169e-01
-1.279600330247628037e-01 1.149600950749244260e-01
-1.234101320041695315e-01 1.285621986464408895e-01
-1.173176043335241170e-01 1.486742037638859870e-01
-1.194247306258480468e-01 1.414654791034598014e-01
-1.163072686374460457e-01 1.522276559934443996e-01
-1.140679172036890565e-01 1.603313034916467594e-01
-1.076600834265494938e-01 1.852991249455225864e-01
-9.939262169874268915e-02 2.215692950361764502e-01
-9.505801033150831914e-02 2.424806427185428048e-01
-9.443926447736654406e-02 2.455741446752501833e-01
-8.836707913617238008e-02 2.773891720030962627e-01
-7.877397560579331437e-02 3.330970064918068463e-01
-7.196607601611276772e-02 3.766864870423529688e-01
-6.906220848694870351e-02 3.962930873744074933e-01
-6.652789327614881676e-02 4.138931004425154825e-01
-6.166777173142416052e-02 4.488977987026867567e-01
-5.469713350613370634e-02 5.018888529850642488e-01
-4.990651492036746184e-02 5.401216865521492050e-01
-4.314947115431498614e-02 5.963898280331876300e-01
-4.079823690857620894e-02 6.165707499885474396e-01
-3.246296741593195784e-02 6.903672224313479600e-01
-2.596867873862462872e-02 7.500038083367877029e-01
-1.668071015001412055e-02 8.378446798500880366e-01
-1.126456493362234211e-02 8.900849671692709908e-01
-5.002517850883300178e-03 9.510640159681426065e-01
2.168153280677648578e-03 9.787798331127730567e-01
5.099143915776674536e-03 9.501200021225594261e-01
1.184093093474071663e-02 8.844991281662660798e-01
1.784361331697649142e-02 8.267118148685979051e-01
2.030673037469707051e-02 8.032476991110109044e-01
2.348013376909000374e-02 7.732769652004896077e-01
2.881321447355590301e-02 7.236758230922623047e-01
2.993204259337391843e-02 7.134064574001159897e-01
2.940822761000457322e-02 7.182081199762350154e-01
3.197983709146508258e-02 6.947440992000655235e-01
3.768586050253698583e-02 6.437300380507431363e-01
4.140003082150862240e-02 6.113772710672187305e-01
4.772310489260137706e-02 5.580131689541181217e-01
5.130165968189810688e-02 5.288402198608703753e-01
5.002009292647019434e-02 5.391988302415565704e-01
5.407499726375005616e-02 5.067725840692745010e-01
5.649573446844721736e-02 4.879098320357938556e-01
5.405295974017787497e-02 5.069460296031516044e-01
5.872152434923670616e-02 4.709027358997991408e-01
6.056759074693644773e-02 4.570464960295067547e-01
7.114051647921672272e-02 3.821993694247755036e-01
7.909436729465031679e-02 3.311283529178122853e-01
8.094890966295470447e-02 3.198798184285187585e-01
8.204739545332148665e-02 3.133351568484627481e-01
8.149476216989623434e-02 3.166167022130478848e-01
8.328319196748412701e-02 3.060774654194691746e-01
8.473088774676382218e-02 2.977167614684971264e-01
8.529030180667282468e-02 2.945269042295696194e-01
8.650575599138422833e-02 2.876746511139225415e-01
8.207621375337741110e-02 3.131646435517195792e-01
8.168970949380391366e-02 3.154565624736830887e-01
8.094043369235004448e-02 3.199306590167930175e-01
8.002841925528625389e-02 3.254316683547746614e-01
8.023862332628237115e-02 3.241584077690558008e-01
7.601758996515074751e-02 3.503416724015260275e-01
7.265093444097106556e-02 3.721502286711061425e-01
7.392402522579430424e-02 3.638072820958473397e-01
6.882827169825950220e-02 3.978987113108155560e-01
6.796880827894473398e-02 4.038308738506293238e-01
6.887573713364571193e-02 3.975726190529669246e-01
6.669571749412150918e-02 4.127136450747601604e-01
6.175592182571285060e-02 4.482484498816805552e-01
5.483444422992956452e-02 5.008143039953051323e-01
5.126606060535844611e-02 5.291265991080283948e-01
4.309522494244502622e-02 5.968520575850353449e-01
3.737224959016375442e-02 6.464937875602719819e-01
3.145263171985386574e-02 6.995317873212394399e-01
2.447012713571685913e-02 7.639929426794165312e-01
1.658408408512074966e-02 8.387711938354347474e-01
1.298010138400997396e-02 8.734758420696622228e-01
8.609890940235948378e-03 9.158782617824993144e-01
2.878439617349997943e-03 9.718306203927513653e-01
2.566523899097701480e-03 9.748820734664572774e-01
-3.697218377762276700e-03 9.638226119851958096e-01
-8.021658580271017955e-03 9.216064859986328184e-01
-1.435829420433126259e-02 8.601722621077130260e-01
-1.804025583500511176e-02 8.248326292314103192e-01
-2.207651303695466749e-02 7.864948691916102685e-01
-2.536179924332940261e-02 7.556595779547495839e-01
-2.688238836980934299e-02 7.415136838210236725e-01
-2.565337263213045976e-02 7.529406417544560748e-01
-2.628568003923973523e-02 7.470547977459587319e-01
-2.852842186123858564e-02 7.262978118662660743e-01
-2.802155881907860552e-02 7.309721724494437911e-01
-2.621956746852321246e-02 7.476695311654932841e-01
-3.021514001157029478e-02 7.108160414386568426e-01
-3.471588040265642661e-02 6.700942488820036402e-01
-3.697048858350183292e-02 6.500414383862926915e-01
-4.136273655084803103e-02 6.116985623357549251e-01
-4.688228860861693575e-02 5.649783529305947294e-01
-4.672802594361171596e-02 5.662607184789747450e-01
-4.394112680879228711e-02 5.896626153777235757e-01
-4.216795375829281156e-02 6.047781204007082190e-01
-4.477346712217204761e-02 5.826272638998502007e-01
-4.534644273504855744e-02 5.778068448896249709e-01
-4.384111035565704112e-02 5.905106064720837544e-01
-4.516505696410835768e-02 5.793308243525414625e-01
-4.350885230795351055e-02 5.933316428804780163e-01
-4.228153176439555100e-02 6.038047779116156866e-01
-4.358005046103283209e-02 5.927266208768169342e-01
-4.126272009771277810e-02 6.125605722145950338e-01
-3.006426773480696049e-02 7.121961532096997560e-01
-2.072035774020555138e-02 7.993239580495462571e-01
-1.380566092090599641e-02 8.655022848180484729e-01
-1.092891649767693818e-02 8.933404055747083961e-01
-1.055597379107092899e-02 8.969596447147559770e-01
-9.928751966324464440e-03 9.030512986288565802e-01
-8.184397215880913345e-03 9.200213167269865044e-01
-8.108113480438775694e-03 9.207643260322830869e-01
-4.431237432127735701e-03 9.566466363929779781e-01
3.241211159230386173e-03 9.682821642593619771e-01
8.189482798243720788e-03 9.199717852238681326e-01
1.081533849157419701e-02 8.944423990772921718e-01
1.487871879945873443e-02 8.551586399356310153e-01
1.984055199143956380e-02 8.076758356640573178e-01
2.374458405195607746e-02 7.707937803151905243e-01
3.042025850020359939e-02 7.089412149352309900e-01
3.791301651474246470e-02 6.417312261754455349e-01
4.513962905229431527e-02 5.795446155188085369e-01
4.868258476505137738e-02 5.501158603811187042e-01
5.245778207237672408e-02 5.195823676321291718e-01
6.104563548904050341e-02 4.534957019828370628e-01
6.942328483470816547e-02 3.938224572043649285e-01
7.368330766062133885e-02 3.653758336181961441e-01
8.078956141558669979e-02 3.208364968115027804e-01
8.798227007071982020e-02 2.794949838908706297e-01
9.343401436365125767e-02 2.506582485196850452e-01
9.418159497098421706e-02 2.468704446528150465e-01
9.725837230048377247e-02 2.316998619932998105e-01
9.552079832652396463e-02 2.401846804660741630e-01
9.538857318509093297e-02 2.408391163643440469e-01
9.252878070307123115e-02 2.552983630392747227e-01
9.570387929158509499e-02 2.392805883115387000e-01
9.088613759988385665e-02 2.638685524569852614e-01
8.695328723931143589e-02 2.851786842391240695e-01
8.910618377290065173e-02 2.733746077868155488e-01
8.879935363701116358e-02 2.750364041492942002e-01
8.498177647666239898e-02 2.962833430936107071e-01
8.139135532851911325e-02 3.172332041873838215e-01
8.175921245276231153e-02 3.150436167816589861e-01
8.406637165135673329e-02 3.015355177261347386e-01
8.451898848164675349e-02 2.989309868323702379e-01
8.481564745281063022e-02 2.972319862207185026e-01
8.466477517604729941e-02 2.980952490757751705e-01
8.213385035348926000e-02 3.128237984304135799e-01
8.136592741670506390e-02 3.173849223298148003e-01
8.055731982101840827e-02 3.222341156742979384e-01
7.617863340663970362e-02 3.493189848160743738e-01
7.584468016481522856e-02 3.514418065940888569e-01
7.412236293794385866e-02 3.625180219333966614e-01
7.359176717809076673e-02 3.659734205217859415e-01
7.212372906935983485e-02 3.756392686643577061e-01
7.258821225849641789e-02 3.725642780016240607e-01
7.266788638218042717e-02 3.720383719414441792e-01
7.414948604387884556e-02 3.623419332976195451e-01
7.618710937724437748e-02 3.492652111874692267e-01
8.071158248602361418e-02 3.213053323611281265e-01
7.894858060024977087e-02 3.320232168242598370e-01
8.109130596911337530e-02 3.190264787791211032e-01
8.413417941619420748e-02 3.011443761465197322e-01
8.041661870898067499e-02 3.230827585324281825e-01
8.261189509559331567e-02 3.100061149230438629e-01
8.563612140734384870e-02 2.925663778704744034e-01
7.938763587757229068e-02 3.293329023992991322e-01
7.928422903619516959e-02 3.299652662560829119e-01
7.668888683704155884e-02 3.460910881860893573e-01
7.922998282432520967e-02 3.302973091755967427e-01
7.739069720310923217e-02 3.416822288564650423e-01
7.560735298788413827e-02 3.529553184370365360e-01
7.489706665121179108e-02 3.575093849680238689e-01
7.439359399729367217e-02 3.607595233064391227e-01
7.620067093021187787e-02 3.491791842059663864e-01
7.521067756358501555e-02 3.554941426323920961e-01
7.310863685362388453e-02 3.691373439989169558e-01
7.800944305725100725e-02 3.378248423037788495e-01
7.898078928854757041e-02 3.318253813116208706e-01
7.610913044768131963e-02 3.497601248533485085e-01
7.600911399454605977e-02 3.503955500918725097e-01
7.717032196738748961e-02 3.430628047769599398e-01
7.749918962684916590e-02 3.410038554821367418e-01
8.152188527583120736e-02 3.164551257023758835e-01
7.987246139616011043e-02 3.263784238263096604e-01
7.815014416928872665e-02 3.369515635117544816e-01
7.830610202841487011e-02 3.359852726209013873e-01
8.012335012605870110e-02 3.248562491736082247e-01
8.368664816826698605e-02 3.037320966217803564e-01
8.175412687039949888e-02 3.150738203897650580e-01
7.601758996515074751e-02 3.503416724015260275e-01
7.665667814874377317e-02 3.462942844796509378e-01
7.315271190076823304e-02 3.688480092311815506e-01
7.008780093011522661e-02 3.892997696237443517e-01
6.589897625728140251e-02 4.183306118043401689e-01
5.886053026715349495e-02 4.698514570190999162e-01
5.132030681722840604e-02 5.286902428603357240e-01
4.303250275997037161e-02 5.973867116107169917e-01
3.620934642320138702e-02 6.567840400482880536e-01
3.364621291234556194e-02 6.796911705935547721e-01
2.377679274025387007e-02 7.704914993854102834e-01
1.363105592644954685e-02 8.671875821547796459e-01
7.457158937999199336e-03 9.271073924640861330e-01
3.120852376643902613e-03 9.694593902910024763e-01
-9.111668400033121062e-03 9.109953419874639025e-01
-1.005419633127375631e-02 9.018325041313682844e-01
-8.881121999585770560e-03 9.132384436488274471e-01
-9.791441242528616667e-03 9.043856437355263234e-01
-1.016946953149743156e-02 9.007127326821615654e-01
-1.225794868849107086e-02 8.804611341298116400e-01
-1.050681316156377477e-02 8.974368862624847454e-01
-1.036611204952605191e-02 8.988029869293168161e-01
-1.326319880220635204e-02 8.707401076837768539e-01
-1.783005176400899797e-02 8.268414502316300263e-01
-3.296813526397100735e-02 6.858016382128808708e-01
-4.005235149536419403e-02 6.230341740088993774e-01
-4.523286472894581800e-02 5.787608938195694108e-01
-5.262221590210756222e-02 5.182723929634401872e-01
-5.918939792661515042e-02 4.673694051954220274e-01
-5.864524061379456504e-02 4.714802029122735494e-01
-5.562609988440685160e-02 4.946426850186721458e-01
-5.363594198642752942e-02 5.102339651676517374e-01
-5.069308499248195016e-02 5.337466615591217600e-01
-5.107111328145075985e-02 5.306962502688847838e-01
-3.785877030287250478e-02 6.422083215332298201e-01
-3.167131176145466381e-02 6.975444488021089740e-01
-2.943365552181861564e-02 7.179747731453670623e-01
-2.417855374691579851e-02 7.667238562656693013e-01
-2.308515353891182204e-02 7.769900999656101925e-01
-2.010330708018470344e-02 8.051792169400384669e-01
-1.176973278166138816e-02 8.851888416814027716e-01
-5.543284775462010462e-03 9.457817623111263172e-01
7.947070038949817852e-03 9.223331253499388316e-01
1.251731338899433714e-02 8.779512432274476641e-01
1.339033836127657973e-02 8.695119805363181742e-01
1.960322481450847004e-02 8.099325149628229248e-01
2.956927105149352933e-02 7.167306970343639838e-01
3.960651544155791709e-02 6.269113559290784288e-01
4.610758489534899640e-02 5.714322806752731854e-01
5.733655075243167948e-02 4.814469329943880105e-01
6.490389730829174142e-02 4.254080470494103761e-01
7.042514456018157676e-02 3.870158362943773023e-01
7.754156947987256299e-02 3.407390979535942499e-01
8.017590114380770960e-02 3.245379956259080156e-01
7.786026597460860010e-02 3.387522989153116670e-01
7.675160901951620651e-02 3.456956059891534982e-01
7.683297833732115334e-02 3.451829730757572934e-01
7.569380788805188387e-02 3.524034957106897403e-01
7.179655660401912387e-02 3.778145154722782895e-01
7.089132294343909735e-02 3.838729976374712916e-01
6.963348890570428273e-02 3.923884174805298830e-01
6.498357143197575070e-02 4.248388336045098024e-01
6.155927930768423373e-02 4.496977222831828325e-01
5.325113292097496953e-02 5.132777208621116527e-01
4.231882603505615625e-02 6.034853249555780508e-01
3.698574533059025699e-02 6.499065732647522076e-01
3.007613409365351639e-02 7.120875712021533799e-01
2.646706581017993151e-02 7.453690404097635946e-01
2.324789217452171569e-02 7.754596083567339981e-01
1.266818566575767489e-02 8.764917982476273517e-01
7.552089808771637880e-03 9.261820666273780089e-01
-9.086240488219075829e-04 9.911062517282346329e-01
-8.221691486541513397e-03 9.196580928502490204e-01
-1.945574292598699698e-02 8.113356697847158294e-01
-2.501258925441650349e-02 7.589199229107881362e-01
-2.957266143973540790e-02 7.166996046486453498e-01
-2.892509728553770143e-02 7.226466318243025544e-01
-3.850633445707020430e-02 6.365225880218376986e-01
-4.129492878601057071e-02 6.122829177861439653e-01
-4.595671261858565865e-02 5.726932002661108134e-01
-4.648052760195500732e-02 5.683210242355456465e-01
-4.709927345609678934e-02 5.631769294829016559e-01
-4.741288436847001381e-02 5.605781663883766530e-01
-4.494129134014476085e-02 5.812134430108348848e-01
-4.426829927413301197e-02 5.868925686356583071e-01
-4.367159094356339727e-02 5.919491471843856267e-01
-4.121694985644749898e-02 6.129552285152339852e-01
-3.375301014196455118e-02 6.787306553594609770e-01
-3.090677921291234975e-02 7.045013045303050170e-01
-2.622973863324883428e-02 7.475749464413153911e-01
-1.935403127873081691e-02 8.123037127565940763e-01
-1.452442322818302961e-02 8.585712060699843828e-01
-6.302731741641515346e-03 9.383674595311580768e-01
1.364631267353797568e-03 9.866431286165450176e-01
7.652106261906885601e-03 9.252072767178298740e-01
1.278176367186041433e-02 8.753933889028981952e-01
1.150867288703718259e-02 8.877185242829933598e-01
1.186635884655476078e-02 8.842528228824972913e-01
1.760120055768258501e-02 8.290297489346077908e-01
1.344627976726748241e-02 8.689717031194439389e-01
1.445492026922463695e-02 8.592409659668814870e-01
1.283600988373037946e-02 8.748688592005660070e-01
1.169175385209831296e-02 8.859443410095508842e-01
6.729920660117486193e-03 9.341991966770405442e-01
6.102698835371019905e-03 9.403198469928595316e-01
4.073551472610156647e-03 9.601430756160196367e-01
5.626349287387893972e-03 9.449705849217817644e-01
4.480398061634891654e-03 9.561661461785830873e-01
-5.134742992316338774e-03 9.497722249481552748e-01
-1.175447603457295889e-02 8.853366486583253980e-01
-1.966425180286217669e-02 8.093520757651089248e-01
-2.930651596274838622e-02 7.191417673394449039e-01
-2.825210521952595602e-02 7.288448036590201573e-01
-3.267656187516994326e-02 6.884354347609931146e-01
-3.209511029168875956e-02 6.936988696609853733e-01
-3.375470533608548873e-02 6.787154132453431243e-01
-3.594489614033531677e-02 6.591332082421181848e-01
-3.092373115412171136e-02 7.043467823491880164e-01
-3.476165064392170573e-02 6.696847772910654584e-01
-3.381064674207639315e-02 6.782124964982909621e-01
-3.470740443205174580e-02 6.701700876102223425e-01
-3.862838843377762454e-02 6.354532881621367535e-01
-3.594828652857718493e-02 6.591030695616596491e-01
-3.500914898557842131e-02 6.674722837341321435e-01
-3.786385588523531048e-02 6.421635876292395295e-01
-4.193401696960358943e-02 6.067851071970198351e-01
-4.258158112380129590e-02 6.012367691393202263e-01
-4.489043551651666908e-02 5.816417057458016515e-01
-4.222219997016277843e-02 6.043131534858249276e-01
-4.563123534736587134e-02 5.754178305400361459e-01
-4.844356239399934955e-02 5.520781036773134698e-01
-5.369018819829748934e-02 5.098056423663771541e-01
-5.590580691436135979e-02 4.924717977881285513e-01
-6.527344962665587724e-02 4.227715864932209966e-01
-6.131347616014845570e-02 4.515130056257276037e-01
-6.211530297935137501e-02 4.456065777216262624e-01
-6.563452597441532532e-02 4.202047700248831008e-01
-6.161691590779606875e-02 4.492726633002093184e-01
-6.088967762991435995e-02 4.546524202160651118e-01
-6.274930558058157415e-02 4.409674019890349461e-01
-5.849436833703122729e-02 4.726234418818046068e-01
-6.132703771311595609e-02 4.514127452263612117e-01
-6.109140573030578947e-02 4.531565426298952426e-01
-5.827229790718856800e-02 4.743089323614833042e-01
-5.567526051391400582e-02 4.942607686535789302e-01
-5.359017174516223642e-02 5.105955074175452246e-01
-5.266120536688909809e-02 5.179620285345729602e-01
-4.930133061919315940e-02 5.450521473566356523e-01
-4.585161058308760001e-02 5.735723657168245726e-01
-4.510911555811746021e-02 5.798012132832236487e-01
-4.464632756310182859e-02 5.836993970848838309e-01
-4.392247967346198101e-02 5.898206732584334588e-01
-4.131696630958274497e-02 6.120929754567688841e-01
-4.332746653701331080e-02 5.948742723352561379e-01
-4.594315106561816520e-02 5.728066053742406627e-01
-4.707554073840368447e-02 5.633738265242984600e-01
-5.015909884438698313e-02 5.380704297508019929e-01
-4.916741028363918325e-02 5.461461835076384386e-01
-5.133725875843777459e-02 5.285539187374874714e-01
-5.456999394706347345e-02 5.028848817906387270e-01
-5.672628086889457133e-02 4.861331489808150552e-01
-5.597022429095694501e-02 4.919725533720191724e-01
-5.986917076911064950e-02 4.622618657136784437e-01
-6.165421017845667401e-02 4.489977454089049136e-01
-5.899614579682840171e-02 4.688270577305021503e-01
-5.967422344520296323e-02 4.637234595385767433e-01
-5.957251179794678664e-02 4.644870406802321661e-01
-5.365289392763688409e-02 5.101000942783527892e-01
-5.211874324818945026e-02 5.222886754127609166e-01
-4.646357566074563877e-02 5.684622708313726847e-01
-4.451410242166878306e-02 5.848153798121229485e-01
-4.263413214155031827e-02 6.007875076993239860e-01
-4.120677869172188063e-02 6.130429450114959211e-01
-3.333599238821419869e-02 6.824841543292864410e-01
-3.478029777925201182e-02 6.695179833861477636e-01
-3.177641379695272245e-02 6.965900231742174764e-01
-3.095085426005669132e-02 7.040995719893257121e-01
-3.221546907427524226e-02 6.926081424258895280e-01
-3.251043285131818145e-02 6.899377631407536127e-01
-3.303763822292939828e-02 6.851743705574244725e-01
-3.336481068827012314e-02 6.822245146396810345e-01
-3.501932015030404660e-02 6.673814203692012281e-01
-3.674333257129635405e-02 6.520507707277520826e-01
-3.765365181423920016e-02 6.440136587617655284e-01
-4.197131124026418775e-02 6.064649554182205415e-01
-4.296130460689105007e-02 5.979938772711751449e-01
-4.153225596294166794e-02 6.102387443629804231e-01
-4.159328295129537806e-02 6.097135849872852287e-01
-3.995572543047081621e-02 6.238736029773547243e-01
-4.289180164793265221e-02 5.985868540785692637e-01
-4.639068231354537275e-02 5.690698204521278392e-01
-5.491242315949263625e-02 5.002046042056096375e-01
-5.751285094100905965e-02 4.800976830342518209e-01
-5.951657039195587529e-02 4.649073053721149984e-01
-6.269336417459067667e-02 4.413756354853251018e-01
-6.497000987900826419e-02 4.249356898748760658e-01
-6.661434817631654848e-02 4.132852557790187564e-01
-6.633464114636206110e-02 4.152537044882140815e-01
-6.706187942424376991e-02 4.101471428446865630e-01
-7.094895954355091849e-02 3.834855056878769819e-01
-7.208812999282018796e-02 3.758755816028654939e-01
-7.560396259964226318e-02 3.529769695644722205e-01
-7.771108889196619296e-02 3.396813718072038135e-01
-7.997586823753721763e-02 3.257504860313089612e-01
-8.248645073064403421e-02 3.107438962056585652e-01
-8.637183565583024525e-02 2.884243780626510878e-01
-8.552932417772485252e-02 2.931709063621468769e-01
-8.225081874783388147e-02 3.121328271171502911e-01
-7.799079592192070809e-02 3.379406859790260453e-01
-7.856885711716000975e-02 3.343612802465691924e-01
-8.312892930247892109e-02 3.069773567177473961e-01
-8.243729010113687306e-02 3.110333393095119359e-01
-8.477326759978721926e-02 2.974743084988509256e-01
-8.650406079726327691e-02 2.876841331870390039e-01
-8.728554528701495951e-02 2.833350229691167232e-01
-9.189986368420381690e-02 2.585567080540185358e-01
-9.314074578072926991e-02 2.521550795569701964e-01
-8.859084476013598386e-02 2.761695795104112672e-01
-8.868238524266654210e-02 2.756717003243682185e-01
-9.007244442183438837e-02 2.681857969557240318e-01
-9.202361285503218857e-02 2.579133336617344119e-01
-8.937741483225047912e-02 2.719112872392690505e-01
-8.847896194815417503e-02 2.767789224861768593e-01
-8.842302054216327756e-02 2.770839339155625192e-01
-8.816874142402281178e-02 2.784732064806364482e-01
-8.543269811283148163e-02 2.937185753857862180e-01
-8.464104245835418761e-02 2.982311940058919308e-01
-8.295940989038529112e-02 3.079682469184438220e-01
-8.217962059475453218e-02 3.125532996720501999e-01
-8.254917291311866800e-02 3.103748622936698398e-01
-8.406637165135673329e-02 3.015355177261347386e-01
-7.906554899459439234e-02 3.313051220446910916e-01
-7.734662215596486978e-02 3.419580620821157657e-01
-7.227799173436504077e-02 3.746162959999564945e-01
-6.926902216970295956e-02 3.948768530755248918e-01
-5.870457240802735149e-02 4.710310284986510831e-01
-5.250355231364201014e-02 5.192175656992821242e-01
-4.103895447374918126e-02 6.144910586700269572e-01
