-2.712480112910325286e-02 7.392663726758724740e-01
-2.764522572423072644e-02 7.344491875080408905e-01
-3.273928405764459093e-02 6.878685450762547227e-01
-3.744344774324308289e-02 6.458659161217543687e-01
-4.414285490918370969e-02 5.879539535851394660e-01
-4.897246295973151087e-02 5.477406913391071885e-01
-4.784176848106692220e-02 5.570335189147832544e-01
-4.884871378890315308e-02 5.487540381140669776e-01
-5.205602106571480259e-02 5.227901273730612974e-01
-5.288497099085270187e-02 5.161826488735590246e-01
-5.524976678955896559e-02 4.975714874339575156e-01
-5.408347323435473697e-02 5.067058824718680965e-01
-5.646013539190756353e-02 4.881844815870183263e-01
-5.717550731094271643e-02 4.826812042247764500e-01
-6.024211347571665348e-02 4.594728780714153471e-01
-5.774339734145640668e-02 4.783363633457118347e-01
-5.837231436032382093e-02 4.735494139638933841e-01
-6.102190277134740548e-02 4.536716181988303953e-01
-5.683477329263450506e-02 4.852982630343817272e-01
-5.247303881946516202e-02 5.194607524410047583e-01
-4.815876978168202871e-02 5.544205289097581257e-01
-4.571090947104988061e-02 5.747503034986712889e-01
-4.073381953198062372e-02 6.171278050633646206e-01
-3.361061383580589423e-02 6.800114568467505727e-01
-3.164588384964061446e-02 6.977754294853042438e-01
-2.435315874137224806e-02 7.650881366215216417e-01
-1.279702041894884360e-02 8.752458594360692512e-01
-6.094222864766339100e-03 9.404025832002950169e-01
1.116624367460803194e-02 8.910383929340053299e-01
1.603314599581642103e-02 8.440581401941942286e-01
2.103396865257878279e-02 7.963523244450230187e-01
3.079489640093054439e-02 7.055214534967138018e-01
3.551092644537558879e-02 6.629954687835322158e-01
3.378352363614141318e-02 6.784563172151323318e-01
3.673994218305448589e-02 6.520807797574188491e-01
3.479046894397763018e-02 6.694270116935492343e-01
3.579232866945104147e-02 6.604900153834720733e-01
3.299525836990598732e-02 6.855568253021416814e-01
3.086948494225174797e-02 7.048412958242739057e-01
3.125259881358337377e-02 7.013514494339088134e-01
2.800460687786923697e-02 7.311286777306097440e-01
2.904884645636605922e-02 7.215088623370480292e-01
2.661285250458045662e-02 7.440150066668560491e-01
2.311566703308867363e-02 7.767030673097027327e-01
2.081359341685705411e-02 7.984401967516649989e-01
1.292076958977719965e-02 8.740493905828096155e-01
7.467330102724818557e-03 9.270082457193957737e-01
3.222564023900086581e-03 9.684645469755570613e-01
-1.779953826983214301e-04 9.982577201869087258e-01
-5.995901605752026325e-03 9.413623695168982231e-01
-8.708212199250260285e-03 9.149212200463738842e-01
-1.006267230187843711e-02 9.017501613810467997e-01
-1.425997294531695068e-02 8.611200944447801042e-01
-1.186127326419195160e-02 8.843020830540032629e-01
-1.298688216049371895e-02 8.734102978537506834e-01
-1.373785315606854129e-02 8.661566977382204602e-01
-1.492109865248214713e-02 8.547506164873126533e-01
-2.285630233258540561e-02 7.791438031778736839e-01
-2.985914924617365240e-02 7.140739821028336820e-01
-2.830296104315404432e-02 7.283758086439439117e-01
-2.884542316185369215e-02 7.233794899566869940e-01
-2.957266143973540790e-02 7.166996046486453498e-01
-3.025751986459370574e-02 7.104285381581771919e-01
-2.659590056337109848e-02 7.441724122903368155e-01
-2.235622006690917221e-02 7.838558689786156997e-01
-2.078986069916394230e-02 7.986651299643341417e-01
-1.655187539682295705e-02 8.390800810710057345e-01
-1.755034473405449325e-02 8.295162165776630570e-01
-1.058309689700591243e-02 8.966963548195734379e-01
-1.526013747666942616e-02 8.514878220058299529e-01
-1.078482499739734195e-02 8.947384914994060967e-01
-1.184432132298258999e-02 8.844662868227163299e-01
-1.153410079885123021e-02 8.874720764244407034e-01
-9.272711841522078904e-03 9.094288849307808897e-01
-4.794008974008123931e-03 9.531013284272015218e-01
-4.310878649541251273e-03 9.578230744708969846e-01
-1.384973596805034492e-03 9.864440388035238261e-01
-2.393614098762189037e-03 9.765737994939258648e-01
2.898781946801235083e-04 9.971625765643319372e-01
4.695687714993812675e-04 9.954037214728816974e-01
-4.746543538621904849e-05 9.995353917102929309e-01
2.605513363879238646e-03 9.745006210195454877e-01
8.577682251938157504e-03 9.161918017742151088e-01
7.864005527023933476e-03 9.231424128677794272e-01
7.935203680103261950e-03 9.224487329981915229e-01
1.274955498356262172e-02 8.757048540731054986e-01
1.276311653653011517e-02 8.755737085175956391e-01
1.510417961754327576e-02 8.529883983818907778e-01
1.678750737963311673e-02 8.368208970426296300e-01
1.403451212723241109e-02 8.632943177419959424e-01
1.766561793427816676e-02 8.284136497737164540e-01
2.435146354725130705e-02 7.651040124223775774e-01
2.979642706369900473e-02 7.146485373017836817e-01
3.023039675865872578e-02 7.106765317271683813e-01
3.008800045250006883e-02 7.119789949737721502e-01
2.813174643693946639e-02 7.299551585943229171e-01
2.673829686952975196e-02 7.428505345259366344e-01
2.777745086566376156e-02 7.332269150809416214e-01
2.984389249908522834e-02 7.142137240164010414e-01
2.561607836146986145e-02 7.532882442923725108e-01
2.417685855279485749e-02 7.667397420977043465e-01
2.797578857781332293e-02 7.313947621328741322e-01
2.557200331432551293e-02 7.536991111246262864e-01
2.588730942081968189e-02 7.507613593694888454e-01
3.514306932113239745e-02 6.662763031544676195e-01
2.825041002540501500e-02 7.288604385578021372e-01
2.805037711913451956e-02 7.307061389157121223e-01
2.318516999204707149e-02 7.760493834271757763e-01
9.367642712294515714e-03 9.085056626146499337e-01
8.689565063919959392e-03 9.151027186212148390e-01
1.396839955651589093e-03 9.863279034644292231e-01
-1.274107901295794265e-02 8.757868217615477624e-01
-1.945913331422887207e-02 8.113034065947039020e-01
-2.147471912402224709e-02 7.921809204497982648e-01
-2.408192768202242068e-02 7.676295034282358820e-01
-3.122717090176932442e-02 7.015828842101083929e-01
-2.975913279303840642e-02 7.149902406622177242e-01
-3.590082109319096826e-02 6.595250609387783847e-01
-3.823849378596225201e-02 6.388717339597561606e-01
-3.447346764336252367e-02 6.722645477782187573e-01
-3.986418494794025102e-02 6.246692977601597807e-01
-3.936749307050589619e-02 6.289942154923119366e-01
-4.177127833399370271e-02 6.081830071628715473e-01
-4.113049495627974644e-02 6.137009935708973574e-01
-4.185603804004051770e-02 6.074547569261565805e-01
-4.238324341165174147e-02 6.029337198423727617e-01
-4.552104772950500700e-02 5.763416034031445534e-01
-4.603469154814873038e-02 5.720413257540836183e-01
-4.490908265184696824e-02 5.814846591183986391e-01
-4.617708785430738733e-02 5.708518478517838890e-01
-5.143218962921021487e-02 5.277908312656700573e-01
-5.324943772685402504e-02 5.132911501563668377e-01
-5.658897014509872703e-02 4.871909030993401002e-01
-6.056928594105738528e-02 4.570338773053946868e-01
-6.599899271041664850e-02 4.176230673595455745e-01
-7.022002607154827214e-02 3.884035937449686893e-01
-7.374772503721691019e-02 3.649556712919806989e-01
-7.490384742769552739e-02 3.574657369902808357e-01
-7.635493359521708379e-02 3.482015650451368849e-01
-7.441224113262398521e-02 3.606388215041270717e-01
-8.316283318489765819e-02 3.067794298214397974e-01
-8.576665135465595668e-02 2.918286359326907053e-01
-8.551237223651549091e-02 2.932669395373062038e-01
-8.786530167637521260e-02 2.801372032563951842e-01
-8.941809949115293865e-02 2.716922479463028117e-01
-8.837216471853519273e-02 2.773614137194125306e-01
-8.931299745565489390e-02 2.722583441894558809e-01
-9.399681881180213527e-02 2.478029449244977533e-01
-9.881625569762432504e-02 2.242736098244825227e-01
-1.010386551901719249e-01 2.139736832244882592e-01
-1.068921604897653116e-01 1.884725130102557489e-01
-1.049206497271162608e-01 1.968010139352511789e-01
-1.095807383655704043e-01 1.775337873408052436e-01
-1.102232169374053050e-01 1.749905175938902824e-01
-1.135474926085615760e-01 1.622599959794365221e-01
-1.153613503179635319e-01 1.556122111833607435e-01
-1.151816597411442628e-01 1.562614974008657842e-01
-1.167192008088335925e-01 1.507711978863983671e-01
-1.193281045609546898e-01 1.417901216523293484e-01
-1.209893947994723495e-01 1.362869391775783923e-01
-1.157698921011091897e-01 1.541435507434891772e-01
-1.153087993002144956e-01 1.558018866809545433e-01
-1.106877001265418881e-01 1.731686838485826663e-01
-1.056919630521423320e-01 1.935114397117627394e-01
-1.017557223033280223e-01 2.107236004074624913e-01
-9.769234199544347963e-02 2.296140235668669427e-01
-9.805850392556575423e-02 2.278644129893324100e-01
-9.404428424718837276e-02 2.475631709410240078e-01
-9.441383656555250858e-02 2.457018584248706616e-01
-9.125908030648986757e-02 2.619057634196460538e-01
-8.923162813784993319e-02 2.726971607784489660e-01
-8.724316543399156243e-02 2.835697380509957788e-01
-8.537675670684057028e-02 2.940359572706213176e-01
-8.600567372570797064e-02 2.904809166548331656e-01
-8.516485744172352934e-02 2.952402253537991794e-01
-8.599550256098235923e-02 2.905381818128964788e-01
-8.788903439406831053e-02 2.800068176757757321e-01
-9.167440286611928946e-02 2.597317123953716278e-01
-9.474778980737698364e-02 2.440282230198445035e-01
-1.000113675528844781e-01 2.186919680927696119e-01
-1.043256365906675975e-01 1.993662472748195802e-01
-1.074770024614883634e-01 1.860521184447417042e-01
-1.164750928554187520e-01 1.516330094243938109e-01
-1.220573670956622697e-01 1.328363408084639874e-01
-1.236389832104959341e-01 1.278497134047055783e-01
-1.279176531717393928e-01 1.150814031968633994e-01
-1.332609050409309104e-01 1.005565862718518916e-01
-1.343288773371208444e-01 9.783488860159890443e-02
-1.346001083964706857e-01 9.715302719977228496e-02
-1.345323006316332115e-01 9.732313887887097947e-02
-1.334863658590154378e-01 9.997708614500910862e-02
-1.338982980304029846e-01 9.892511241243880094e-02
-1.322132750741921992e-01 1.032841474329806303e-01
-1.355104276394135110e-01 9.489199377005440306e-02
-1.309164515716758903e-01 1.067407727414003554e-01
-1.298094898107044204e-01 1.097625697081022339e-01
-1.309588314246993013e-01 1.066263943232012151e-01
-1.291483641035392205e-01 1.115989949150439781e-01
-1.287974589205053699e-01 1.125834160766693015e-01
-1.324387358922767544e-01 1.026922840201942855e-01
-1.363054736821326940e-01 9.295160202136404370e-02
-1.362732649938348806e-01 9.302959304021189701e-02
-1.366631596416502670e-01 9.208897920846770280e-02
-1.389499765107934659e-01 8.672339713151232254e-02
-1.367801280359948746e-01 9.180827478702836830e-02
-1.347865797497736495e-01 9.668643347158281665e-02
-1.333270176116474193e-01 1.003863836832099010e-01
-1.361969812583927464e-01 9.321451602551854287e-02
-1.383041075507167039e-01 8.821284142142629681e-02
-1.413707137154906202e-01 8.131894093416372482e-02
-1.427268690122397710e-01 7.841157807945843550e-02
-1.460240215774610550e-01 7.169157984134846839e-02
-1.457409241592646509e-01 7.224959416229753684e-02
-1.481209767050593318e-01 6.766627926060010678e-02
-1.503264242563976116e-01 6.363331357825061096e-02
-1.493822011310360354e-01 6.533521729097870046e-02
-1.485176521293584684e-01 6.692593080752896884e-02
-1.457290578004180881e-01 7.227306065512625888e-02
-1.414317407038443164e-01 8.118627419305562976e-02
-1.461833698248290736e-01 7.137902880260366123e-02
-1.431710098719250757e-01 7.747783150441184263e-02
-1.316894600908228852e-01 1.046695935843511144e-01
-1.224133578610589329e-01 1.317011472916821968e-01
-1.195976404261835796e-01 1.408859515413234953e-01
-1.174786477750130870e-01 1.481136399909739609e-01
-1.053563146161969194e-01 1.949379996110253976e-01
-9.341706242244189606e-02 2.507446029542274579e-01
-8.889937009014640956e-02 2.744939652615593917e-01
-8.902481445509570490e-02 2.738146414876507229e-01
-7.703470643771256898e-02 3.439141414937978425e-01
-6.309003959888979940e-02 4.384855197655973535e-01
-5.775695889442390707e-02 4.782328652913827582e-01
-4.640932944887567885e-02 5.689143715601867601e-01
-4.040495187251896131e-02 6.199751127313382071e-01
-3.670264791239387370e-02 6.524109158842437139e-01
-3.005070618183947051e-02 7.123202540066024824e-01
-2.339367886892224427e-02 7.740892756194883706e-01
-1.631963380225467247e-02 8.413080443268567965e-01
-1.320895259033638691e-02 8.712642027120499622e-01
-6.648551342312539365e-03 9.349930173128007116e-01
-7.402912726129235940e-03 9.276361939904795850e-01
-8.436981139900434634e-03 9.175616272011259955e-01
-6.584133965716955882e-03 9.356215040717495990e-01
-9.333738829875789025e-03 9.088353708907621620e-01
-1.587549294256933655e-02 8.455723119706811675e-01
-1.696719795645237200e-02 8.350989599844497180e-01
-1.869121037744468639e-02 8.186190202669215710e-01
-2.346487702200157274e-02 7.734202962611569365e-01
-2.880643369707215629e-02 7.237382142429296117e-01
-3.306137094062250315e-02 6.849602307804840695e-01
-3.852328639827956591e-02 6.363740292498309969e-01
-4.150343766288575043e-02 6.104868053764330726e-01
-3.923865831731473269e-02 6.301181064080398908e-01
-4.014558717201570370e-02 6.222246581572037361e-01
-4.165430993964909512e-02 6.091886245378994591e-01
-4.412590296797435502e-02 5.880974513491012967e-01
-4.718742355038548636e-02 5.624458854274347885e-01
-4.629066586041011983e-02 5.699039343455323259e-01
-4.895551101852214232e-02 5.478794518055731810e-01
-5.137116264085650474e-02 5.282813236633556730e-01
-4.978785133190190976e-02 5.410866997522068012e-01
-4.640763425475474130e-02 5.689285024477068742e-01
-4.233408278214458031e-02 6.033546613408866666e-01
-4.374617948488460084e-02 5.913159930308720114e-01
-4.643136697244784616e-02 5.687306851301476840e-01
-4.843000084103185610e-02 5.521895385499673292e-01
-4.372244676719148904e-02 5.915174177423274671e-01
-4.120508349760094308e-02 6.130575649610542355e-01
-4.356309851982346354e-02 5.928706483339194477e-01
-4.376313142609396245e-02 5.911721373484386532e-01
-3.668400077706357454e-02 6.525760092370740395e-01
-3.487522865002444517e-02 6.686691011161445264e-01
-3.553296396894776304e-02 6.627991233614534128e-01
-3.290032749913354704e-02 6.864138133079292770e-01
-2.662641405754795007e-02 7.438890897910803712e-01
-2.564998224388858467e-02 7.529722399373739439e-01
-2.136114111791951112e-02 7.932553011657775821e-01
-2.031351115118081377e-02 8.031833355979945965e-01
-2.275459068532922208e-02 7.801015448105399486e-01
-2.597715470922931300e-02 7.499249104828697998e-01
-2.957944221621915115e-02 7.166374212719461845e-01
-3.078472523620492604e-02 7.056142203369579757e-01
-3.118309585462498285e-02 7.019841027421513946e-01
-3.433446172544574182e-02 6.735102771600103289e-01
-3.982180509491684006e-02 6.250378218075800518e-01
-4.078637054972965303e-02 6.166733489902139764e-01
-4.369871404949838417e-02 5.917188736581656672e-01
-4.982514560256250807e-02 5.407833180232239911e-01
-5.242896377232081351e-02 5.198121248937217498e-01
-5.909107666760084199e-02 4.681107068658159065e-01
-5.841299901922628740e-02 4.732406469011650740e-01
-6.215090205589102884e-02 4.453453618581222351e-01
-6.544466423287045864e-02 4.215533258787307336e-01
-6.588541470431391600e-02 4.184266037983560560e-01
-6.657366351741408894e-02 4.135712351051854530e-01
-7.872820536452804219e-02 3.333788520428123681e-01
-7.810437392802344059e-02 3.372354843207254760e-01
-7.934525602454889359e-02 3.295919738405784782e-01
-8.207621375337741110e-02 3.131646435517195792e-01
-8.595481790207989969e-02 2.907673176386303959e-01
-8.844505806573546569e-02 2.769637508417401306e-01
-8.906041353163536567e-02 2.736220678085395930e-01
-8.839081185386549189e-02 2.772596493735655088e-01
-8.413417941619420748e-02 3.011443761465197322e-01
-7.803487096906505660e-02 3.376669143629864589e-01
-8.047086492085064879e-02 3.227554002024198843e-01
-7.852478207001567512e-02 3.346333415956468382e-01
-7.632611529516115934e-02 3.483840662387359677e-01
-7.227121095788131833e-02 3.746612259703805403e-01
-6.956059555850402365e-02 3.928853500189771752e-01
-6.766028294893432216e-02 4.059730873950020413e-01
-6.757721843700843778e-02 4.065509830680426040e-01
-5.979966781015225163e-02 4.627826635386199650e-01
-5.691105702807663924e-02 4.847116943621991858e-01
-5.478019801805959071e-02 5.012386728659029567e-01
-5.161357540015040074e-02 5.263343369095733193e-01
-4.710774942670147708e-02 5.631066170747924815e-01
-4.098131787363733930e-02 6.149887344427219515e-01
-3.910812837000261777e-02 6.312576503513047665e-01
-3.817238121524573619e-02 6.394521400766810526e-01
-4.023034687806251175e-02 6.214891269313189692e-01
-3.774688749089069595e-02 6.431927923267937164e-01
-3.887249638719246503e-02 6.333169464096557455e-01
-3.543464270993345461e-02 6.636753029630866330e-01
-3.874027124575942643e-02 6.344737572236417433e-01
-4.094571879709767853e-02 6.152962100950876145e-01
-3.940987292352930715e-02 6.286247002919016502e-01
-4.170516576327717995e-02 6.087513096111702993e-01
-4.394790758527603036e-02 5.896051445777272804e-01
-4.114236131512629541e-02 6.135986102064545644e-01
-4.115761806221472641e-02 6.134669854141168166e-01
-3.906066293461640110e-02 6.316722453933446557e-01
-3.880638381647594920e-02 6.338952410955669414e-01
-3.739937269609874132e-02 6.462545690213350458e-01
-4.015236794849944002e-02 6.221658019020968045e-01
-4.273584378880651569e-02 5.999183963054761648e-01
-4.122373063293124223e-02 6.128967539000600429e-01
-3.946411913539926708e-02 6.281518552208738004e-01
-4.247478389418230665e-02 6.021502466290085120e-01
-4.004557071888045078e-02 6.230930655021003073e-01
-3.793674923243557651e-02 6.415225429790334388e-01
-3.903014944043954604e-02 6.319388313650980971e-01
-3.598897118747965140e-02 6.587414481536231214e-01
-3.566857949862268368e-02 6.615913491501201893e-01
-3.939122578819900106e-02 6.287872756393340090e-01
-3.835376698618592900e-02 6.378602675716493753e-01
-4.012354964844352945e-02 6.224159574985340670e-01
-4.370888521422400252e-02 5.916325315883563807e-01
-4.355631774333972028e-02 5.929282637630839403e-01
-4.434797339781702125e-02 5.862189023859516457e-01
-4.834524113498504111e-02 5.528862540871877229e-01
-4.876564927697726870e-02 5.494347432746337079e-01
-4.647205163135032652e-02 5.683916454565165477e-01
-4.530067249378327138e-02 5.781912242212373654e-01
-4.528033016433204161e-02 5.783620976863450558e-01
-4.818589288761700867e-02 5.541972335681076833e-01
-5.051678480390456305e-02 5.351722675455464762e-01
-4.971834837294351189e-02 5.416523175015526270e-01
-5.264425342567973648e-02 5.180969578955418875e-01
-5.127114618772125876e-02 5.290856830051753334e-01
-5.205432587159386504e-02 5.228036835253431214e-01
-5.532266013675923855e-02 4.970034840016023248e-01
-6.308495401652698675e-02 4.385225042490873415e-01
-6.366132001764536474e-02 4.343422429481359481e-01
-6.375964127665967318e-02 4.336314221033035210e-01
-7.348157956022989545e-02 3.666935383724145847e-01
-7.921642127135772316e-02 3.303803533511195933e-01
-8.289499251378970590e-02 3.083453339561417761e-01
-8.499872841787177447e-02 2.961866556780030635e-01
-9.041487363426355117e-02 2.663631371864784714e-01
-9.872980079745655169e-02 2.246812630338273775e-01
-1.061886549295766868e-01 1.914143688990397330e-01
-1.110233485624873007e-01 1.718609391751124427e-01
-1.183364160002069038e-01 1.451548010559735591e-01
-1.243577455177729829e-01 1.256317413892969193e-01
-1.329811980109764091e-01 1.012791950166076621e-01
-1.409875998441590117e-01 8.215577721599585936e-02
-1.484481491704000844e-01 6.705517079465013464e-02
-1.548627637240233834e-01 5.595512048545931566e-02
-1.636845539293764196e-01 4.320540557735914194e-02
-1.769494479257036623e-01 2.866299026977894154e-02
-1.789972424237948334e-01 2.684063966987996000e-02
-1.814332363755804256e-01 2.480266088991262691e-02
-1.840489209041852869e-01 2.276351005250369999e-02
-1.854627128010462589e-01 2.172262683510993789e-02
-1.820553726179641174e-01 2.430396627008644256e-02
-1.835878281032906345e-01 2.311213310964961923e-02
-1.803669592735114569e-01 2.567778493508409907e-02
-1.832148853966845958e-01 2.339745601184811327e-02
-1.773613800970912369e-01 2.828816167395654252e-02
-1.765273445895905180e-01 2.905145817660333835e-02
-1.729911696533172061e-01 3.248561428140400026e-02
-1.662493826343531544e-01 3.999092357956334637e-02
-1.583158741483708387e-01 5.063685273771158235e-02
-1.533828592564459026e-01 5.837130151555037366e-02
-1.433964706900096031e-01 7.700727356985474781e-02
-1.331930972760934639e-01 1.007313894809375304e-01
-1.249341115188913470e-01 1.238747196411601470e-01
-1.168649875032340968e-01 1.502582706884059149e-01
-1.092433947355040819e-01 1.788800329615958529e-01
-9.488849091941468916e-02 2.433254660847129214e-01
-8.361036443282485187e-02 3.041746400111879911e-01
-7.241021687579810018e-02 3.737408208754717798e-01
-5.725009585226392694e-02 4.821093302530251590e-01
-4.336815119591578421e-02 5.945281042606529454e-01
-3.437345119022727075e-02 6.731607756036590562e-01
-1.896583182503638540e-02 8.160010091748424177e-01
-5.534808804857328790e-03 9.458645386574466851e-01
4.834693632910598213e-03 9.527037798039239558e-01
1.214776107063020479e-02 8.815277890721587850e-01
1.934386011400519856e-02 8.124005327017739253e-01
2.515159517233328534e-02 7.576216036867133852e-01
3.245788183356914519e-02 6.904132417838104718e-01
3.653143330617930618e-02 6.539274053514328999e-01
3.802320413260332904e-02 6.407625770785041475e-01
4.466836508667400285e-02 5.835134954919055650e-01
4.733660063302787963e-02 5.612097684042571810e-01
5.280190647892681749e-02 5.168428097219277539e-01
5.725348624050578816e-02 4.820833446508321352e-01
5.935722214458785673e-02 4.661055697669764797e-01
5.836214319559819563e-02 4.736266228640937381e-01
5.924872972084792300e-02 4.669223798886935617e-01
5.573628750226771594e-02 4.937868828999644188e-01
5.143218962921021487e-02 5.277908312656700573e-01
4.743153150380031990e-02 5.604238266437372440e-01
4.581940189478980741e-02 5.738419141164742276e-01
4.512945788756869692e-02 5.796301422456140440e-01
4.642797658420597801e-02 5.687589427545326481e-01
4.430050796243080458e-02 5.866201927191745380e-01
4.443951388034758643e-02 5.854453414759548391e-01
4.201369109328760565e-02 6.061012373664405040e-01
3.848260173937709250e-02 6.367305946129917515e-01
3.769603166726260418e-02 6.436404842851003449e-01
3.304950458177594724e-02 6.850672975372504858e-01
2.826058119013063336e-02 7.287666308401261617e-01
2.549910996712524344e-02 7.543787731361172311e-01
1.806737894094009519e-02 8.245735089361554415e-01
1.031525622589796187e-02 8.992968315241205435e-01
2.542791181404592277e-03 9.751142647025585752e-01
-7.136767249142222068e-03 9.302310806180269509e-01
-1.262072023037145649e-02 8.769509048947118357e-01
-1.847931111232763851e-02 8.206404615614762976e-01
-2.248335962597940163e-02 7.826571345758124298e-01
-2.907596956230104265e-02 7.212595695934536089e-01
-3.422596930170580809e-02 6.744831703766198672e-01
-3.938444501171525086e-02 6.288463983664536183e-01
-4.552104772950500700e-02 5.763416034031445534e-01
-4.925216998968601212e-02 5.454536303927977059e-01
-4.978446094366002772e-02 5.411142840829574752e-01
-5.356982941571100665e-02 5.107562354090700030e-01
-5.699920712236533626e-02 4.840343556297745931e-01
-5.707888124604933860e-02 4.834225831629632708e-01
-5.932162306804819596e-02 4.663734989652091878e-01
-6.278659985124218634e-02 4.406953653794066783e-01
-6.109988170091047721e-02 4.530937509022995302e-01
-6.146943401927459916e-02 4.503607641783525795e-01
-6.184746230824342272e-02 4.475746854961092369e-01
-5.717042172857991766e-02 4.827202089151836351e-01
-6.004716615180896722e-02 4.609295927768115586e-01
-5.466662001195684434e-02 5.021278055921547523e-01
-5.443776880563044873e-02 5.039218478202254214e-01
-5.852657702532901990e-02 4.723792528391062007e-01
-5.361899004521816087e-02 5.103678542467725565e-01
-5.859099440192460512e-02 4.718910812100421959e-01
-6.069303511188573613e-02 4.561132339548231718e-01
-6.632955556399926234e-02 4.152895451538517468e-01
-6.702628034770410914e-02 4.103962509798475544e-01
-6.703814670655067198e-02 4.103132050473725645e-01
-6.737718553073793193e-02 4.079446432400063438e-01
-6.679403875313581762e-02 4.120235680186412619e-01
-6.469877881965843680e-02 4.268754957096382308e-01
-6.833836059730886980e-02 4.012737639477272911e-01
-7.063873901941956912e-02 3.855739205768196065e-01
-7.042853494842345186e-02 3.869929233398977653e-01
-7.144226103274341211e-02 3.801787392752715711e-01
-7.175926233335851168e-02 3.780629579663009610e-01
-7.274925569998537400e-02 3.715017469400169192e-01
-7.138123404438968811e-02 3.805868808425120209e-01
-6.758738960173404919e-02 4.064801942299326454e-01
-6.389356161221365626e-02 4.326643071011624375e-01
-6.145587246630711264e-02 4.504608935755827215e-01
-5.652116238026126671e-02 4.877137043271068118e-01
-5.227470110731560760e-02 5.210428835978220263e-01
-4.597366455979502720e-02 5.725514587213327289e-01
-4.439882922144510607e-02 5.857890883820739969e-01
-4.438526766847761956e-02 5.859036912900811300e-01
-3.999980047761516472e-02 6.234906454900787098e-01
-3.649922461788151357e-02 6.542128439354923941e-01
-3.379199960674608705e-02 6.783801196597716299e-01
-3.350042621794502989e-02 6.810031811723823436e-01
-3.170352044975245642e-02 6.972519130986449820e-01
-2.488884008358814917e-02 7.600763102109643343e-01
-1.537202028865122631e-02 8.504116490728759192e-01
-1.232575645332852597e-02 8.798048376706973928e-01
-1.054749782046624645e-02 8.970419251120839155e-01
-2.434298757664662884e-03 9.761757366460270813e-01
8.135236586373757392e-03 9.205001370670059524e-01
1.417012765690732305e-02 8.619863903239497471e-01
2.465659848901985765e-02 7.622479483561017677e-01
3.208832951520500937e-02 6.937603378067709325e-01
4.577702204176639644e-02 5.741966735614549844e-01
5.686698198093229767e-02 4.850505543065944947e-01
6.916052974596302583e-02 3.956194174524020335e-01
7.582264264124305431e-02 3.515821752870764705e-01
8.575139460756751875e-02 2.919148015771711457e-01
8.987071632144295885e-02 2.692635036806788618e-01
9.381882342910383143e-02 2.487035303284622911e-01
9.738890224779588045e-02 2.310710850078950829e-01
9.714818468262290119e-02 2.322315832528700497e-01
1.029966043998534753e-01 2.051831562731953329e-01
1.012844583377077029e-01 2.128555805312493665e-01
9.947399101654762210e-02 2.211893807778567700e-01
9.938075533989612631e-02 2.216247378501081944e-01
9.757367840697793449e-02 2.301830517312020707e-01
9.381204265262006736e-02 2.487378830937168328e-01
9.314922175133394378e-02 2.521117321545439105e-01
8.796531812951044471e-02 2.795879977102561642e-01
8.424436703405506488e-02 3.005094849518586964e-01
7.503776776324951048e-02 3.566043701331498283e-01
6.612104668712406874e-02 4.167605697835620182e-01
5.897071788501436623e-02 4.690190393478851361e-01
5.135082031140526804e-02 5.284448721993538767e-01
4.592958951265067868e-02 5.729200210332088261e-01
4.069483006719908785e-02 6.174650759945734535e-01
3.789097899117029045e-02 6.419250285186159921e-01
3.423275007818955135e-02 6.744223487431802999e-01
3.344618000607506997e-02 6.814916154267426363e-01
3.149331637875633916e-02 6.991618951168299123e-01
2.551436671421367444e-02 7.542365026922976945e-01
2.361913968700678212e-02 7.719714131296818715e-01
2.023722741573867612e-02 8.039075012142520293e-01
1.486176685824937109e-02 8.553218600575791530e-01
1.253426533020370222e-02 8.777872400707825706e-01
6.848584248583033940e-03 9.330416579006669542e-01
5.177122845339748869e-03 9.493582168582102021e-01
9.849077842640451257e-04 9.903596096811380090e-01
-1.290042726032596164e-03 9.873731315496211414e-01
-4.829608050547788169e-03 9.527534727466488995e-01
-9.289663782731443983e-03 9.092640148853508020e-01
-1.126117454538046875e-02 8.901178413082093677e-01
-7.090997007876938610e-03 9.306774097844262572e-01
-8.313231969072080313e-03 9.187666138461163534e-01
-8.030134550875700494e-03 9.215239174329478145e-01
-8.916721076125434797e-03 9.128920372357496316e-01
-8.859084476013598039e-03 9.134528938967422240e-01
-3.548041295119873893e-03 9.652813824055008762e-01
2.598732587395492788e-03 9.745669601631983259e-01
7.414779084975790108e-03 9.275205159446640035e-01
8.830266175957678793e-03 9.137333382476051646e-01
1.583311308954592905e-02 8.459794439592092097e-01
1.571444950108038044e-02 8.471196298074312736e-01
2.225450841965298868e-02 7.848152224177190606e-01
2.975065682243372561e-02 7.150679084072606440e-01
3.461755914364211123e-02 6.709741826213426741e-01
4.536508987037885660e-02 5.776502800422207429e-01
5.040320679780182361e-02 5.360916922338396784e-01
5.226283474846904475e-02 5.211376188348291194e-01
6.198307783791832948e-02 4.465775644480928230e-01
6.706357461836470746e-02 4.101352827722556382e-01
7.507336683978917125e-02 3.563756172330788674e-01
8.051324477387405976e-02 3.224998005739438955e-01
8.642608186770020517e-02 2.881205342089344090e-01
8.584971586658182718e-02 2.913598087362900269e-01
8.846031481282388975e-02 2.768805677798040765e-01
8.977239506242865041e-02 2.697898377000429448e-01
9.615480092775416376e-02 2.370639848495842417e-01
9.896712797438766973e-02 2.235634692542574076e-01
1.032610546827195386e-01 2.040160835625889624e-01
1.020693332157012745e-01 2.093133382210403404e-01
1.075041255674233365e-01 1.859404227762676276e-01
1.065599024420617602e-01 1.898577786841992299e-01
1.036306070010836883e-01 2.023931963944106405e-01
1.022371574336739530e-01 2.085614432889521530e-01
9.867555458558659176e-02 2.249373129155551876e-01
9.266778662098801300e-02 2.545820200169182645e-01
9.022331669859771919e-02 2.673817011567592439e-01
8.149984775225903311e-02 3.165864025360284328e-01
6.979792273543511394e-02 3.912688166341692364e-01
5.883171196709757050e-02 4.700692995181596778e-01
4.859952025312549301e-02 5.507973889771601295e-01
4.018796702503910773e-02 6.218568458046769276e-01
2.949807289841420085e-02 7.173837444434271182e-01
2.553640423778584870e-02 7.540310155183072016e-01
1.824876471188028801e-02 8.228411297616365916e-01
9.310006112182678956e-03 9.090661759383058538e-01
7.413083890854853426e-03 9.275370412869829995e-01
5.029640956818282743e-03 9.507990227047997678e-01
6.246790335650614402e-03 9.389134297512957694e-01
1.169683943446112170e-03 9.885511126375134960e-01
4.070161084368283284e-03 9.601762209571553797e-01
1.025592443166518757e-03 9.899614039658476417e-01
5.644996422718193780e-04 9.944745233992504652e-01
-6.102698835371020907e-05 9.994026465064884679e-01
1.929130909625617054e-03 9.811187355917760922e-01
2.091869545235510927e-03 9.795262726799787156e-01
2.683492293442312545e-03 9.737377335336414585e-01
-6.000987188114837237e-04 9.941260759674205305e-01
-5.800954281844342662e-03 9.432656420967668875e-01
-8.103027898075966517e-03 9.208138624279680329e-01
-9.691424789393368946e-03 9.053577426273003992e-01
-8.682784287436212667e-03 9.151687191899989804e-01
-1.421928828641447727e-02 8.615123589419024785e-01
-1.550933101244707409e-02 8.490912685419604866e-01
-1.932521297867489940e-02 8.125780433082617771e-01
-1.656374175566950949e-02 8.389662776525823595e-01
-1.694346523875926366e-02 8.353263409679679841e-01
-1.428201046888912321e-02 8.609076319966257884e-01
-2.168153280677648925e-02 7.902255898333268025e-01
-2.510752012518894030e-02 7.580331927868605435e-01
-3.009478122898381208e-02 7.119169540101848437e-01
-3.132718735490457040e-02 7.006727323964129228e-01
-3.437684157846914584e-02 6.731303874649059438e-01
-4.150174246876480594e-02 6.105013985801849286e-01
-4.408013272670907590e-02 5.884849753473919698e-01
-4.583974422424104411e-02 5.736716661090186520e-01
-4.818419769349607806e-02 5.542111882503550913e-01
-5.465475365311030231e-02 5.022207476960514061e-01
-5.853166260769183254e-02 4.723407029643316157e-01
-6.689744559451295258e-02 4.112985287840877913e-01
-7.482586849813246954e-02 3.579678892692672587e-01
-8.014877803787273658e-02 3.247022304200445353e-01
-8.418164485158043109e-02 3.008707761952332804e-01
-8.875188820162493997e-02 2.752940860971739845e-01
-9.384425134091786691e-02 2.485747367152522924e-01
-9.642942237534586625e-02 2.357210837334670905e-01
-1.038611534015310145e-01 2.013854822514549725e-01
-1.105334374615366683e-01 1.737721820555967467e-01
-1.107588982796212235e-01 1.728906699289469440e-01
-1.131762450960765165e-01 1.636463946575181239e-01
-1.130677526723365828e-01 1.640532164882624322e-01
-1.152308203706514239e-01 1.560836606668200566e-01
-1.208842927639742909e-01 1.366301901080877457e-01
-1.217929168127962064e-01 1.336844714786284416e-01
-1.200960274977388720e-01 1.392256584335833658e-01
-1.182618274588856933e-01 1.454102983489066747e-01
-1.160885885958452407e-01 1.530051333082687592e-01
-1.122489739119243018e-01 1.671478101810817407e-01
-1.110487764743013500e-01 1.717621665749697601e-01
-1.099536810721764429e-01 1.760541855699846725e-01
-1.108148396856121071e-01 1.726724623019032234e-01
-1.099062156367902193e-01 1.762419913588193776e-01
-1.055597379107092865e-01 1.940725090735648251e-01
-1.006758836482915392e-01 2.156315017162458436e-01
-9.430025855944976221e-02 2.462728761063929794e-01
-8.789072958818924808e-02 2.799975059824743595e-01
-8.389515704514216576e-02 3.025246398720852770e-01
-7.012170481253396370e-02 3.890698622756765257e-01
-5.596852909683600052e-02 4.919856879377437764e-01
-4.367667652592620992e-02 5.919059677957493326e-01
-3.325462307040925186e-02 6.832174553947482076e-01
-2.384629569921226447e-02 7.698393265966654297e-01
-1.616706633137039370e-02 8.427723560361027877e-01
-3.003883982299291114e-03 9.706035181799825828e-01
9.252369512070842197e-03 9.096267340823404046e-01
1.467699069906730491e-02 8.571013554024866643e-01
2.428026539417197857e-02 7.657708842110517722e-01
2.716718098212665689e-02 7.388737117812163024e-01
2.961165090451694376e-02 7.163420756390465050e-01
3.237820770988513591e-02 6.911343594698273751e-01
3.405305950137029608e-02 6.760348325386762447e-01
3.313765467606464427e-02 6.842720941683879676e-01
3.524817135663044915e-02 6.653382732582462378e-01
3.450059074929750363e-02 6.720215823332184035e-01
3.022700637041685068e-02 7.107075330561626325e-01
2.395987370531500044e-02 7.687739278062974968e-01
1.524149034133912353e-02 8.516672108400684671e-01
4.419371073281180666e-03 9.567626191327948115e-01
-9.728719060053968998e-03 9.049952485800456525e-01
-1.787412681115334648e-02 8.264201524019054723e-01
-3.253416556901128631e-02 6.897230705515629001e-01
-3.945903355303645443e-02 6.281961780326215106e-01
-5.118469128755350622e-02 5.297814734289597594e-01
-6.006581328713926637e-02 4.607901443997867164e-01
-6.911984508706055241e-02 3.958980942975394157e-01
-7.298827807103740184e-02 3.699281620247540925e-01
-8.062851797409774368e-02 3.218052311512513142e-01
-8.635657890874182119e-02 2.885098726652963186e-01
-9.349165096376310657e-02 2.503647971991591614e-01
-9.880099895053587322e-02 2.243455105663766935e-01
-1.042307057198951642e-01 1.997777422888514787e-01
-1.106249779440672404e-01 1.734138748562004950e-01
-1.154647571593406530e-01 1.552394854634574495e-01
-1.172091119097841971e-01 1.490527499351146645e-01
-1.192653823784800282e-01 1.420011576023980371e-01
-1.160885885958452407e-01 1.530051333082687592e-01
-1.165056063495956001e-01 1.515250802990693590e-01
-1.152630290589492096e-01 1.559672293968594747e-01
-1.146714063107424214e-01 1.581163153004045696e-01
-1.201807872037856939e-01 1.389447856684638827e-01
-1.190178840368233265e-01 1.428362251884734702e-01
-1.202163862803253686e-01 1.388269480152737878e-01
-1.146985294166773944e-01 1.580173067613970805e-01
-1.122710114354964761e-01 1.670639541324118738e-01
-1.030254226999093858e-01 2.050557425062083661e-01
-9.774319781907157834e-02 2.293704578971904051e-01
-9.619548558665665106e-02 2.368646994928119698e-01
-8.674816875067811739e-02 2.863208636546229480e-01
-8.199484443557246427e-02 3.136462485868697914e-01
-7.595147739443422474e-02 3.507620563444282524e-01
-7.309677049477733557e-02 3.692152656897311758e-01
-6.782302158454420193e-02 4.048422924853537497e-01
-6.404612908309792463e-02 4.315640382629946092e-01
-5.269171886106594621e-02 5.177192010374749298e-01
-5.355118228038070749e-02 5.109035923952132130e-01
-5.300193938519730946e-02 5.152537691671403852e-01
-4.449036970397567820e-02 5.850157883133987324e-01
-3.861482688081013109e-02 6.355720621538796244e-01
-4.084570234396242561e-02 6.161604281285065765e-01
-3.760449118473203900e-02 6.444466524799614682e-01
-3.208832951520500937e-02 6.937603378067709325e-01
-3.170013006151057439e-02 6.972827042333276104e-01
-2.856910652014106253e-02 7.259230467800736886e-01
-1.957779690269442069e-02 8.101743951969228030e-01
-1.735031182778399780e-02 8.314302821889134609e-01
-1.790464030533019807e-02 8.261285136437471754e-01
-1.822842238242905130e-02 8.230353728843403660e-01
-1.802838947615855586e-02 8.249460003048674217e-01
-1.513469311172013082e-02 8.526947657275527614e-01
-2.275628587945015963e-02 7.800855797379246948e-01
-2.686882681684185648e-02 7.416394722152079844e-01
-2.350725687502498371e-02 7.730221733289031061e-01
-2.392088424053346110e-02 7.691396131017005366e-01
-2.616871164489512416e-02 7.481425111761164093e-01
-2.624330018621632427e-02 7.474488393285562138e-01
-2.687899798156747483e-02 7.415451302786613130e-01
-2.994051856397860270e-02 7.133288523340707288e-01
-3.727562352527037659e-02 6.473462975213019055e-01
-4.171872731624468034e-02 6.086347156697682337e-01
-4.655681133739714844e-02 5.676856202568283383e-01
-4.510233478163371695e-02 5.798582421714955082e-01
-4.827065259366383060e-02 5.534997165891665238e-01
-4.618217343667019997e-02 5.708093880725073621e-01
-5.099991512837143137e-02 5.312700969158108411e-01
-5.149152142344298050e-02 5.273141841080239978e-01
-5.466492481783591373e-02 5.021410824839710463e-01
-5.668729140411303546e-02 4.864333738535677742e-01
-5.498531650669289533e-02 4.996350201640679112e-01
-5.787901287113132731e-02 4.773019283195460982e-01
-5.704158697538874723e-02 4.837088930037817258e-01
-5.774339734145640668e-02 4.783363633457118347e-01
-5.703650139302592764e-02 4.837479423109738441e-01
-4.932506333688627814e-02 5.448583799631074864e-01
-4.748747290979122432e-02 5.599609297361924920e-01
-4.799942153431400321e-02 5.557332683075202340e-01
-4.832150841729192237e-02 5.530814108901397352e-01
-4.531253885262983422e-02 5.780915588892310275e-01
-4.492264420481446169e-02 5.813704557212078239e-01
-4.149496169228106962e-02 6.105597729275502594e-01
-4.309861533068689438e-02 5.968231635099350285e-01
-4.028628828405341616e-02 6.210038812810430020e-01
-3.845717382756305008e-02 6.369534902769278251e-01
-3.585505085192568220e-02 6.599320828138220962e-01
-3.750108434335492485e-02 6.453578221147797667e-01
-4.057955686697541781e-02 6.184626917973680138e-01
-4.042020861960738537e-02 6.198428958438726433e-01
-4.132713747430836332e-02 6.120053184712879180e-01
-4.366820055532152217e-02 5.919779342388484800e-01
-3.823001781535757121e-02 6.389461327732537388e-01
-3.983706184200527800e-02 6.249051424528322407e-01
-4.026086037223937375e-02 6.212244272669682488e-01
-3.485319112645227091e-02 6.688661257478309974e-01
-3.381912271268107395e-02 6.781363093629180216e-01
-3.400389887186314186e-02 6.764762405776352239e-01
-3.534988300388663268e-02 6.644309958565007834e-01
-3.555500149251993730e-02 6.626028008757391952e-01
-3.644667360013248425e-02 6.546786669937287861e-01
-4.249512622363354336e-02 6.019762031786169976e-01
-4.566344403566366394e-02 5.751479355122429693e-01
-4.710944462082240769e-02 5.630925550962300186e-01
-4.574989893583142342e-02 5.744237735484024610e-01
-4.503961259915906234e-02 5.803858828017957050e-01
-4.541764088812788591e-02 5.772091582386055242e-01
-4.675006346718389022e-02 5.660774387724977208e-01
-4.372922754367523229e-02 5.914598646401159066e-01
-4.302233159524476019e-02 5.974734325723247697e-01
-3.881485978708062307e-02 6.338210883699115783e-01
-4.410047505616030566e-02 5.883127280417296268e-01
-4.445646582155695498e-02 5.853021409760803540e-01
-4.681278564965853789e-02 5.655559508796432766e-01
-4.913011601297859188e-02 5.464510435149334544e-01
-4.707045515604087182e-02 5.634160230220082166e-01
-5.019978350328945654e-02 5.377403883092335413e-01
-5.474120855327805485e-02 5.015438044330688960e-01
-5.569221245512336743e-02 4.941291095701324521e-01
-5.806378903031338828e-02 4.758944634193379430e-01
-5.874356187280887348e-02 4.707359840656178962e-01
-5.894020439083750423e-02 4.692494741115234014e-01
-6.040654730544749162e-02 4.582461580030208204e-01
-5.844859809576594817e-02 4.729705656995620844e-01
-5.651438160377752346e-02 4.877660009304733979e-01
-5.933179423277380737e-02 4.662969391302586031e-01
-6.538702763275860974e-02 4.219632056215943949e-01
-6.991489112977973541e-02 3.904735695404337736e-01
-7.415287643212070678e-02 3.623199259482262624e-01
-7.964021980159181890e-02 3.277915468332472937e-01
-8.455119716994455303e-02 2.987462139803465644e-01
-8.634471254989525835e-02 2.885763801590783828e-01
-8.180837308226947269e-02 3.147517456875916220e-01
-8.188635201183253054e-02 3.142891387986779250e-01
-8.342558827364278395e-02 3.052483346968348221e-01
-8.903159523157944122e-02 2.737779537184801826e-01
-9.480203601924691581e-02 2.437571136146355899e-01
-1.009199916017063797e-01 2.145149555453826906e-01
-1.066802612246482568e-01 1.893551179796094108e-01
-1.115132596634379053e-01 1.699653147595394098e-01
-1.153138848825773083e-01 1.557835233999791402e-01
-1.207961426696855939e-01 1.369185869178299875e-01
-1.242475578999120978e-01 1.259698209623935083e-01
-1.323760137098021206e-01 1.028566689407361123e-01
-1.304926530414417807e-01 1.078898583869017658e-01
-1.277413529831619987e-01 1.155871151262812813e-01
-1.215776271594372765e-01 1.343779945920371144e-01
-1.189636378249533527e-01 1.430197512403711124e-01
-1.207791907284762462e-01 1.369741011076143766e-01
-1.203638681688468243e-01 1.383395751100952031e-01
-1.160309519957334196e-01 1.532105469198722369e-01
-1.093518871592440017e-01 1.784462519890576970e-01
-1.058869103760500113e-01 1.926863746432087576e-01
-1.035339809361903035e-01 2.028166272490925792e-01
-1.003860054536113988e-01 2.169627753463522768e-01
-9.511734212574110559e-02 2.421854376050770752e-01
-8.574122344284189345e-02 2.919722547416813696e-01
-7.907063457695719111e-02 3.312739231038233090e-01
-7.200506548089430359e-02 3.764273317449289280e-01
-6.852991753297468791e-02 3.999520856217526621e-01
-5.817397664817425262e-02 4.750562229325173691e-01
-4.930811139567690959e-02 5.449967817879953769e-01
-4.464293717485995350e-02 5.837279997541304777e-01
-3.230022878032205724e-02 6.918404029606231020e-01
-2.248166443185846755e-02 7.826731143477567709e-01
-1.276650692477198680e-02 8.755409226571373438e-01
-7.735170773832769110e-03 9.243977898711677188e-01
-2.393614098762189037e-03 9.765737994939258648e-01
-1.144256031632066503e-03 9.887999851286389807e-01
9.276102229763952267e-03 9.093959106125228953e-01
1.260376828916209141e-02 8.771148814953655393e-01
1.550594062420520246e-02 8.491238654999297975e-01
1.864035455381659462e-02 8.191040578604142919e-01
2.378187832261668272e-02 7.704437739710980892e-01
2.622126266264415001e-02 7.476537667835764234e-01
2.621617708028134430e-02 7.477010602427426322e-01
3.007443889953257538e-02 7.121030825637368888e-01
3.135092007259768221e-02 7.004568265476650568e-01
3.113224003099688761e-02 7.024471494024342455e-01
3.134413929611393895e-02 7.005185114890013498e-01
2.669591701650634100e-02 7.432438722736194325e-01
2.699596637591208589e-02 7.404604747479481830e-01
2.789780964825024773e-02 7.321149155340220815e-01
2.755199004757922024e-02 7.353114470591367580e-01
2.510243454282613459e-02 7.580806882091064569e-01
2.176120693046049853e-02 7.894726547265449312e-01
