2.135944592379857270e-03 9.790949942792580574e-01
5.302567210289042474e-03 9.481328326584798072e-01
4.383771996741516429e-03 9.571105727802864394e-01
1.474818885214663425e-04 9.985563963702586143e-01
-3.153061064941693921e-03 9.691443514107150881e-01
-6.131517135426939151e-03 9.400385486627504950e-01
-1.226642465909575166e-02 8.803790926174619447e-01
-1.397009475063682588e-02 8.639157134598657306e-01
-1.629081550219875496e-02 8.415845950685035826e-01
-2.321907387446579471e-02 7.757305701922316832e-01
-2.647215139254273722e-02 7.453217935349930601e-01
-2.647554178078461579e-02 7.452902961453553576e-01
-3.127124594891367293e-02 7.011817480296190785e-01
-3.120343818407621608e-02 7.017989147314427356e-01
-3.282912934605421856e-02 6.870568164305388414e-01
-2.857588729662480578e-02 7.258605922449137271e-01
-2.958283260446101931e-02 7.166063302810585789e-01
-3.341736170601914552e-02 6.817511499092463456e-01
-3.243584430999697094e-02 6.906126720689615972e-01
-2.964555478693567045e-02 7.160312308794339886e-01
-3.201713136212568089e-02 6.944058737101612699e-01
-2.902341854455200987e-02 7.217426008881560051e-01
-3.152891545529599993e-02 6.988382974154527805e-01
-2.899460024449609583e-02 7.220075356777602149e-01
-2.351573284562966798e-02 7.729425558343434588e-01
-2.137639786500793518e-02 7.931109587297739960e-01
-2.015246770969185766e-02 8.047123251181593773e-01
-1.776563438741341622e-02 8.274572819523822176e-01
-2.265287903807304201e-02 7.810596169452455051e-01
-2.676033439310192621e-02 7.426460251536737278e-01
-2.771981426555191960e-02 7.337596183850381149e-01
-2.344114430430846788e-02 7.736432708925995438e-01
-2.292750048566473409e-02 7.784735814142488275e-01
-2.042539396316261913e-02 8.021215287329336308e-01
-2.246132210240723084e-02 7.828648786906928780e-01
-2.191207920722383629e-02 7.880474176185835455e-01
-1.729098003355122523e-02 8.319982044472168381e-01
-1.513469311172013082e-02 8.526947657275527614e-01
-1.926079560207931418e-02 8.131913350766605264e-01
-2.315804688611208806e-02 7.763044609188786138e-01
-1.999142426820290155e-02 8.062420544878233786e-01
-1.772834011675281443e-02 8.278138641454680924e-01
-2.338859328655943856e-02 7.741370662220345977e-01
-2.619583475083010413e-02 7.478902434793365250e-01
-3.641446491183469164e-02 6.549642372631621079e-01
-4.312234804838001312e-02 5.966209226331544713e-01
-5.008451030306577956e-02 5.386757670290919231e-01
-6.519208030885093041e-02 4.233512767424679746e-01
-7.313745515367980898e-02 3.689481477640843554e-01
-8.435794504015781126e-02 2.998559836433894454e-01
-9.133875443017387685e-02 2.614877385098833829e-01
-9.977064998771149884e-02 2.198081921391693838e-01
-1.128321206895264300e-01 1.649393803367674438e-01
-1.160597702957893024e-01 1.531078141725641661e-01
-1.246035486653087609e-01 1.248800865071804239e-01
-1.310385055483833106e-01 1.064116232787429561e-01
-1.375039759256347083e-01 9.008627047946479727e-02
-1.396636532357076743e-01 8.510103184362793893e-02
-1.448526424398939860e-01 7.402338217652068564e-02
-1.460138504127354298e-01 7.171156753888327517e-02
-1.515791727117695997e-01 6.143145038927957935e-02
-1.535913681333211100e-01 5.802577191055061090e-02
-1.425353120765739390e-01 7.881708968299647178e-02
-1.423963061586571432e-01 7.911241101811271326e-02
-1.345238246610285515e-01 9.734441940342301869e-02
-1.348713394558204992e-01 9.647493287672009865e-02
-1.297298156870204111e-01 1.099826212634204686e-01
-1.308994996304665426e-01 1.067865510543316993e-01
-1.333727878529127331e-01 1.002686843631707680e-01
-1.284618104845599851e-01 1.135313653961865094e-01
-1.219488746719223499e-01 1.331837915360632174e-01
-1.148646584405291771e-01 1.574118936002042168e-01
-1.103978219318617754e-01 1.743040136411502516e-01
-1.076227891558888816e-01 1.854523312295726922e-01
-1.055173580576858894e-01 1.942525889255299343e-01
-9.823988969650593317e-02 2.270011997532497827e-01
-9.684644012909622568e-02 2.336920686875147979e-01
-9.307802359825462224e-02 2.524760102146593743e-01
-8.559035116607856264e-02 2.928253599560444731e-01
-7.989619411385320835e-02 3.262342381460804352e-01
-7.464787311543413795e-02 3.591157518070661192e-01
-7.579043395294526864e-02 3.517873927661168132e-01
-7.369856440770976291e-02 3.652762944755744146e-01
-7.141005234444561256e-02 3.803941141294114869e-01
-7.432070065009341309e-02 3.612315983548125553e-01
-7.578026278821965722e-02 3.518522138859990767e-01
-7.391046367282680385e-02 3.638955402088569491e-01
-7.079469687854571258e-02 3.845231485646672942e-01
-6.760773193118528590e-02 4.063386384052416478e-01
-6.821969700884332466e-02 4.020938033318164351e-01
-6.756196168992001372e-02 4.066571799814100441e-01
-6.936056265223351780e-02 3.942509638820833606e-01
-6.871808408039863092e-02 3.986563261597072527e-01
-6.987251127675631057e-02 3.907615901466738872e-01
-7.278146438828317355e-02 3.712894642641524356e-01
-7.554971638777230325e-02 3.533235007086061863e-01
-7.657022324857599982e-02 3.468400779723554983e-01
-7.577178681761496948e-02 3.519062372057759625e-01
-7.909775768289217801e-02 3.311075605210381800e-01
-7.652445300731072764e-02 3.471292468154494326e-01
-7.611930161240693105e-02 3.496955459202029104e-01
-7.486485796291400541e-02 3.577167582227459564e-01
-8.080990374503792262e-02 3.207142647034059157e-01
-7.657530883093881247e-02 3.468079574742610749e-01
-7.811115470450719078e-02 3.371934123745775613e-01
-8.211689841227989839e-02 3.129240218782283200e-01
-7.870955822919772915e-02 3.334937216748420363e-01
-7.819421921643307516e-02 3.366783021456264402e-01
-7.393080600227804056e-02 3.637631580099771611e-01
-7.076926896673166323e-02 3.846943516736497370e-01
-6.826546725010861072e-02 4.017773845974761393e-01
-6.319175124614598293e-02 4.377462029505002628e-01
-5.648386810960066146e-02 4.880013727147997082e-01
-4.609063295413963479e-02 5.715738918095478738e-01
-3.826053130953442627e-02 6.386783138851096497e-01
-2.490748721891844486e-02 7.599020260238471547e-01
-1.165445958143771291e-02 8.863057031035165290e-01
-5.841638940746816076e-03 9.428684105437412644e-01
1.747745138685422939e-03 9.828937557158536897e-01
6.006072770477645546e-03 9.412630773438888099e-01
1.381244169738974140e-02 8.654368485398368227e-01
2.161202984781809486e-02 7.908825639502036209e-01
2.587544306197312946e-02 7.508718554594882022e-01
3.155434336711004928e-02 6.986071893606280447e-01
3.054061728279008209e-02 7.078419213224699247e-01
3.351737815915439150e-02 6.808505726088864840e-01
3.320546244090209764e-02 6.836606349522222903e-01
3.357331956514528898e-02 6.803470561439877162e-01
3.363265135937806849e-02 6.798131776599313225e-01
3.846564979816773089e-02 6.368791881072871641e-01
3.715017916032108819e-02 6.484537483724222007e-01
4.035579124301180709e-02 6.204012276562937966e-01
4.151869440997417449e-02 6.103554734392619974e-01
4.230865487033053790e-02 6.035724410284643016e-01
3.798421466782180012e-02 6.411052607005902626e-01
3.741971502554997109e-02 6.460751788750475066e-01
3.790962612650059654e-02 6.417610403482918446e-01
3.264774357511401881e-02 6.886959557202120275e-01
3.359027150635465753e-02 6.801945032343346131e-01
2.853859302596420400e-02 7.262041145099591422e-01
2.715870501152197955e-02 7.389522385707569807e-01
2.319025557440988067e-02 7.760015590588158485e-01
1.715705969799724909e-02 8.332804049124753476e-01
1.319708623148983101e-02 8.713788559677214662e-01
8.655661181501229234e-03 9.154327272510429658e-01
3.819272354469696509e-03 9.626291614980406752e-01
5.560236716671374891e-04 9.945574872297391344e-01
-8.165750080550612452e-03 9.202029348652764895e-01
-8.969272093874464113e-03 9.123807053524887190e-01
-6.282389412190278639e-03 9.385659908512895555e-01
-6.097613253008211595e-03 9.403694886408546783e-01
-5.543284775462010462e-03 9.457817623111263172e-01
-5.585664628485419690e-03 9.453678892898167430e-01
-1.094586843888629805e-02 8.931759463626439688e-01
-1.204604942337401952e-02 8.825125825421609171e-01
-1.029830428468859679e-02 8.994614549775303836e-01
-1.075431150322048689e-02 8.950345984419596501e-01
-9.560894842081264430e-03 9.066266250580838904e-01
-1.130694478664575307e-02 8.896740562364160443e-01
-1.066107582656898589e-02 8.959394592020953896e-01
-7.618202379488158045e-03 9.255377015932744200e-01
-4.887244650659625794e-03 9.521902967574656929e-01
-3.580249983417665635e-03 9.649664107060238472e-01
2.797070299545051549e-04 9.972621348874821656e-01
1.156122390478621104e-03 9.886838444970534878e-01
5.860286076077116969e-03 9.426863507772778039e-01
7.706352473776849864e-03 9.246786235091269956e-01
1.004402516654813796e-02 9.019313168119635904e-01
1.098994348603064657e-02 8.927483737102293038e-01
1.197654646441562686e-02 8.831856282610686115e-01
1.217149378832331486e-02 8.812980299630823744e-01
1.168497307561456797e-02 8.860100414641667310e-01
8.162359692308739090e-03 9.202359567879753177e-01
1.037289282600979863e-02 8.987371439103445381e-01
1.553475892426111823e-02 8.488467995034303382e-01
1.775715841680873194e-02 8.275383202705156593e-01
1.722656265695564348e-02 8.326149040769311727e-01
2.057626623992595688e-02 8.006902712386222420e-01
2.627550887451411687e-02 7.471493617608454541e-01
2.851825069651296382e-02 7.263915132769585004e-01
2.973200968710342298e-02 7.152387877266432881e-01
2.940314202764176404e-02 7.182547924658713168e-01
2.773337581851941652e-02 7.336342650036380419e-01
3.406153547197497689e-02 6.759587388403727193e-01
3.488879020299193862e-02 6.685478664157012973e-01
3.899455036389987833e-02 6.322499082161233686e-01
4.721115626807858429e-02 5.622491434120313603e-01
5.041846354489024767e-02 5.359681416669150877e-01
5.363255159818566126e-02 5.102607415283958447e-01
6.069133991776480552e-02 4.561258385278542660e-01
7.109644143207240197e-02 3.824950623982622533e-01
7.831288280489862030e-02 3.359433000666552926e-01
8.493261584715523782e-02 2.965638548302160227e-01
9.572761200927820679e-02 2.391635653981914744e-01
1.006741884541706017e-01 2.156392699713121919e-01
1.078363836151268601e-01 1.845761315971434224e-01
1.112284670511205775e-01 1.710653720785085263e-01
1.121489574587890697e-01 1.675287811914414615e-01
1.117251589285549601e-01 1.691502321343417159e-01
1.109504552152870277e-01 1.721443205136334309e-01
1.157698921011091897e-01 1.541435507434891772e-01
1.161445300018361382e-01 1.528059596907915263e-01
1.146222456812352603e-01 1.582958868191009782e-01
1.157427689951742167e-01 1.542407308090677220e-01
1.157105603068764033e-01 1.543561919939514526e-01
1.147782035403614037e-01 1.577267380282509346e-01
1.168480355620247629e-01 1.503178456134230956e-01
1.162987926668413580e-01 1.522577352031216913e-01
1.130508007311272212e-01 1.641168504848025955e-01
1.092433947355040819e-01 1.788800329615958529e-01
1.112844084571115028e-01 1.708488738476310331e-01
1.061530558530370399e-01 1.915641179642374459e-01
1.014912720204619451e-01 2.119180724451521780e-01
1.010759494608325371e-01 2.138037706784234604e-01
1.041171277137924178e-01 2.002708731937156428e-01
1.105266566850529181e-01 1.737987450966205771e-01
1.064988754537080501e-01 1.901130204326581807e-01
1.048680987093672523e-01 1.970266049487280346e-01
1.068650373838303108e-01 1.885853184885967204e-01
1.108334868209424062e-01 1.725997717554537125e-01
1.126100502596837638e-01 1.657778030411791725e-01
1.097146587011244012e-01 1.770014244741588416e-01
1.056851822756585957e-01 1.935401837799383407e-01
1.046341619206780232e-01 1.980331233173813210e-01
1.034932962772878301e-01 2.029951049205459546e-01
1.027796195523736078e-01 2.061443368787904962e-01
1.031000112412305963e-01 2.047262301637344517e-01
9.742958690669833999e-02 2.308753481557931087e-01
9.789576528995586058e-02 2.286408531441291303e-01
9.589374103312997555e-02 2.383455240462847569e-01
9.157608160710496714e-02 2.602452646654950796e-01
8.820434050056250030e-02 2.782784263251975587e-01
8.353577589150365523e-02 3.046077588127435454e-01
7.820099999291681148e-02 3.366362744634391335e-01
7.319170136554976891e-02 3.685921757053705061e-01
6.961484177037399745e-02 3.925155038277935438e-01
6.212208375583511827e-02 4.455568156562551563e-01
5.412415789325720344e-02 5.063857784138305895e-01
4.532779559971825828e-02 5.779634295047795245e-01
3.975230213595845608e-02 6.256424021632244203e-01
4.060498477878945328e-02 6.182425695430824319e-01
3.441752623737161926e-02 6.727657710228924781e-01
2.844874773755457290e-02 7.270319146608463790e-01
2.003210892710537497e-02 8.058555270024979622e-01
1.769613142845502529e-02 8.281218497764079034e-01
1.512113155875264084e-02 8.528252666369064983e-01
7.631763932455648894e-03 9.254055301138796041e-01
6.955381478202026652e-03 9.319999927727615763e-01
4.161701566898849333e-03 9.592813208532928737e-01
4.666869414937894513e-03 9.543437418961993046e-01
4.722810820928795457e-03 9.537970662603203476e-01
3.125937959006712223e-03 9.694096469949613493e-01
-1.237491708283568149e-04 9.987887002090005684e-01
3.893860895790898780e-03 9.618998712826705155e-01
2.947942576308390603e-03 9.711507310967913975e-01
3.641276971771375322e-03 9.643696371039194304e-01
3.624325030562011978e-03 9.645354055810476668e-01
1.881665474239397999e-03 9.815832182526295080e-01
5.475477010624555350e-03 9.464439892338716298e-01
3.878604148702470816e-03 9.620490417334657263e-01
1.123913702180829579e-03 9.889990838995290634e-01
-1.601958444284893061e-03 9.843204685940112331e-01
2.373271769310952425e-05 9.997676958453987073e-01
-4.339696949597169760e-04 9.957521724086404458e-01
-6.916392013420490136e-04 9.932300735367858291e-01
2.830974181963779213e-04 9.972289487750004566e-01
-1.924045327262807878e-03 9.811685012907882530e-01
-3.576859595175792272e-03 9.649995653677494456e-01
-8.628538075566249271e-03 9.156967445480725942e-01
-1.020506860803709580e-02 9.003669603379595987e-01
-1.366495980886827874e-02 8.668602929468924856e-01
-1.498551602907772715e-02 8.541304945223266998e-01
-1.700449222711297378e-02 8.347416745881689470e-01
-1.643490700247834599e-02 8.402020355277132202e-01
-1.908619060762286809e-02 8.148542479405603833e-01
-1.765205638131067331e-02 8.285433461891763551e-01
-1.957610170857348661e-02 8.101905211842979071e-01
-2.512277687227737130e-02 7.578907119458344610e-01
-3.017445535266782483e-02 7.111881142166003311e-01
-3.096102542478230968e-02 7.040068760823012806e-01
-2.982185497551305409e-02 7.144155901986417589e-01
-2.813852721342320964e-02 7.298925884607578851e-01
-3.059147310641818079e-02 7.073776120113898225e-01
-3.060842504762754240e-02 7.072228661708861441e-01
-3.012868511140253877e-02 7.116067775209488078e-01
-3.225276334493584057e-02 6.922702984894976153e-01
-2.943535071593955665e-02 7.179592176157409966e-01
-2.469219756555952189e-02 7.619149487539422783e-01
-2.191546959546571138e-02 7.880153978689028449e-01
-2.002702334474256579e-02 8.059038403722109667e-01
-2.169678955386491678e-02 7.900813957388655995e-01
-2.148149990050599381e-02 7.921167906529407166e-01
-2.138656902973355700e-02 7.930147343372686564e-01
-2.303599290940466782e-02 7.774526048551739787e-01
-2.722651277635943640e-02 7.383240997898792290e-01
-2.816056473699538390e-02 7.296892478232299695e-01
-3.035075554124520847e-02 7.095762918950005993e-01
-3.004901098771852949e-02 7.123357671366263855e-01
-3.316477778199963117e-02 6.840274858650052803e-01
-3.369198315361084106e-02 6.792794580686513095e-01
-3.574147284582294276e-02 6.609425303603371216e-01
-3.429208187242233086e-02 6.738902493245214620e-01
-3.566179872213893348e-02 6.616517171899012340e-01
-4.029645944877903452e-02 6.209156723260190747e-01
-4.284264101842549799e-02 5.990064360830036350e-01
-4.910299290704361191e-02 5.466728122961661551e-01
-4.797907920486278038e-02 5.559009601231830189e-01
-5.376816712786056107e-02 5.091902548824556174e-01
-5.262391109622849977e-02 5.182588968788242045e-01
-5.203737393038451037e-02 5.229392548773460492e-01
-5.363255159818566126e-02 5.102607415283958447e-01
-5.154915802355482940e-02 5.268513637070810773e-01
-5.445472074683980340e-02 5.037888410551587537e-01
-5.472595180618963079e-02 5.016632302421830669e-01
-5.781120510629386700e-02 4.778189942760436848e-01
-5.992511217510154697e-02 4.618429222748290375e-01
-6.082526025331877473e-02 4.551306749892594095e-01
-6.553959510364289198e-02 4.208787340629785989e-01
-7.294250782977212966e-02 3.702291689617724924e-01
-7.843663197572697809e-02 3.351778879032000225e-01
-8.221352447717326928e-02 3.123530285975153475e-01
-8.599041697861954658e-02 2.905668172116467884e-01
-8.945708895593447452e-02 2.714824475714414653e-01
-9.157099602474216837e-02 2.602718466234855699e-01
-8.972492962704242681e-02 2.700441799015738109e-01
-9.488510053117281406e-02 2.433423834139154529e-01
-9.702443551179452952e-02 2.328297686774238318e-01
-9.967232872869720428e-02 2.202652769694894153e-01
-1.001656302178896701e-01 2.179787642938285086e-01
-1.007047019483474498e-01 2.154994719114036450e-01
-1.034017557947572719e-01 2.033970936861868306e-01
-1.052173086982801514e-01 1.955310279522496364e-01
-1.087856923228512351e-01 1.807185957579724722e-01
-1.127337994305121216e-01 1.653101996721779987e-01
-1.150731673174043429e-01 1.566545030748818235e-01
-1.118268705758111436e-01 1.687600251010364372e-01
-1.145527427222768763e-01 1.585500246006564529e-01
-1.130643622840947077e-01 1.640659418150128002e-01
-1.119285822230673411e-01 1.683704871673067371e-01
-1.039984641253268727e-01 2.007870237231877131e-01
-1.002893793887180418e-01 2.174078314222146480e-01
-9.610733549236795403e-02 2.372966326630634726e-01
-8.997412316282007994e-02 2.687106987328435892e-01
-7.968599004285709109e-02 3.275127375963674536e-01
-7.013526636550146409e-02 3.889779222478150222e-01
-6.636176425229704801e-02 4.150625848323427070e-01
-5.787223209464757018e-02 4.773536212699686088e-01
-5.408686362259660513e-02 5.066792031122400175e-01
-5.317654437965375902e-02 5.138687811215866263e-01
-4.559394107670527302e-02 5.757304145714905452e-01
-3.490065656183849452e-02 6.684417930721446854e-01
-2.303938329764653944e-02 7.774207054574371334e-01
-1.136966696912039901e-02 8.890659619345455678e-01
-3.297152565221287551e-03 9.677350260032108187e-01
1.022202054924646044e-03 9.899945876822514590e-01
6.328159653455561230e-03 9.381193007160197883e-01
1.367513097359389536e-02 8.667621105883697163e-01
1.803856064088417074e-02 8.248488248776333354e-01
1.783683254049274469e-02 8.267766319658822471e-01
1.751135526927295738e-02 8.298892189423229260e-01
2.031012076293894561e-02 8.032155171893419210e-01
2.239012394932789890e-02 7.835361566857412807e-01
2.292919567978567510e-02 7.784576257390328768e-01
2.525500201371040643e-02 7.566562195319580519e-01
2.698070962882365489e-02 7.406019226433873115e-01
2.587883345021499762e-02 7.508402846317741020e-01
2.859114404371322984e-02 7.257200761394000388e-01
2.562794472031641041e-02 7.531776381107649909e-01
2.632127911577939947e-02 7.467238533879388962e-01
3.086609455400987287e-02 7.048722070195980738e-01
3.847582096289334924e-02 6.367900302752930175e-01
4.042868459021207311e-02 6.197694472751132944e-01
4.043885575493769147e-02 6.196813139508305923e-01
3.960651544155791709e-02 6.269113559290784288e-01
3.957769714150200652e-02 6.271623252175412278e-01
3.820289470942258431e-02 6.391842331480659389e-01
3.622629836441075557e-02 6.566335665140867750e-01
3.075421174202806751e-02 7.058925468458683294e-01
2.373780327547233421e-02 7.708574227990334649e-01
1.800296156434450998e-02 8.251889504895474348e-01
1.670613806182816991e-02 8.376008973176987116e-01
1.349883078501651172e-02 8.684642249505721834e-01
6.743482213084977910e-03 9.340668995139280728e-01
-1.956254015560599403e-03 9.808533197636843948e-01
-3.737903036664750114e-03 9.634247861090586840e-01
-4.621099173672611055e-03 9.547910377913175761e-01
-8.935368211455735690e-03 9.127105927924220596e-01
-7.970802756642927922e-03 9.221019149293592232e-01
-8.845522923046106323e-03 9.135848663820210769e-01
-1.028474273172110681e-02 8.995931568241153364e-01
-1.119336678054301190e-02 8.907753632914752195e-01
-1.319200064912702183e-02 8.714279938965450167e-01
-1.451933764582022043e-02 8.586202094809363139e-01
-9.259150288554587188e-03 9.095607837479997571e-01
-1.238847863580317191e-02 8.791978362076320330e-01
-1.136119099851571647e-02 8.891481330718169485e-01
-1.295297827807499053e-02 8.737380275260715479e-01
-1.586701697196465227e-02 8.456537351059729701e-01
-1.021354457864177834e-02 9.002846363458553158e-01
-1.286991376614910788e-02 8.745410557604645918e-01
-1.406163523316739279e-02 8.630327024635784383e-01
-1.634675690818965244e-02 8.410477789823639361e-01
-1.817417617055908444e-02 8.235534070004982832e-01
-2.150523261819909868e-02 7.918923473323307149e-01
-2.451250698874026315e-02 7.635962484891544166e-01
-2.609920868593672977e-02 7.487890689549193679e-01
-2.483459387171818231e-02 7.605833872978093879e-01
-2.801986362495766450e-02 7.309878224788135537e-01
-2.692815861107462905e-02 7.410891984896860185e-01
-2.638400129825404367e-02 7.461408734735643922e-01
-2.472949183622012714e-02 7.615661388333245796e-01
-2.817243109584193980e-02 7.295797645037063184e-01
-2.791137120121773771e-02 7.319896546640152213e-01
-3.075929732439088016e-02 7.058461563881794909e-01
-3.351229257679158580e-02 6.808963538201400212e-01
-3.689590004218062935e-02 6.507009423019226579e-01
-4.363599186702372956e-02 5.922514429844989436e-01
-5.063883878061197635e-02 5.341851071639769355e-01
-5.168646874735067370e-02 5.257495899320818733e-01
-5.476494127097116665e-02 5.013580605794105693e-01
-5.755353559991153306e-02 4.797866077641881333e-01
-6.032687318176348235e-02 4.588403208934455080e-01
-6.176948337868035099e-02 4.481485969634555477e-01
-6.621089197553370331e-02 4.161263409193772800e-01
-6.695677738874572515e-02 4.108828613906749805e-01
-7.079639207266663625e-02 3.845117366647632373e-01
-7.822642790473086083e-02 3.364787004101292833e-01
-8.139135532851911325e-02 3.172332041873838215e-01
-8.447321824038148130e-02 2.991936886592111433e-01
-8.723977504574967345e-02 2.835885208878574093e-01
-8.792124308236609620e-02 2.798299311259850874e-01
-8.889597970190453446e-02 2.745123411665247870e-01
-9.038266494596575162e-02 2.665342150225179507e-01
-9.319838238084110493e-02 2.518604186503109466e-01
-9.061999212289684191e-02 2.652753969099777565e-01
-8.792124308236609620e-02 2.798299311259850874e-01
-8.437998256372997163e-02 2.997292936508831329e-01
-7.545817590524173113e-02 3.539087547408523715e-01
-7.533442673441337334e-02 3.547008949933968536e-01
-6.889438426897601109e-02 3.974445550340800493e-01
-6.462758066657911526e-02 4.273855401632429274e-01
-5.974203121004041661e-02 4.632147902481391633e-01
-5.113553065804634506e-02 5.301773242029323985e-01
-4.557359874725402937e-02 5.759009484090018560e-01
-3.755533055522489172e-02 6.448797656518202581e-01
-3.290541308149635275e-02 6.863678931040535502e-01
-2.471253989501075859e-02 7.617246828558935645e-01
-1.441932119268497445e-02 8.595840525867477488e-01
-4.438018208611481559e-03 9.565803609494940574e-01
3.166622617909184770e-03 9.690117048844900660e-01
8.842132534804232960e-03 9.136178598720847699e-01
2.004736567419380250e-02 8.057105912959907634e-01
2.633484066874688945e-02 7.465977915049568647e-01
2.998459361112294774e-02 7.129253533516272112e-01
3.521596266833265654e-02 6.656256790132124568e-01
3.328005098222330121e-02 6.829882669821893959e-01
3.433446172544574182e-02 6.735102771600103289e-01
3.848938251586084269e-02 6.366711612649517127e-01
4.140850679211331015e-02 6.113042606473710894e-01
4.128984320364775806e-02 6.123267542958215071e-01
3.815034369167356193e-02 6.396456573766258202e-01
3.543972829229626725e-02 6.636299721481651037e-01
2.880473850295121874e-02 7.237538123145761393e-01
2.351403765150873043e-02 7.729584791440170521e-01
1.718418280393223252e-02 8.330206831703137471e-01
1.030847544941421515e-02 8.993626803911196621e-01
8.375954151546724513e-03 9.181558439323170839e-01
3.598897118747966094e-03 9.647840611399289834e-01
-7.584298497069429622e-03 9.258681391860066334e-01
-1.273938381883700510e-02 8.758032154575633443e-01
-2.208837939580122339e-02 7.863828620390603819e-01
-3.059655868878098650e-02 7.073311870022607195e-01
-2.681797099321376471e-02 7.421112395385019989e-01
-3.224428737433115977e-02 6.923470758825297500e-01
-3.259010697500218379e-02 6.892171073010028293e-01
-3.003883982299291114e-02 7.124288483914167358e-01
-3.630597248809475791e-02 6.559265256535899979e-01
-3.805710801502205920e-02 6.404646529304853786e-01
-3.889114352252276419e-02 6.331538777296652487e-01
-4.160514931014193396e-02 6.096114937580758841e-01
-4.156107426299758545e-02 6.099907276603326878e-01
-4.368515249653089072e-02 5.918340053298060122e-01
-5.040998757428556687e-02 5.360367791183535680e-01
-4.584143941836198166e-02 5.736574798448692558e-01
-4.314777596019404859e-02 5.964042702631520143e-01
-4.125763451534996545e-02 6.126044174234760442e-01
-3.764856623187638751e-02 6.440584456722793227e-01
-3.126446517242992273e-02 7.012434559240086074e-01
-2.627550887451411687e-02 7.471493617608454541e-01
-2.575338908526570575e-02 7.520086799063556704e-01
-2.098650321719256612e-02 7.968018986434002304e-01
-1.763001885773850252e-02 8.287541127327363588e-01
-1.701466339183859214e-02 8.346442389741295376e-01
-1.136797177499946146e-02 8.890823960676244031e-01
-6.987590166499819261e-03 9.316858623454963295e-01
1.013726084319964155e-03 9.900775470481046892e-01
7.735170773832769110e-03 9.243977898711677188e-01
1.712315581557852587e-02 8.336050824197328568e-01
2.478882363045289278e-02 7.610113128270172833e-01
3.177980418519459060e-02 6.965592431571012710e-01
3.795200597952400751e-02 6.413884042981721212e-01
4.522608395246207474e-02 5.788178751353172391e-01
5.465814404135217741e-02 5.021941918899159862e-01
6.596000324563511263e-02 4.178988067053392985e-01
7.959105917208465775e-02 3.280911783989637343e-01
8.290346848439437977e-02 3.082956999738369896e-01
8.721095674569376288e-02 2.837482086800043879e-01
9.297122636863561218e-02 2.530231079916720471e-01
9.570048890334321989e-02 2.392973091338909675e-01
1.021286650099340332e-01 2.090472949746941256e-01
1.075278582851164483e-01 1.858427293308933803e-01
1.079686087565599195e-01 1.840352446137087095e-01
1.081110050627185626e-01 1.834540513916683990e-01
1.142611693334757983e-01 1.596194966210141286e-01
1.175820546163902081e-01 1.477545427273310452e-01
1.232016231272943657e-01 1.292140080390866697e-01
1.281821034546054838e-01 1.143260679108721867e-01
1.294534990453077850e-01 1.107484535948857346e-01
1.355358555512275742e-01 9.482944084387184835e-02
1.391856084936036186e-01 8.618503522533285666e-02
1.390974583993149216e-01 8.638612303500008138e-02
1.416182120571473357e-01 8.078198095568980830e-02
1.410486268325127079e-01 8.202201481623794255e-02
1.402298480721004270e-01 8.383129092110723490e-02
1.407689198025582067e-01 8.263653123433721548e-02
1.441186233855285270e-01 7.551557559310125012e-02
1.449170598164895574e-01 7.389357459630484237e-02
1.484735770822141199e-01 6.700786429855273840e-02
1.517198738238073330e-01 6.118809981100993556e-02
1.527607230140622663e-01 5.941234095426617401e-02
1.561409400912094347e-01 5.393522637434402384e-02
1.608501893591707532e-01 4.700630545475511374e-02
1.600008971045816242e-01 4.819801785211277889e-02
1.661069863281945114e-01 4.016396569189326776e-02
1.656204656154857402e-01 4.075994386861009344e-02
1.663239711756743788e-01 3.990053264776878550e-02
1.659222101690124296e-01 4.038944529460122834e-02
1.599415653103488100e-01 4.828220187688558873e-02
1.561070362087906838e-01 5.398801574464003744e-02
1.625013084329627877e-01 4.475966736413766744e-02
1.600161538516700066e-01 4.817639027461966678e-02
1.520928165304133162e-01 6.054689625246473250e-02
1.457460097416274636e-01 7.223953898502359638e-02
1.360715368934434510e-01 9.351924644581516288e-02
1.334168629000570538e-01 1.001554472444819294e-01
1.294534990453077850e-01 1.107484535948857346e-01
1.192077457783682071e-01 1.421952930248694957e-01
1.071142309196079778e-01 1.875507709685276247e-01
1.005063642361979093e-01 2.164093153269396608e-01
9.740924457724711716e-02 2.309732019957087545e-01
9.116923501808023300e-02 2.623777013685604231e-01
8.296788586098996499e-02 3.079186527020399966e-01
7.911979520646435227e-02 3.309724303203313012e-01
7.045396286023750121e-02 3.868211022956695722e-01
6.019803842857231191e-02 4.598019987817344445e-01
5.968100422168670649e-02 4.636725787526025933e-01
5.783493782398697880e-02 4.776379867029210136e-01
5.728908531704544893e-02 4.818105413569229167e-01
5.293243642623892548e-02 5.158056085615743136e-01
4.980310807899033382e-02 5.409625788710122896e-01
4.820962560531012742e-02 5.540018858932586054e-01
4.889109364192655710e-02 5.484068984142500547e-01
4.629405624865200186e-02 5.698756498478967369e-01
4.265786485924343702e-02 6.005846646691757051e-01
4.268668315929935453e-02 6.003383964840669496e-01
4.225779904670244613e-02 6.040081053128429911e-01
3.792488287358902060e-02 6.416268810739133022e-01
3.884537328125748507e-02 6.335541687042167691e-01
4.032358255471402142e-02 6.206804748266070426e-01
3.852667678652144101e-02 6.363443192324005349e-01
3.836902373327436000e-02 6.377264469730645757e-01
3.621782239380606783e-02 6.567088015582550620e-01
3.596693366390749103e-02 6.589373166161029971e-01
3.702982037773460550e-02 6.495170267069083625e-01
3.976077810656313688e-02 6.255686594956081370e-01
3.807236476211049020e-02 6.403306057732637280e-01
4.493112017541914249e-02 5.812990838725626830e-01
4.768581062194077874e-02 5.583212302145406092e-01
5.387157396923768216e-02 5.083747920860726133e-01
5.910124783232646728e-02 4.680339906009486350e-01
6.179152090225251831e-02 4.479863626537334831e-01
6.761281751354809855e-02 4.063032540017306182e-01
7.261533536443140480e-02 3.723851949756995516e-01
7.711777094963846724e-02 3.433925394090204808e-01
8.980968933308924873e-02 2.695901115683130289e-01
9.898747030383889256e-02 2.234678419181761744e-01
1.031847709472774044e-01 2.043522472684402846e-01
1.132050633961324410e-01 1.635384592507956314e-01
1.187398722009897628e-01 1.437786902317715609e-01
1.279244339482231430e-01 1.150619872016165751e-01
1.340915501601897541e-01 9.843461772356006112e-02
1.389075966577700549e-01 8.682050941803007293e-02
1.467749925730358618e-01 7.022825957282126386e-02
1.532472437267710097e-01 5.859694308400591883e-02
1.566901829863928119e-01 5.308596479783191796e-02
1.580005680418766489e-01 5.110439532522615541e-02
1.603467167052526343e-01 4.770977126520344058e-02
1.565613482332016415e-01 5.328417474000448489e-02
1.601856732637636782e-01 4.793662650297057792e-02
1.573597846641626996e-01 5.206559239818280005e-02
1.603467167052526343e-01 4.770977126520344058e-02
1.560731323263719883e-01 5.404084780185171993e-02
1.581582210951237299e-01 5.087017863929971934e-02
1.585532013253019568e-01 5.028728383786415512e-02
1.567020493452393748e-01 5.306773933203137034e-02
1.505654466274496395e-01 6.320829048419791818e-02
1.471106410089812466e-01 6.958211732590575960e-02
1.401027085130301941e-01 8.411508210284067422e-02
1.329693316521298740e-01 1.013099414488590894e-01
1.233168963275180219e-01 1.288533447418857281e-01
1.145137532574953126e-01 1.586927235220219057e-01
1.062378155590838480e-01 1.912077127732869919e-01
9.576660147405974266e-02 2.389714002453960373e-01
8.696515359815798485e-02 2.851127012139271222e-01
8.089296825696382087e-02 3.202154629893246840e-01
7.639731344824049475e-02 3.479332902545324568e-01
6.879097742759889000e-02 3.981550385723839902e-01
6.399357806534888837e-02 4.319428383576332520e-01
5.821127091883485788e-02 4.747726926016841986e-01
5.220011256599439015e-02 5.216385080313878930e-01
4.488874032239572459e-02 5.816559836853225640e-01
3.684673941267347513e-02 6.511357634525214433e-01
2.874540670871843923e-02 7.242998163358247421e-01
2.351573284562966798e-02 7.729425558343434588e-01
1.889632886607799100e-02 8.166634013029040462e-01
1.151036808115811841e-02 8.877020940911269919e-01
1.184601651710352581e-02 8.844498662246363940e-01
1.050511796744283723e-02 8.974533435237479484e-01
1.002198764297596370e-02 9.021454161117181680e-01
7.535137867562274536e-03 9.263472961699197317e-01
9.616836248072167109e-03 9.060827892197875766e-01
5.111010274623229571e-03 9.500040753493308454e-01
7.809759315153970080e-03 9.236709697381810802e-01
1.204604942337401952e-02 8.825125825421609171e-01
1.217318898244424893e-02 8.812816189763768016e-01
1.236813630635193520e-02 8.793946938628756094e-01
1.012878487259495815e-02 9.011079239133236163e-01
-1.498551602907772845e-03 9.853324697185685821e-01
-1.864713533030034072e-05 9.998174753061219722e-01
2.585171034428001939e-03 9.746996389725928189e-01
3.120852376643902613e-03 9.694593902910024763e-01
7.106253754965366140e-03 9.305286309903956221e-01
8.594634193147519113e-03 9.160267791138572147e-01
1.731810313948620519e-02 8.317385720503704949e-01
2.324280659215890305e-02 7.755074231856727840e-01
2.933872465104617883e-02 7.188460673676552171e-01
3.252399440428566796e-02 6.898150786346289864e-01
3.292745060506852700e-02 6.861689188009001406e-01
3.672129504772417979e-02 6.522458393887367034e-01
4.208149885812505903e-02 6.055194895498099417e-01
4.565835845330085824e-02 5.751905465774695969e-01
4.786719639288097849e-02 5.568237018731110322e-01
4.897415815385244148e-02 5.477268162386387251e-01
5.044389145670429009e-02 5.357622556031500505e-01
5.449371021162133927e-02 5.034829951292077999e-01
6.045909832319651400e-02 4.578544972816641634e-01
6.515478603819033210e-02 4.236171219592010928e-01
7.327307068335471574e-02 3.680586144883992716e-01
7.709403823194535543e-02 3.435415174988729614e-01
8.163037769957114109e-02 3.158093554616177578e-01
8.766865915834658185e-02 2.812191119037315556e-01
9.080476828207890982e-02 2.642981287244700606e-01
8.959439967973033270e-02 2.707444602309879156e-01
9.715835584734852648e-02 2.321824653998798560e-01
1.037746985013632828e-01 2.017629496432382652e-01
1.134135722730076068e-01 1.627590970886183541e-01
1.210283842642538854e-01 1.361597718693498271e-01
1.308299966715081308e-01 1.069744032009315171e-01
1.365309345002172214e-01 9.240711870426265850e-02
1.486329253295821662e-01 6.671202921629215687e-02
1.500602787794105830e-01 6.410931350150896046e-02
1.546356077118179184e-01 5.632054036737173947e-02
1.554815095781652001e-01 5.496966465311249606e-02
1.489397554654716405e-01 6.614538854683831015e-02
1.424759802823411525e-01 7.894303267527352785e-02
1.444390150743855017e-01 7.486128624418002253e-02
1.360376330110247278e-01 9.360174169126600496e-02
1.261343089565143127e-01 1.202769689417082233e-01
1.246374525477274703e-01 1.247766829852874487e-01
1.167547998853732394e-01 1.506458264654692847e-01
1.096570221010125523e-01 1.772303981623787328e-01
1.038611534015310145e-01 2.013854822514549725e-01
1.013403997436986004e-01 2.126017002643705300e-01
9.599375748626520766e-02 2.378539738131052739e-01
8.704313252772105658e-02 2.846793527725866579e-01
7.619558534784906523e-02 3.492114427628211226e-01
6.771622435492521963e-02 4.055841661804576725e-01
6.362911132934756520e-02 4.345752428813824952e-01
5.814007276575552247e-02 4.753140575979506455e-01
4.650256512552717464e-02 5.681374285049103356e-01
4.134578460963866248e-02 6.118446282815466208e-01
3.411747687796588130e-02 6.754566026517032640e-01
3.030668049410086690e-02 7.099791271896901401e-01
2.464303693605236767e-02 7.623748168139197201e-01
1.868273440684000211e-02 8.186998550986508416e-01
1.247493353597092618e-02 8.783612737934476389e-01
9.420193730043545030e-03 9.079946456434075941e-01
1.495161214665900132e-03 9.853656504877238431e-01
-5.533113610736392109e-03 9.458810939961743713e-01
-1.026440040226986837e-02 8.997907147254269322e-01
-1.886920576014300757e-02 8.169219309952875374e-01
-2.945230265714891826e-02 7.178036686868896066e-01
-4.167126188085844979e-02 6.090428375234242520e-01
-5.330537913284492946e-02 5.128480791069964795e-01
-5.982340052784537038e-02 4.626047937226118734e-01
-6.762637906651559894e-02 4.062089044959079631e-01
-7.447835370334050797e-02 3.602110809400702607e-01
-8.338998919710312319e-02 3.054554789463156395e-01
-8.643794822654676802e-02 2.880540968626288389e-01
-9.714818468262290119e-02 2.322315832528700497e-01
-1.005945143304865785e-01 2.160046030942883999e-01
-1.081330425862907368e-01 1.833642252483238810e-01
-1.101859226667447345e-01 1.751374080775794095e-01
-1.082347542335469204e-01 1.829500610891444945e-01
-1.060496490116599189e-01 1.919995871870234239e-01
-1.021320553981758944e-01 2.090320998323663970e-01
-9.905019248631354023e-02 2.231731733283657815e-01
-1.002334379827271443e-01 2.176657923625539559e-01
-9.451046263044586559e-02 2.452167914147382333e-01
-8.792632866472890885e-02 2.798020085452220251e-01
-8.075735272728890024e-02 3.210300926062485960e-01
-7.702114488474509635e-02 3.439993485491117386e-01
-7.259668822910109176e-02 3.725083088817127130e-01
-7.502759659852388519e-02 3.566697449261234665e-01
-7.060483513700083202e-02 3.858025788813889134e-01
-6.606171489289129617e-02 4.171797094484686053e-01
-5.933009903865287676e-02 4.663096986230378382e-01
-5.655337106855905932e-02 4.874653363771325187e-01
-5.101856226370173747e-02 5.311197736404407177e-01
-4.673141633185359800e-02 5.662325197662794185e-01
-4.483279891640482712e-02 5.821272466655211808e-01
-3.899794075214175343e-02 6.322202790720141685e-01
-3.483623918524290930e-02 6.690176985204336901e-01
-3.508373752689962488e-02 6.668060645575879519e-01
-3.182896481470174482e-02 6.961129885170384002e-01
-2.459726669478708508e-02 7.628030445107791824e-01
-2.262575593213805858e-02 7.813151584917382708e-01
-1.995073960930043161e-02 8.066286288373250013e-01
-1.845049281227172100e-02 8.209154690277823407e-01
-1.478887351104910680e-02 8.560237763313862658e-01
-1.090348858586288883e-02 8.935871029039864633e-01
-7.719914026744340713e-03 9.245464653432403646e-01
-2.978456070485245664e-03 9.708522496408106273e-01
8.781105546450523056e-04 9.914049107424364182e-01
1.718926838629504126e-03 9.831757762023347613e-01
1.081533849157419701e-03 9.894138751697217904e-01
-1.028982831408391469e-03 9.899282202666361830e-01
3.446329647863690358e-03 9.662760648583441636e-01
3.836224295679060720e-03 9.624634109818425154e-01
3.002188788178354866e-03 9.706201001895657932e-01
1.771477856378532358e-03 9.826615051381625277e-01
1.708755673903885556e-03 9.832753133434075643e-01
2.152896533589221048e-03 9.789291195753113684e-01
-3.861652207493106604e-03 9.622147882211700143e-01
-6.294255771036832807e-03 9.384501804543161629e-01
-8.162359692308739090e-03 9.202359567879753177e-01
-1.027457156699548846e-02 8.996919350056390430e-01
-1.569749755987101536e-02 8.472825394246348285e-01
-1.939810632587516195e-02 8.118841925066211385e-01
-2.546520608470652022e-02 7.546949592172391696e-01
-2.650266488671958881e-02 7.450383322083889981e-01
-2.948790173368858250e-02 7.174770536399723841e-01
-3.266130512808151920e-02 6.885733530655101520e-01
-3.578046231060448557e-02 6.605955912265331076e-01
-3.965567607106507825e-02 6.264833305157326837e-01
-4.281212752424864293e-02 5.992669326598196733e-01
-4.654664017267152315e-02 5.677703213311984243e-01
-4.738576126253503384e-02 5.608026969396309180e-01
-5.061341086879794088e-02 5.343906904953092951e-01
-5.398345678121948404e-02 5.074932523556101582e-01
-5.821635650119766359e-02 4.747340365030278120e-01
-6.144061571921868858e-02 4.505735540675351869e-01
-6.425463795997310434e-02 4.300629372395142758e-01
-6.462588547245817772e-02 4.273976883608152644e-01
-6.658213948801876281e-02 4.135116465162296251e-01
-6.681438108258705433e-02 4.118808780870109043e-01
-6.962331774097865744e-02 3.924577342438316796e-01
-7.106592793789552609e-02 3.826998542250252822e-01
-7.807894601620940511e-02 3.373932838696599434e-01
-8.401212543948677336e-02 3.018486719910620231e-01
-9.142012374797882368e-02 2.610612909732695774e-01
-9.781100558390902477e-02 2.290459868827244005e-01
-1.010725590725906481e-01 2.138192132901292342e-01
-1.063717358946378172e-01 1.906455775688762899e-01
-1.111894775863390694e-01 1.712163850223184236e-01
-1.114827461692610572e-01 1.700829263258374358e-01
-1.099689378192648670e-01 1.759938508088639553e-01
-1.088653664465352722e-01 1.803975548756771574e-01
-1.057394284875285556e-01 1.933103181370515455e-01
-1.029660909056766271e-01 2.053181270598130603e-01
-1.041713739256623777e-01 2.000352383423803226e-01
-1.062734146356235088e-01 1.910581667338391021e-01
-1.036390829716883483e-01 2.023560837856431538e-01
-1.014539777498013468e-01 2.120869125862417937e-01
-9.791441242528617361e-02 2.285517915549376555e-01
-9.436637113016627110e-02 2.459403807806902487e-01
-8.960965642681875676e-02 2.706625457464746920e-01
-8.783987376456114937e-02 2.802769474052906884e-01
-8.301704649049711227e-02 3.076311094277894287e-01
-7.671092436061373310e-02 3.459521024784925070e-01
-6.995218540044031985e-02 3.902202170834119244e-01
-6.624649105207336408e-02 4.158751987888478219e-01
-6.123888761882725906e-02 4.520646606789082700e-01
-5.570916439633273598e-02 4.939974690634246768e-01
-5.202042198917514182e-02 5.230748440981426439e-01
-4.530236768790420893e-02 5.781769858268663853e-01
-3.641785530007657368e-02 6.549341748807484542e-01
-2.504988352507710181e-02 7.585715271434152474e-01
-1.591109201910900078e-02 8.452303526433484482e-01
-1.183754054649884153e-02 8.845319697062895559e-01
-9.847382648519515877e-03 9.038419891722380139e-01
1.876579891876588605e-03 9.816329846213782684e-01
5.185598815944431408e-03 9.492754168608494858e-01
1.135949580439478065e-02 8.891645674407997468e-01
1.320895259033638691e-02 8.712642027120499622e-01
1.318861026088515020e-02 8.714607527887074934e-01
1.218675053541174065e-02 8.811503329001248996e-01
1.172396254039610557e-02 8.856322744575608752e-01
7.031665213644165170e-03 9.312560167361623176e-01
8.531912010672874913e-03 9.166373807978038801e-01
1.246306717712437201e-02 8.784760881457976955e-01
1.219183611777454983e-02 8.811011014549563480e-01
1.223760635903983242e-02 8.806580389405144205e-01
1.665528223820007814e-02 8.380884777941107755e-01
1.043561500848444630e-02 8.981281287583657846e-01
8.606500551994076750e-03 9.159112653828659356e-01
3.702303960125086311e-03 9.637728832610477081e-01
3.768416530841605609e-03 9.631264226123328331e-01
4.616013591309802745e-03 9.548407382079486805e-01
6.451908824283917286e-03 9.369116798590451101e-01
1.092552610943506308e-02 8.933732979621966663e-01
1.295806386043779970e-02 8.736888667065080272e-01
1.583650347778780068e-02 8.459468719003436776e-01
1.343102302017905661e-02 8.691190455101374113e-01
1.694177004463832958e-02 8.353425829884816300e-01
1.735031182778399780e-02 8.314302821889134609e-01
1.800804714670731915e-02 8.251403591257140402e-01
2.007279358600785185e-02 8.054690464710998477e-01
1.982699043847207035e-02 8.078047462828455982e-01
1.730623678063965276e-02 8.318521589890867096e-01
2.110686199977904881e-02 7.956620372399143548e-01
2.257150972026809518e-02 7.818263116968727777e-01
2.440062417675846126e-02 7.646436538917699144e-01
3.061520582411128913e-02 7.071609711872133275e-01
2.882338563828151790e-02 7.235822397746650703e-01
3.034906034712427092e-02 7.095917840749037531e-01
3.185608792063673173e-02 6.958668236280971531e-01
3.257485022791375973e-02 6.893550836434076956e-01
3.425987318412453825e-02 6.741790832733056682e-01
3.497015952079688544e-02 6.678206380058345770e-01
3.698574533059025699e-02 6.499065732647522076e-01
