-6.064896006474138762e-02 4.564410158775763504e-01
-6.465131338427221319e-02 4.272154863074140163e-01
-6.514291967934376926e-02 4.237017293491290859e-01
-6.865027631556117060e-02 3.991229778120197746e-01
-7.188470669830782089e-02 3.772276837629339186e-01
-7.379688566672405747e-02 3.646352222079809469e-01
-7.771108889196619296e-02 3.396813718072038135e-01
-8.065394588591177916e-02 3.216521475539496078e-01
-8.363748753875982489e-02 3.040172427054140258e-01
-8.725672698695903506e-02 2.834946150448692803e-01
-8.871459393096432777e-02 2.754966648887404168e-01
-8.703635175123730638e-02 2.847170177231768684e-01
-9.106243778846123682e-02 2.629394402276343246e-01
-9.131502171248076505e-02 2.616122087913379524e-01
-9.031824756937016641e-02 2.668765952004145681e-01
-9.330348441633914969e-02 2.513237080055921169e-01
-9.098615405301910264e-02 2.633411851536792136e-01
-9.271355686225328518e-02 2.543464541992915828e-01
-9.559538686784517514e-02 2.398160593431242771e-01
-1.031118776000771314e-01 2.046738429147964555e-01
-1.095332729301841945e-01 1.777227559680568114e-01
-1.118878975641648676e-01 1.685262220824175483e-01
-1.130999613606343823e-01 1.639323626012325896e-01
-1.153071041060935720e-01 1.558080081359859426e-01
-1.193518372786478016e-01 1.417103324428402311e-01
-1.180499281937686523e-01 1.461380030433260258e-01
-1.178770183934331472e-01 1.467338517026041123e-01
-1.200892467212551357e-01 1.392481469372136016e-01
-1.157444641892951404e-01 1.542346557049421862e-01
-1.211589142115659934e-01 1.357346978087642098e-01
-1.226964552792553093e-01 1.308037234785562053e-01
-1.241492366408977893e-01 1.262720839239759030e-01
-1.280905629720749117e-01 1.145870917187570143e-01
-1.271378638761086755e-01 1.173313088163960571e-01
-1.307655792949125317e-01 1.071487414425061346e-01
-1.323624521568346202e-01 1.028922388540108174e-01
-1.331269847053769551e-01 1.009020533411990328e-01
-1.379057369322966298e-01 8.914166221378660993e-02
-1.402942654486959984e-01 8.368779659908605340e-02
-1.388363985046907056e-01 8.698385370618960666e-02
-1.422284819406844369e-01 7.947014403969157592e-02
-1.482989720877576911e-01 6.733325074432809643e-02
-1.483718654349579502e-01 6.719725361102031613e-02
-1.518741364888125389e-01 6.092220270158203027e-02
-1.524488072958099794e-01 5.993999144534178924e-02
-1.536981653629400923e-01 5.784944605336925921e-02
-1.533472601799062696e-01 5.843046314632351773e-02
-1.603348503464060992e-01 4.772645636890490706e-02
-1.579802257124254261e-01 5.113468184576721448e-02
-1.572479018521809047e-01 5.223494599276142653e-02
-1.631963380225467108e-01 4.384114553512743345e-02
-1.650983458262373360e-01 4.140776712886946181e-02
-1.665511271878798438e-01 3.962630768870503695e-02
-1.640507158594986525e-01 4.273367778798150413e-02
-1.620029213614074814e-01 4.542816192035945694e-02
-1.604585995172344293e-01 4.755269309188416699e-02
-1.581446595421562573e-01 5.089029125865018183e-02
-1.604806370408065896e-01 4.752180424972041878e-02
-1.534743997389764747e-01 5.821939778708382779e-02
-1.468953513556223445e-01 6.999600384439050305e-02
-1.400789757953370962e-01 8.416814162302731217e-02
-1.389245485989794027e-01 8.678165407866225700e-02
-1.407485774731069839e-01 8.268136706916789924e-02
-1.418843575341343366e-01 8.020774950156940586e-02
-1.359359213637685304e-01 9.384957421816682299e-02
-1.388177513693604204e-01 8.702667491121221510e-02
-1.348832058146670343e-01 9.644535205790905064e-02
-1.292534661390372930e-01 1.113054564663645968e-01
-1.276328605594220789e-01 1.158991811681366335e-01
-1.221760306841278426e-01 1.324571125968617424e-01
-1.170073838093927676e-01 1.497585448391228757e-01
-1.143781377278204198e-01 1.591898172296973002e-01
-1.196417154733279142e-01 1.407385182372581645e-01
-1.193518372786478016e-01 1.417103324428402311e-01
-1.197959781383331340e-01 1.402234264666629981e-01
-1.174362679219896760e-01 1.482610015511119650e-01
-1.148714392170128995e-01 1.573872198745008555e-01
-1.108199252679749197e-01 1.726526353600278951e-01
-1.065005706478289876e-01 1.901059270069732354e-01
-1.056953534403841932e-01 1.934970688416549622e-01
-1.052393462218523118e-01 1.954369240297457733e-01
-1.054936253399927776e-01 1.943534866589346766e-01
-1.075651525557770605e-01 1.856892869720875860e-01
-1.026626511580290002e-01 2.066638143777738690e-01
-9.991474148799109334e-02 2.191395445722740809e-01
-9.380356668201537962e-02 2.487808286699350058e-01
-9.262879715620646326e-02 2.547828056713111744e-01
-9.220330343185144384e-02 2.569810770672227851e-01
-9.253895186779684257e-02 2.552459007050725814e-01
-9.516311236700637777e-02 2.419578790329480478e-01
-8.827045307127899532e-02 2.779169353573305856e-01
-8.736521941069896879e-02 2.828941114262903400e-01
-8.238643427750877435e-02 3.113329484486211385e-01
-7.744324822085824067e-02 3.413535350579323113e-01
-6.300697508696391502e-02 4.390898219049605977e-01
-5.296294992041577360e-02 5.155633002291384326e-01
-4.698569544999404990e-02 5.641195199726112275e-01
-3.729596585472161330e-02 6.471667836246157712e-01
-3.189507738541826759e-02 6.955130171811407802e-01
-3.055756922399945064e-02 7.076871395929023034e-01
-2.188834648953072795e-02 7.882715657925095654e-01
-2.317330363320051212e-02 7.761609768889816685e-01
-2.830635143139591595e-02 7.283445458866284472e-01
-2.629585120396535358e-02 7.469602375006574313e-01
-2.633823105698876108e-02 7.465662770829559758e-01
-3.096611100714511539e-02 7.039605297612770984e-01
-2.476678610688072546e-02 7.612173768714967093e-01
-1.299366293697746394e-02 8.733447544979916488e-01
-2.429213175301853708e-03 9.762254941827858135e-01
3.680266436552912489e-03 9.639883754041538300e-01
1.183245496413603583e-02 8.845812323845925196e-01
1.803008467027949341e-02 8.249298042158499378e-01
1.660442641457198290e-02 8.385761198269146011e-01
2.206125628986623996e-02 7.866388848148591073e-01
2.363778682233708475e-02 7.717963266195105865e-01
2.314787572138646624e-02 7.764001211378972478e-01
1.564155615388011095e-02 8.478201869654877765e-01
4.585500097132946817e-03 9.551389443518132349e-01
-7.570736944101937906e-03 9.260003177713700406e-01
-1.743846192207269136e-02 8.305866729497721757e-01
-2.894713480910987569e-02 7.224439708161644047e-01
-4.254089646489882248e-02 6.015846875335755239e-01
-5.601090894985941843e-02 4.916573796819808662e-01
-6.415123111859598326e-02 4.308070102293192205e-01
-7.793315932180887307e-02 3.382989079387646036e-01
-8.310011100242299664e-02 3.071456603994087708e-01
-9.536484046739782117e-02 2.409567107053545154e-01
-1.050952547215727173e-01 1.960528144025570907e-01
-1.099502906839345540e-01 1.760675953679596839e-01
-1.158393950600675737e-01 1.538947371023084154e-01
-1.224879464023801295e-01 1.314642431944032241e-01
-1.287398223203935488e-01 1.127457544727192007e-01
-1.326981005927800328e-01 1.020147257846467231e-01
-1.307994831773312827e-01 1.070569567158450863e-01
-1.236525447634634206e-01 1.278075876625360541e-01
-1.247815440480070787e-01 1.243379552921840964e-01
-1.138068573090648544e-01 1.612966354392408042e-01
-1.105385230438994948e-01 1.737522617455376506e-01
-1.121353959058215555e-01 1.675804879531510028e-01
-1.101401524254794345e-01 1.753178072368477558e-01
-1.034695635595947183e-01 2.030992691800238281e-01
-9.961977771094816803e-02 2.205098575581935227e-01
-9.220838901421425648e-02 2.569547261860845033e-01
-8.097942315713156647e-02 3.196968356280575629e-01
-7.796197762186479752e-02 3.381197667956958863e-01
-8.909092702581221379e-02 2.734570776228847366e-01
-8.769239187603969365e-02 2.810883879426158138e-01
-9.157438641298402959e-02 2.602541251114785514e-01
-9.346113746958623070e-02 2.505201241817248126e-01
-9.244910657938722187e-02 2.557095747443048350e-01
-9.390358313515065336e-02 2.482743979116867616e-01
-9.589035064488811433e-02 2.383621991972750820e-01
-9.524956726717413724e-02 2.415284526421018763e-01
-9.470880034259544777e-02 2.442232123561130230e-01
-9.689051517624056031e-02 2.334783383051076688e-01
-9.480203601924691581e-02 2.437571136146355899e-01
-9.247453449120125735e-02 2.555782874881839528e-01
-8.956727657379535967e-02 2.708901275132666320e-01
-8.771781978785374301e-02 2.809483718807684882e-01
-8.427827091647378810e-02 3.003143116220332032e-01
-8.651762235023077730e-02 2.876082824468787491e-01
-8.254069694251399414e-02 3.104247149966300467e-01
-7.313915034780074653e-02 3.689370204337495407e-01
-6.908933159288369041e-02 3.961071789449943648e-01
-6.779250809036735381e-02 4.050541743819529028e-01
-6.428684664827089001e-02 4.298313277829504120e-01
-5.815024393048115470e-02 4.752366992177967653e-01
-5.434453312897893906e-02 5.046537128442396547e-01
-5.071512251605411747e-02 5.335685944622259314e-01
-4.845203836460403729e-02 5.520084624338533752e-01
-4.839609695861313288e-02 5.524681735517217307e-01
-4.891821674786153706e-02 5.481847853722694452e-01
-5.226283474846904475e-02 5.211376188348291194e-01
-5.349863126263167817e-02 5.113189894677397929e-01
-5.144914157041957647e-02 5.276546241784573210e-01
-5.284428633195022845e-02 5.165059388637720517e-01
-4.593806548325535255e-02 5.728491350100428647e-01
-4.246969831181950095e-02 6.021937609994987284e-01
-3.947259510600394095e-02 6.280779868179753311e-01
-3.486844787354070191e-02 6.687297216743925965e-01
-2.953875755731667774e-02 7.170105494185389228e-01
-2.322415945682860736e-02 7.756827514326551931e-01
-1.888785289547331020e-02 8.167441897115276239e-01
-1.884208265420802761e-02 8.171804804101253650e-01
-1.418029882163294141e-02 8.618883108223018841e-01
-1.758424861647321993e-02 8.291918976136175568e-01
-2.169848474798584739e-02 7.900653746119368215e-01
-2.209516017228497012e-02 7.863188599166623938e-01
-2.238842875520696482e-02 7.835521414415790309e-01
-2.585171034428001766e-02 7.510928628135074003e-01
-2.270203966758019276e-02 7.805965075661179808e-01
-2.191716478958664546e-02 7.879993881270562772e-01
-2.134249398258920849e-02 7.934317292214055906e-01
-2.683831332266499795e-02 7.419225210862764319e-01
-2.283596000313417584e-02 7.793353249987464704e-01
-2.256472894378434846e-02 7.818902124126303477e-01
-2.207820823107560157e-02 7.864788679019574236e-01
-2.023044663925493286e-02 8.039718795655179662e-01
-1.254104610668744721e-02 8.777216402617717961e-01
-1.074414033849486853e-02 8.951333039759289401e-01
-3.737903036664750114e-03 9.634247861090586840e-01
1.156122390478621104e-03 9.886838444970534878e-01
6.557010859781974184e-03 9.358861419810052817e-01
1.176295200517764317e-02 8.852545331831532804e-01
1.128151687483170545e-02 8.899205992820846678e-01
1.817756655880095953e-02 8.235210276356839110e-01
2.317838921556332130e-02 7.761131505593301672e-01
2.647893216902648048e-02 7.452587991772753329e-01
3.392761513642099380e-02 6.771614019835521248e-01
4.127289126243840339e-02 6.124728859166208572e-01
4.181535338113805123e-02 6.078042689610021476e-01
4.627201872507982761e-02 5.700595109300551355e-01
5.054899349220235566e-02 5.349116784833667371e-01
5.453609006464474329e-02 5.031506640354115323e-01
5.521247251889837421e-02 4.978622261030055673e-01
6.030822604643316931e-02 4.589794419985908647e-01
6.316462814021099603e-02 4.379432846474429208e-01
6.858246855072372417e-02 3.995899547790510153e-01
7.887568725304949790e-02 3.324712283893628273e-01
8.553949534245047781e-02 2.931132964876216329e-01
9.760419190115478261e-02 2.300366354789597778e-01
1.112979700100789893e-01 1.707964200391154652e-01
1.209436245582070774e-01 1.364363383300126742e-01
1.196366298909651155e-01 1.407555237760121369e-01
1.263089139509707692e-01 1.197603855976141912e-01
1.361105263582250147e-01 9.342444831270310668e-02
1.437914509201878022e-01 7.618847313976490065e-02
1.492075961365795789e-01 6.565396701762769849e-02
1.554696432193186373e-01 5.498842817224446761e-02
1.557679973846034238e-01 5.451826131687393523e-02
1.525352621959777111e-01 5.979335652847406896e-02
1.501043538265549593e-01 6.403028499903171133e-02
1.419318229695205880e-01 8.010568462678659130e-02
1.355528074924369220e-01 9.478775706834702275e-02
1.269530877169265937e-01 1.178694157088359118e-01
1.087416172757069005e-01 1.808963731951352405e-01
9.976895479359056129e-02 2.198160671984291936e-01
9.011482427485781321e-02 2.679597614197955502e-01
7.658887038390631286e-02 3.467223119780826757e-01
5.551082668418318156e-02 4.955388251807704147e-01
4.298503732458416188e-02 5.977914578906776688e-01
2.370220419893266997e-02 7.711915708859626850e-01
1.252070377723620877e-02 8.779184421810042327e-01
1.283261949548850740e-03 9.874394959807062389e-01
-1.027457156699548846e-02 8.996919350056390430e-01
-1.893023274849671769e-02 8.163402669630479558e-01
-2.656538706919423995e-02 7.444557690748614398e-01
-3.511086063283460484e-02 6.665638674864751145e-01
-4.089655816759052431e-02 6.157209293016532303e-01
-4.705519840895244083e-02 5.635426215652290516e-01
-4.512776269344775937e-02 5.796443972699883984e-01
-4.924030363083945622e-02 5.455505618519667088e-01
-4.704333205010589186e-02 5.636410964826839010e-01
-4.814351303459360465e-02 5.545461516849733430e-01
-4.157972139832788461e-02 6.098302698872694050e-01
-4.183908609883115609e-02 6.076003761494415123e-01
-4.399367782654131642e-02 5.892172835657866203e-01
-4.388009982043857005e-02 5.901799675829498826e-01
-3.566518911038080858e-02 6.616215328977530508e-01
-2.914038693889662093e-02 7.206676168662078386e-01
-2.481255634814600805e-02 7.607894164711681562e-01
-1.823181277067092293e-02 8.230029982847008041e-01
-8.948929764423227406e-03 9.125786360262595487e-01
-5.116095856986039615e-03 9.499543927670770493e-01
-3.102205241313602153e-04 9.969634600507772948e-01
5.280529686716869085e-03 9.483480941433295452e-01
9.572761200927822067e-03 9.065112623103546152e-01
1.501263913501270884e-02 8.538694172039642538e-01
2.091869545235510927e-02 7.974442632746996384e-01
2.123400155884927823e-02 7.944584270647845337e-01
1.954389302027569400e-02 8.104969300928123177e-01
1.886920576014300757e-02 8.169219309952875374e-01
1.725707615113249854e-02 8.323227704619120537e-01
2.003380412122631252e-02 8.058394227089527018e-01
2.746723034153240178e-02 7.360956060704768600e-01
3.844191708047461908e-02 6.370872432895564597e-01
4.788923391645315275e-02 5.566418912841097910e-01
5.360542849225066742e-02 5.104749786045158499e-01
5.871135318451108781e-02 4.709797091681328096e-01
6.527344962665587724e-02 4.227715864932209966e-01
7.273738934113882504e-02 3.715799751325644662e-01
7.575653007052653154e-02 3.520034922847931069e-01
7.861971294078810846e-02 3.340475387767907200e-01
7.247632944651460907e-02 3.733035537672193538e-01
6.490728769653361652e-02 4.253838162235578091e-01
6.540397957396797135e-02 4.218426287511294337e-01
6.534973336209801142e-02 4.222285451384817367e-01
6.079813714738379476e-02 4.553321292939008780e-01
5.382749892209333364e-02 5.087222834638862601e-01
4.675514904954669593e-02 5.660351474592248966e-01
4.788075794584847195e-02 5.567118150433233437e-01
4.839101137625032023e-02 5.525099746927115696e-01
4.420557709165836430e-02 5.874231512738442573e-01
4.528541574669484732e-02 5.783193771165309194e-01
4.517183774059210788e-02 5.792738195649766997e-01
4.786041561639722830e-02 5.568796493559472482e-01
5.640927956827946482e-02 4.885769812415460267e-01
6.447331800157389547e-02 4.284918413518430391e-01
6.834344617967168245e-02 4.012386416314791537e-01
8.114046659862052258e-02 3.187322163131521835e-01
9.184392227821290555e-02 2.588479096754832676e-01
1.027931811053410943e-01 2.060841684006679553e-01
1.110962419096875459e-01 1.715779036016288062e-01
1.172175878803888849e-01 1.490231498112537245e-01
1.210470313995841846e-01 1.360989847894008009e-01
1.275820047357940079e-01 1.160456876262878773e-01
1.381396737209858727e-01 8.859528644775267747e-02
1.436202363139732485e-01 7.654253639439602408e-02
1.499127968908890995e-01 6.437433498868813664e-02
1.622029542676779734e-01 4.515886049001748698e-02
1.706619729311505962e-01 3.493086407996030818e-02
1.795786940072760240e-01 2.634161560985620598e-02
1.903618238105524163e-01 1.842671424445243428e-02
1.950456451666996993e-01 1.569000905835621004e-02
1.977715173131654181e-01 1.426613892999987511e-02
2.068679289661100873e-01 1.029840662758419595e-02
2.125620860183354555e-01 8.342075089696789070e-03
2.076172047675639842e-01 1.001978979355223551e-02
2.050371193154988114e-01 1.100809453537627755e-02
2.035623004302841432e-01 1.161071874568761139e-02
2.010415467724517014e-01 1.270799140892241511e-02
1.954474061733616208e-01 1.547266610032086570e-02
1.925943944678256692e-01 1.707455238980694345e-02
1.847948063173973088e-01 2.220913790969056278e-02
1.784937697698767145e-01 2.727924599541211442e-02
1.702517359538839870e-01 3.537726783616989418e-02
1.607383065471889305e-01 4.716188001489717702e-02
1.511163847167539542e-01 6.223747050151258453e-02
1.501941991149645661e-01 6.386943507150970312e-02
1.413724089096115577e-01 8.131525339626680116e-02
1.372191833133173944e-01 9.076068397189497594e-02
1.294874029277265082e-01 1.106542626707320842e-01
1.243746974589823306e-01 1.255797913308907554e-01
1.209927851877142246e-01 1.362758775489792962e-01
1.143069395747410982e-01 1.594512578991325868e-01
1.018065781269561210e-01 2.104944481370639997e-01
8.894344513729075807e-02 2.742551541888803568e-01
8.083024607448915932e-02 3.205920627273571855e-01
7.505641489857980964e-02 3.564845357632259182e-01
7.125918006768228175e-02 3.814039629899524941e-01
5.810786407745772986e-02 4.755590709211594547e-01
4.743492189204219500e-02 5.603957670618613385e-01
4.050327313153327669e-02 6.191232619041175944e-01
2.254438661433311175e-02 7.820819233036671037e-01
5.719584964039394967e-03 9.440601470139687867e-01
-1.664680626759539647e-03 9.837066439136491480e-01
-7.455463743878263522e-03 9.271239170305187738e-01
-1.275125017768356100e-02 8.756884606937919147e-01
-2.005414645067754922e-02 8.056461775471177589e-01
-2.331569993935917254e-02 7.748221579013074845e-01
-1.907262905465537464e-02 8.149834408917985273e-01
-1.537202028865122631e-02 8.504116490728759192e-01
-9.055726994042220118e-03 9.115395601697137140e-01
5.151694933525703853e-03 9.496066200950803449e-01
2.808258580743231217e-02 7.304088452672081733e-01
4.652290745497841828e-02 5.679679804570432200e-01
6.610409474591472101e-02 4.168802988741940885e-01
8.521910365359350314e-02 2.949316216975060301e-01
1.054393791281228177e-01 1.945842530155632577e-01
1.210741545055191853e-01 1.360106042488108957e-01
1.257528902793036141e-01 1.214114336856600002e-01
1.325387523454120142e-01 1.024305847891771176e-01
1.513893109702247053e-01 6.176108408328394306e-02
1.610281847418690571e-01 4.675968150374377325e-02
1.724775258346734896e-01 3.301199467188176834e-02
1.752406922517997789e-01 3.026337586999654564e-02
1.767375486605866353e-01 2.885744712236759310e-02
1.801262417083384637e-01 2.587896677529378034e-02
1.829402639490928795e-01 2.360948773017931823e-02
1.782666137576712218e-01 2.747913146277227922e-02
1.749660708042080903e-01 3.052754184285353528e-02
1.801431936495478670e-01 2.586475500612435766e-02
1.719164165806435218e-01 3.359526064456707511e-02
1.711637503909477498e-01 3.439133201986835364e-02
1.678191323903402699e-01 3.812449039811856288e-02
1.615519997252383988e-01 4.604014891685238864e-02
1.521640146834926655e-01 6.042511359973033042e-02
1.431540579307157002e-01 7.751330533034256343e-02
1.353731169156176528e-01 9.523034533218827091e-02
1.215640656064698039e-01 1.344217731212225264e-01
1.161886050489804728e-01 1.526491726222945211e-01
1.148036314521754531e-01 1.576340877363104631e-01
1.051172922451448916e-01 1.959585283100756248e-01
9.809918858446821377e-02 2.276705939164787584e-01
8.891123644899295853e-02 2.744296561445742078e-01
8.382904447442565687e-02 3.029071492917080333e-01
7.522254392243157839e-02 3.554180297957088008e-01
6.722122767161178847e-02 4.090331783584896241e-01
5.968778499817045669e-02 4.636217010455037091e-01
5.282902958486180439e-02 5.166271993916961014e-01
4.762647882770800617e-02 5.588114963001054036e-01
3.945055758243178057e-02 6.282700523351256727e-01
3.086609455400987287e-02 7.048722070195980738e-01
2.347674338084813211e-02 7.733088158859652284e-01
1.581616114833656050e-02 8.461423081613134167e-01
3.648057748255121181e-03 9.643033301395684820e-01
-4.738067568017223855e-03 9.536479766293425309e-01
-1.695872198584769119e-02 8.351801659129908240e-01
-1.733335988657463619e-02 8.315925368129307715e-01
-2.063390284003779884e-02 8.001436732635353044e-01
-2.563303030267922306e-02 7.531302369965915400e-01
-2.785542979522683329e-02 7.325064012875619479e-01
-2.118823131758399564e-02 7.948916710806267494e-01
-1.527878461199972532e-02 8.513084407791304820e-01
-1.700279703299203971e-02 8.347579141014084270e-01
-1.486007166412843528e-02 8.553381824069528072e-01
-1.618910385494256796e-02 8.425608109617188646e-01
-9.070983741130645914e-03 9.113911329441489739e-01
-6.675674448247521930e-03 9.347284032854477065e-01
-4.153225596294166794e-03 9.593641798571006518e-01
-2.880134811470934624e-03 9.718140374838772910e-01
-3.400559406598407768e-03 9.667236890035000307e-01
-2.330891916287542668e-03 9.771874909994472391e-01
2.627550887451412034e-03 9.742850200110984016e-01
5.165256486493193834e-03 9.494741377638467039e-01
7.847053585814571866e-03 9.233075832914888759e-01
6.929953566387979901e-03 9.322479978880433560e-01
6.614647459893811809e-03 9.353237948425358050e-01
5.712804187555650193e-04 9.944081523774023212e-01
-3.342922806486570142e-03 9.672873786028872711e-01
-6.968943031169518368e-03 9.318677260488215097e-01
-7.743646744437449915e-03 9.243151935160546229e-01
-9.757537360109886510e-03 9.047151529627753819e-01
-7.843663197572696769e-03 9.233406177693324057e-01
-1.076787305618797860e-02 8.949029935663184165e-01
-1.121370910999425034e-02 8.905780988672025167e-01
-8.662441957984975960e-03 9.153667243687901856e-01
-9.345605188722343193e-03 9.087199712227055359e-01
-1.036950243776792527e-02 8.987700653335943812e-01
-1.060513442057808495e-02 8.964824400708913954e-01
-7.657191844269694778e-03 9.251577140868476601e-01
-1.290212245444690049e-02 8.742296622344195578e-01
-1.727572328646279770e-02 8.321442556477581798e-01
-1.908110502526005892e-02 8.149026947133577448e-01
-2.004906086831473658e-02 8.056944877363928503e-01
-2.293767165039035591e-02 7.783778487499252163e-01
-2.074748084614053481e-02 7.990668375531863044e-01
-1.928791870801429761e-02 8.129330931175532404e-01
-1.957949209681535824e-02 8.101582692893216642e-01
-2.732991961773655748e-02 7.373665211499055294e-01
-3.890470507549025764e-02 6.330352934092835504e-01
-4.284264101842549799e-02 5.990064360830036350e-01
-4.844017200575746751e-02 5.521059613705567859e-01
-4.814520822871454220e-02 5.545321929182344123e-01
-5.122198555821409760e-02 5.294812720800841088e-01
-5.866897333148768379e-02 4.713005050916520000e-01
-6.284254125723308382e-02 4.402874891060369889e-01
-6.309512518125261205e-02 4.384485370572329677e-01
-6.637193541702265942e-02 4.149909282322278292e-01
-6.768062527838555886e-02 4.058316359937439444e-01
-6.649229419960914211e-02 4.141435415833201183e-01
-6.713816315968591797e-02 4.096136393973431877e-01
-6.296968081630331671e-02 4.393612952058127963e-01
-6.302562222229421418e-02 4.389541210319416464e-01
-6.243230427996648152e-02 4.432835563892324471e-01
-6.052521089391303677e-02 4.573620270973658419e-01
-5.735689308188290925e-02 4.812911461111332168e-01
-4.776378955150385047e-02 5.576771954988364310e-01
-3.385641698334167227e-02 6.778011246775661469e-01
-2.073730968141491299e-02 7.991632552133175471e-01
-8.731944916943368620e-03 9.146902282130034978e-01
6.482422318460772347e-03 9.366139323058834121e-01
1.899465012509230291e-02 8.157263969197968700e-01
3.062368179471596646e-02 7.070836051524335142e-01
3.809101189744078242e-02 6.401667861366158174e-01
4.793839454596030003e-02 5.562364170815147224e-01
5.938943083288564934e-02 4.658632305682086638e-01
6.663638569988873661e-02 4.131303987325275484e-01
7.969955159582459148e-02 3.274301567275378355e-01
9.304581490995683657e-02 2.526409219230554837e-01
1.022490237925205159e-01 2.085083524580795267e-01
1.151002904233393298e-01 1.565561821599510406e-01
1.172752244805007060e-01 1.488219867696969900e-01
1.202028247273578820e-01 1.388718295613141085e-01
1.224099674728170439e-01 1.317119234376918635e-01
1.259495327973322309e-01 1.208255237488031208e-01
1.298671264108162693e-01 1.096035983338900788e-01
1.271497302349552105e-01 1.172968168409864592e-01
1.277481337596457767e-01 1.155676327355763672e-01
1.321607240564432184e-01 1.034224856479308008e-01
1.344509313138282647e-01 9.752758396380263595e-02
1.305909743004560752e-01 1.076224105415301141e-01
1.276718500242036147e-01 1.157869570528283765e-01
1.271022647995689869e-01 1.174348320373967830e-01
1.267225413164792536e-01 1.185435008961689407e-01
1.269768204346197193e-01 1.178001939580757967e-01
1.232473933685596379e-01 1.290707106829935835e-01
1.249137691894400964e-01 1.239364072395912758e-01
1.217878312304334076e-01 1.337008222373180510e-01
1.209351485876023896e-01 1.364640185672253703e-01
1.155410408947827872e-01 1.549649542686154235e-01
1.112894940394743015e-01 1.708292022697559809e-01
1.065683784126664341e-01 1.898223482187279543e-01
9.438840865373843148e-02 2.458296182783514250e-01
8.857897840128943490e-02 2.762341638258471455e-01
7.544969993463705726e-02 3.539629755898990870e-01
6.988946321796567218e-02 3.906463665752106795e-01
5.886900623775817576e-02 4.697873962085399313e-01
4.719928990923204226e-02 5.623475103059163427e-01
3.693488950696216522e-02 6.503561678042871774e-01
2.751300058279768437e-02 7.356721263409568001e-01
1.820638485885687705e-02 8.232458150487313997e-01
7.491062820417927759e-03 9.267769076813694440e-01
-8.545473563640366629e-03 9.165053546740538071e-01
-1.662985432638603225e-02 8.383322911272325095e-01
-2.463625615956862441e-02 7.624382534135787370e-01
-2.908614072702665754e-02 7.211660923714655613e-01
-3.569061702219484405e-02 6.613951680659726495e-01
-4.230695967620960035e-02 6.035869609180258832e-01
-5.174241015334157118e-02 5.253010537704289051e-01
-5.938095486228096853e-02 4.659269973229838158e-01
-6.430718897772214060e-02 4.296850850889285534e-01
-6.729581621293299898e-02 4.085123612509953261e-01
-7.173552961566539987e-02 3.782211095941026002e-01
-6.840955875038820522e-02 4.007822178271996938e-01
-6.351214293500295760e-02 4.354220013147731549e-01
-6.392237991226956684e-02 4.324563554827256517e-01
-6.573962800991338395e-02 4.194593282285804525e-01
-6.533956219737238613e-02 4.223009272596770503e-01
-6.184407192000154763e-02 4.475996295647665102e-01
-6.083712661216533063e-02 4.550425543582018451e-01
-5.498870689493476349e-02 4.996085361822963922e-01
-4.830964205844538034e-02 5.531790018277875642e-01
-4.302572198348663529e-02 5.974445249556386006e-01
-3.970144631233035737e-02 6.260849360183481371e-01
-3.157977127892409863e-02 6.983761089610690531e-01
-2.931838232159494559e-02 7.190328203993856526e-01
-2.747401111801614851e-02 7.360328633201834725e-01
-2.685357006975342894e-02 7.417809923279438111e-01
-1.931843220219115267e-02 8.126425949842197571e-01
-1.690617096809866188e-02 8.356836814688813897e-01
-1.186127326419195160e-02 8.843020830540032629e-01
-6.141688300152557504e-03 9.399392686656821150e-01
-5.560236716671374674e-03 9.456162113578978623e-01
-2.230875463152295381e-03 9.781661076647036879e-01
4.627879950156357888e-04 9.954700930147935001e-01
5.780611952393105088e-03 9.434642631179536165e-01
1.207825811167181213e-02 8.822007117500666462e-01
1.549407426535864482e-02 8.492379568637258291e-01
2.749774383570925684e-02 7.358132774220274008e-01
3.115597274868999594e-02 7.022310473431601086e-01
3.789945496177497819e-02 6.418504862974110381e-01
4.036765760185836993e-02 6.202983607719294579e-01
4.008625537778292419e-02 6.227397523526089218e-01
3.901319749923019137e-02 6.320869551584238355e-01
4.111862859743319054e-02 6.138033843937842349e-01
3.876569915757347579e-02 6.342512248330769431e-01
3.709254256020925317e-02 6.489628355423326944e-01
2.844366215519176719e-02 7.270787807183776152e-01
2.207142745459185484e-02 7.865428735961617068e-01
2.258676646735652271e-02 7.816825404177358827e-01
2.404802379960369052e-02 7.679473488946553239e-01
2.699935676415395752e-02 7.404290430617945784e-01
2.936584775698116573e-02 7.185970891815802730e-01
2.573813233817727822e-02 7.521508204793619923e-01
2.805207231325545711e-02 7.306904908826280520e-01
3.333768758233513624e-02 6.824688803760865508e-01
3.441752623737161926e-02 6.727657710228924781e-01
3.537531091570068204e-02 6.642042524820923610e-01
3.518883956239767657e-02 6.658677426378850628e-01
3.799099544430553643e-02 6.410456581067751625e-01
3.991504077156834973e-02 6.242271915420550821e-01
4.003200916591295733e-02 6.232108556479756256e-01
4.429542238006799193e-02 5.866631955866168369e-01
4.648052760195500732e-02 5.683210242355456465e-01
4.997262749108397073e-02 5.395844063849795091e-01
4.899280528918273370e-02 5.475742014894828813e-01
4.590755198907850443e-02 5.731043439764591518e-01
4.279687077716021887e-02 5.993972000008631618e-01
4.277652844770897522e-02 5.995709095397842026e-01
3.851650562179582266e-02 6.364334510217821705e-01
3.862160765729387435e-02 6.355126739976135752e-01
4.056769050812885496e-02 6.185654271188201214e-01
3.999641008937328962e-02 6.235201001826482514e-01
4.500231832849846403e-02 5.806997206073050144e-01
4.412420777385341053e-02 5.881118020069796559e-01
4.890465519489404361e-02 5.482958363927885603e-01
5.261034954326100632e-02 5.183668705922812592e-01
5.948266650953714513e-02 4.651621131058806258e-01
6.316801852845287113e-02 4.379186466724923621e-01
6.535481894446082407e-02 4.221923567774643615e-01
7.374094426073317388e-02 3.649998848291374776e-01
8.028608876166859476e-02 3.238713424559630516e-01
8.222030525365700560e-02 3.123129844295308155e-01
8.710415951607475282e-02 2.843405184009700215e-01
9.146419879512315831e-02 2.608304974706587842e-01
9.406123618839772049e-02 2.474775763573792142e-01
9.598189112741867257e-02 2.379122562467342883e-01
1.014709296910107084e-01 2.120101551426539777e-01
1.033424240005244854e-01 2.036579482505529171e-01
1.042154489728067401e-01 1.998439326566123220e-01
1.050613508391539802e-01 1.961979341859080017e-01
1.043120750377001110e-01 1.994249947107156473e-01
1.025083884930237804e-01 2.073503601594605672e-01
9.833651576139931794e-02 2.265423008149818618e-01
9.728888579466062059e-02 2.315527675491156623e-01
9.255420861488526663e-02 2.551672211171489013e-01
8.706008446893041819e-02 2.845852049976062004e-01
8.819416933583686113e-02 2.783340684282860633e-01
8.479700031748033107e-02 2.973385919221709361e-01
8.707025563365604348e-02 2.845287263449123860e-01
8.570223397806037147e-02 2.921925615495837847e-01
8.100654626306655337e-02 3.195342411697181251e-01
8.065394588591177916e-02 3.216521475539496078e-01
8.136084183434225126e-02 3.174152716091174775e-01
7.715676041442000310e-02 3.431478784032299112e-01
7.676347537836275547e-02 3.456208171204844248e-01
7.803995655142785537e-02 3.376353344113378618e-01
8.070649690366081541e-02 3.213359239720360860e-01
7.897909409442661899e-02 3.318357918261897188e-01
7.840272809330824100e-02 3.353874791751536577e-01
7.577687239997778212e-02 3.518738225899291638e-01
7.666515411934844704e-02 3.462408044789998529e-01
7.734831735008580733e-02 3.419474505048017976e-01
7.849765896408068822e-02 3.348008341497227258e-01
7.270687584696197692e-02 3.717811797865473444e-01
7.136258690905940283e-02 3.807116438958639826e-01
6.440381504261551149e-02 4.289908232017342060e-01
5.764846647068397334e-02 4.790611889295436354e-01
5.191023437131427748e-02 5.239566093433611904e-01
4.511928672284308550e-02 5.797156748340606125e-01
3.831647271552533068e-02 6.381874337764306127e-01
3.377165727729485034e-02 6.785629992605820560e-01
3.184591675591111337e-02 6.959591317452911152e-01
3.111528808978751906e-02 7.026015225976371958e-01
3.022361598217497905e-02 7.107385348589749796e-01
3.176285224398522206e-02 6.967131481882067323e-01
3.635852350584379417e-02 6.554603464896004983e-01
3.937766423523151454e-02 6.289055234498575064e-01
3.765873739660200586e-02 6.439688731309133329e-01
4.033375371943963977e-02 6.205922856600261106e-01
4.334272328410173486e-02 5.947444486276319831e-01
4.242901365291702059e-02 6.025419264578223411e-01
4.357157449042814434e-02 5.927986326202356882e-01
4.243748962352170834e-02 6.024693845862016950e-01
4.307996819535659522e-02 5.969820887213230787e-01
4.199673915207824404e-02 6.062467129929500764e-01
4.452257839227347080e-02 5.847438130064697148e-01
4.727218325643229441e-02 5.617433865444495522e-01
4.960985594920357816e-02 5.425358166130732629e-01
4.647713721371313916e-02 5.683492722254346319e-01
4.502435585207063828e-02 5.805142614856759753e-01
4.173906964569591010e-02 6.084598432188550454e-01
3.485997190293602110e-02 6.688055003790475128e-01
3.288507075204512298e-02 6.865515807953109784e-01
2.419042010576234747e-02 7.666126581598180501e-01
1.260037790092022152e-02 8.771476774422504175e-01
3.804015607381269412e-03 9.627783383299696185e-01
-9.186256941354322900e-03 9.102697820855223387e-01
-2.282917922665042912e-02 7.793991685537409175e-01
-3.531597912146790946e-02 6.647333676543789593e-01
-4.430898393303547844e-02 5.865485244876473825e-01
-5.192210073016083338e-02 5.238616137718761223e-01
-6.110835767151514414e-02 4.530309640379480696e-01
-7.052177062507496152e-02 3.863631381722828495e-01
-8.301365610225523717e-02 3.076509343475707925e-01
-9.274915593879297371e-02 2.541633401759798572e-01
-1.005995999128494051e-01 2.159812707843171420e-01
-1.128575486013404655e-01 1.648435797659764113e-01
-1.143289770983132586e-01 1.593703014487297120e-01
-1.190144936485814514e-01 1.428476903216761851e-01
-1.263851976864129034e-01 1.195352346027376000e-01
-1.269140982521450578e-01 1.179832057437392029e-01
-1.309723929776667739e-01 1.065898135481990472e-01
-1.301637853819801183e-01 1.087882119372357154e-01
-1.280990389426795995e-01 1.145629033603646624e-01
-1.308689861362896667e-01 1.068689908332247501e-01
-1.291025938622739344e-01 1.117270150366252990e-01
-1.331727549466422411e-01 1.007838771652154880e-01
-1.343712571901442554e-01 9.772809891289989392e-02
-1.351493512916540629e-01 9.578378210753080158e-02
-1.385177020099546685e-01 8.771802606645190403e-02
-1.386109376866061782e-01 8.750273133224377442e-02
-1.434117274370980410e-01 7.697551478782933831e-02
-1.441457464914635278e-01 7.546000758716314705e-02
-1.442220302269056620e-01 7.530389970764726770e-02
-1.508027738043807575e-01 6.278858265180865816e-02
-1.519300778948034503e-01 6.082601292911442303e-02
-1.529590607262118485e-01 5.907881297637766760e-02
-1.504416974566212817e-01 6.342804700848227173e-02
-1.495449397666459290e-01 6.503926878122383293e-02
-1.432506839956091127e-01 7.731127986791627715e-02
-1.388228369517232053e-01 8.701499473047832889e-02
-1.381295025562602474e-01 8.861898622177821760e-02
-1.338457470126539761e-01 9.905882602217044863e-02
-1.302298979526966549e-01 1.086071462073525395e-01
-1.183754054649884396e-01 1.450213812069802710e-01
-1.155206985653315505e-01 1.550381268719819849e-01
-1.066497477304713948e-01 1.894824611027998151e-01
-9.830769746134337961e-02 2.266790967936178625e-01
-9.179137126046389705e-02 2.591216675906851674e-01
-9.050132853443129677e-02 2.659042982357447960e-01
-8.865356694261063153e-02 2.758283746360545297e-01
-7.699232658468917190e-02 3.441804578386902236e-01
-6.046926948792212542e-02 4.577787134679218717e-01
-5.034217980944811349e-02 5.365860364068018029e-01
-4.036935279597930054e-02 6.202836661029977883e-01
-3.617374734666171932e-02 6.571000793205807877e-01
-3.147466924342604000e-02 6.993314202748417419e-01
-1.826741184721058717e-02 8.226630830067368505e-01
-9.733804642416778174e-03 9.049458190903982846e-01
4.066770696126410789e-03 9.602093663664430512e-01
1.053393626749875647e-02 8.971735760274546223e-01
2.291563412681818165e-02 7.785852737290084313e-01
2.631958392165846192e-02 7.467396115951465685e-01
3.272063692231428483e-02 6.880370617254900623e-01
4.102708811490261842e-02 6.145935069751311541e-01
4.549731501181189519e-02 5.765406604912499677e-01
5.007942472070296691e-02 5.387170523331705763e-01
5.660422689218715109e-02 4.870733141297608482e-01
5.979966781015225163e-02 4.627826635386199650e-01
6.861128685077963474e-02 3.993914498249397926e-01
7.500047349258889828e-02 3.568441142558760326e-01
8.107435402790401369e-02 3.191279894032378328e-01
8.660068686215664779e-02 2.871439881597778188e-01
8.960118045621406901e-02 2.707080517168745093e-01
9.323059106913887673e-02 2.516958587839129846e-01
9.725667710636283492e-02 2.317080358325598610e-01
9.989948474090266928e-02 2.192102740267138083e-01
1.013285333848520514e-01 2.126555355536936254e-01
1.043595404730863346e-01 1.992194334550735912e-01
1.028559032878157420e-01 2.058060534606128145e-01
1.090247146939032907e-01 1.797567317113167584e-01
1.073295205729669077e-01 1.866603230940374336e-01
1.103995171259826991e-01 1.742973583278181193e-01
1.130660574782156452e-01 1.640595790596064418e-01
1.087551788286744009e-01 1.808416587584369961e-01
1.076465218735819934e-01 1.853548255944101331e-01
1.069684442252074458e-01 1.881555117967267932e-01
1.051596720981683025e-01 1.957773013732937717e-01
9.869928730327968969e-02 2.248252657098381291e-01
9.905358287455541533e-02 2.231572531411818716e-01
9.697697007640831979e-02 2.330594965445799693e-01
9.722616361218597292e-02 2.318551996047426844e-01
9.119127254165240726e-02 2.622618892155045844e-01
9.163202301309586462e-02 2.599529858892087875e-01
8.585480144894463983e-02 2.913311213251545406e-01
7.807894601620940511e-02 3.373932838696599434e-01
7.066077654299174338e-02 3.854253366452726759e-01
6.170845639032663393e-02 4.485980335957626686e-01
5.103890459315296724e-02 5.309558089768742217e-01
3.933867477044997174e-02 6.292455383903782229e-01
2.811648968985104233e-02 7.300959479017847809e-01
1.696380756821049690e-02 8.351314421470432681e-01
5.763660011183741744e-03 9.436297832946131114e-01
-3.431072900775262394e-03 9.664252717446635277e-01
-1.702313936244327294e-02 8.345630445488021465e-01
-2.940822761000457322e-02 7.182081199762350154e-01
-4.186281881652426096e-02 6.073965135545479344e-01
-5.077275911616595944e-02 5.331030210809657444e-01
-6.280694218069342305e-02 4.405470219283147415e-01
-6.825360089126204788e-02 4.018594048774908334e-01
-7.251362371717522126e-02 3.730570286667764801e-01
-7.716523638502469085e-02 3.430947058230223723e-01
-8.290855406675717854e-02 3.082659220960005664e-01
-8.780766507626336370e-02 2.804540239552290037e-01
-9.245080177350814554e-02 2.557008208173487951e-01
-9.364591362876832636e-02 2.495805521956290240e-01
-1.013912555673266991e-01 2.123710879693742615e-01
-9.909596272757884017e-02 2.229583186768778758e-01
-9.402055152949524708e-02 2.476830378254141762e-01
-9.730244734762810710e-02 2.314874133205363227e-01
-9.625142699264754853e-02 2.365908735900675297e-01
-9.304411971583588514e-02 2.526496035447298172e-01
-9.138791505968102413e-02 2.612300361541751159e-01
-8.193042705897687905e-02 3.140278612516215206e-01
-6.995896617692405617e-02 3.901741636305017247e-01
-6.434448324838272504e-02 4.294170478196749352e-01
-6.147621479575834935e-02 4.503107041609430983e-01
-5.784510898871259021e-02 4.775604233973856916e-01
-5.119316725815818703e-02 5.297132383298861491e-01
-4.620929654260517994e-02 5.705829610668958773e-01
-4.197978721086887549e-02 6.063922040791662749e-01
-4.305114989530067771e-02 5.972277378973906981e-01
-4.325626838393398232e-02 5.954802856490752916e-01
-3.916067938775165402e-02 6.307987683615829955e-01
-3.575333920466949866e-02 6.608369325497815971e-01
-3.177302340871084041e-02 6.966208036859314889e-01
-3.047280951795263218e-02 7.084611676992705886e-01
-2.673829686952975196e-02 7.428505345259366344e-01
-2.680610463436720534e-02 7.422213323924830020e-01
-2.530585783733849820e-02 7.561815782160890009e-01
-2.171713188331615002e-02 7.898891480150891375e-01
-2.342758275134097443e-02 7.737706932721248876e-01
-2.331569993935917254e-02 7.748221579013074845e-01
-1.915399837246032147e-02 8.142083580158019362e-01
-2.032876789826924477e-02 8.030385225260517901e-01
-2.298005150341376340e-02 7.779789985031153599e-01
-1.869629595980749556e-02 8.185705202840509731e-01
-2.130689490604954078e-02 7.937685754767035418e-01
-2.152218455940846722e-02 7.917320411280077685e-01
-2.515329036645422289e-02 7.576057746944370175e-01
-2.383103895212383694e-02 7.699824726894956006e-01
-2.774863256560784405e-02 7.334932508527836070e-01
-2.709598282904732841e-02 7.395334205380630355e-01
-2.858775365547135822e-02 7.257513011508986978e-01
-3.284438609314264262e-02 6.869190111576448654e-01
-3.343092325898663203e-02 6.816290113889436064e-01
-3.315969219963681158e-02 6.840733474226978750e-01
-3.406153547197497689e-02 6.759587388403727193e-01
-4.116439883869846966e-02 6.134084894657076958e-01
-4.266295044160624272e-02 6.005412022929643712e-01
-4.231882603505615625e-02 6.034853249555780508e-01
-4.142037315095986605e-02 6.112020524850148018e-01
-4.125254893298715975e-02 6.126482640054506934e-01
-4.387670943219670189e-02 5.902087154395027069e-01
-4.602621557754404957e-02 5.721121647655955655e-01
-4.463954678661807840e-02 5.837566030697248776e-01
-4.419710112105367655e-02 5.874948684838228186e-01
-3.961668660628354238e-02 6.268227887375035223e-01
-4.285450737727205389e-02 5.989051455842130389e-01
-3.944038641770614834e-02 6.283587063642044335e-01
-4.191367464015235966e-02 6.069597669460540246e-01
-4.252055413544758578e-02 6.017586804459063021e-01
-4.203403342273884236e-02 6.059266870279436112e-01
-4.029306906053716636e-02 6.209450747115818903e-01
-3.642972165892312264e-02 6.548289609036768155e-01
-3.499389223848999031e-02 6.676085878316727618e-01
-3.344618000607506997e-02 6.814916154267426363e-01
-2.976591356952215314e-02 7.149281085696647109e-01
-1.882852110124053416e-02 8.173097625050685933e-01
-1.622470293148223219e-02 8.422191080701418864e-01
-7.923337321256709517e-03 9.225643422685485540e-01
-9.093021264702821904e-03 9.111767434678976763e-01
-5.839943746625878528e-03 9.428849615782741722e-01
-8.801447875901759546e-03 9.140137932329714943e-01
-1.057123053815935826e-02 8.968115427646468074e-01
-1.803177986440043096e-02 8.249136082006148785e-01
-1.939302074351235278e-02 8.119325959631414902e-01
-1.731640794536527458e-02 8.317547985429536439e-01
-2.128824777071924162e-02 7.939450339580701455e-01
-2.290037737972975412e-02 7.787288847866222774e-01
-2.276306665593390635e-02 7.800217203656520937e-01
-2.445826077687029976e-02 7.641040280486733893e-01
-2.482103231875068539e-02 7.607101724928506670e-01
-2.346996260436438192e-02 7.733725183907163014e-01
-3.062198660059503239e-02 7.070990781198200903e-01
-2.452098295934494743e-02 7.635169170202172895e-01
-2.809953774864167378e-02 7.302523910281433217e-01
-2.820294459001879486e-02 7.292982610335603244e-01
-2.774693737148690650e-02 7.335089186522563143e-01
-2.626194732154662689e-02 7.472754529755624153e-01
-2.734178597658310644e-02 7.372566608555080059e-01
-2.532620016678973490e-02 7.559917471785765342e-01
-2.620939630379759411e-02 7.477641196507356369e-01
-2.605174325055051310e-02 7.492307211393377520e-01
-2.449216465928903338e-02 7.637866540393396519e-01
-2.207651303695466749e-02 7.864948691916102685e-01
-2.089157234642012931e-02 7.977012471846349762e-01
-2.146793834753850036e-02 7.922450516387162800e-01
-1.740794842789583630e-02 8.308786697096006701e-01
