2.105028885670973821e-02 7.961977612492739942e-01
2.282918650657253176e-02 7.793991000097524324e-01
2.253270356492873341e-02 7.821920330317586600e-01
2.282918650657253176e-02 7.793991000097524324e-01
2.697994768958572598e-02 7.406089869392304958e-01
2.520105003972292548e-02 7.571598568220951897e-01
3.024126004766751127e-02 7.105772022253978859e-01
3.320608946410550516e-02 6.836549817031285503e-01
3.557795299725589194e-02 6.623983605342298464e-01
4.239706065506327476e-02 6.028154322422107914e-01
4.032168006355668632e-02 6.206969709910064026e-01
3.854278241369388930e-02 6.362031933163905251e-01
4.032168006355668632e-02 6.206969709910064026e-01
3.943223123862528434e-02 6.284297924686068626e-01
3.972871418026908269e-02 6.258476416905683903e-01
4.091464594684428302e-02 6.155646465962631986e-01
4.299002653835087145e-02 5.977489081697676676e-01
4.210057771341947641e-02 6.053558496593003380e-01
4.773375360465165890e-02 5.579252225941291332e-01
4.862320242958305394e-02 5.506030392940450824e-01
5.366341243752763973e-02 5.100170378774893098e-01
5.336692949588384138e-02 5.123608116645708144e-01
5.573879302903423510e-02 4.937674321715974646e-01
5.840713950382842717e-02 4.732851096142309810e-01
5.811065656218463576e-02 4.755378256161361117e-01
6.492976421999201164e-02 4.252231985377508128e-01
6.404031539506060966e-02 4.316059353132889465e-01
6.552273010327960834e-02 4.209985332258585622e-01
7.115590599451178389e-02 3.820961561382232308e-01
7.174887187779939446e-02 3.781321935963011249e-01
7.827149659396295811e-02 3.361995299905439216e-01
7.649259894410016802e-02 3.473305851482736406e-01
7.560315011916877992e-02 3.529821582142212977e-01
7.649259894410016802e-02 3.473305851482736406e-01
7.501018423588118322e-02 3.567816796104619215e-01
7.530666717752497463e-02 3.548787408868433468e-01
7.886446247725056868e-02 3.325402515855780949e-01
8.331170660190755084e-02 3.059113150685330851e-01
8.479412131012654952e-02 2.973550534664020639e-01
8.271874071861996802e-02 3.093786230691373818e-01
8.805543366820833828e-02 2.790937805667092486e-01
9.606047309259091449e-02 2.375264813794352448e-01
9.546750720930331779e-02 2.404482904223856909e-01
9.902530250902891185e-02 2.232900733959704287e-01
1.008042001588917019e-01 2.150440683181752133e-01
1.013971660421793125e-01 2.123442977666193665e-01
1.067338589917676828e-01 1.891315875895746845e-01
1.091057225249180834e-01 1.794315995123113017e-01
1.091057225249180834e-01 1.794315995123113017e-01
1.135529666495750795e-01 1.622396193963453470e-01
1.141459325328626762e-01 1.600436637293107256e-01
1.165177960660130768e-01 1.514819803124435593e-01
1.156283472410816471e-01 1.546512028304069530e-01
1.171107619493006735e-01 1.493965365637330567e-01
1.144424154745064676e-01 1.589540643170408718e-01
1.132564837079312742e-01 1.633460027612821663e-01
1.085127566416304729e-01 1.818215535488938439e-01
1.085127566416304729e-01 1.818215535488938439e-01
9.902530250902891185e-02 2.232900733959704287e-01
8.657301895998935348e-02 2.872985839667833163e-01
7.589963306081257133e-02 3.510919355466789460e-01
6.018603715369122420e-02 4.598916382854670859e-01
5.751769067889703907e-02 4.800606726505796118e-01
5.633175891232183874e-02 4.891756009938119654e-01
4.921616831287065758e-02 5.457477395487861926e-01
4.358299242163847509e-02 5.927016269434939311e-01
3.646740182218729392e-02 6.544949118504775898e-01
3.498498711396829525e-02 6.676881514184496158e-01
2.105028885670973821e-02 7.961977612492739942e-01
1.660304473205275258e-02 8.385893692449536418e-01
5.633175891232183354e-03 9.449039213268972670e-01
4.150761183013188145e-03 9.593882714367604203e-01
5.336692949588385006e-03 9.477995014573001864e-01
4.743727066300785708e-03 9.535926721610885615e-01
-3.557795299725589715e-03 9.651859965367522998e-01
-2.964829416437991284e-03 9.709855443841508560e-01
-4.743727066300785708e-03 9.535926721610885615e-01
-1.185931766575196427e-03 9.883920896866599248e-01
-1.778897649862794857e-03 9.825888946481970976e-01
-2.668346474794192503e-03 9.738859070480740954e-01
1.185931766575196427e-03 9.883920896866599248e-01
4.743727066300785708e-03 9.535926721610885615e-01
1.156283472410816505e-02 8.871935995775296346e-01
6.819107657807380214e-03 9.333291829600072198e-01
9.783937074245369764e-03 9.044585747676215925e-01
9.190971190957773068e-03 9.102239267136499334e-01
1.037690295753296993e-02 8.986982048648328725e-01
1.423118119890235886e-02 8.613976889420622562e-01
1.719601061534034928e-02 8.329074296730538673e-01
2.016084003177834316e-02 8.046328177724200170e-01
2.342215238986013193e-02 7.738217178513379091e-01
2.312566944821633011e-02 7.766089837084957370e-01
2.579401592301052565e-02 7.516302176940485857e-01
2.638698180629811887e-02 7.461131743107052294e-01
3.290960652246169987e-02 6.863300293422641696e-01
3.676388476383109227e-02 6.518688709480365828e-01
3.468850417232450384e-02 6.703392096267499767e-01
3.142719181424270813e-02 6.997631148740800500e-01
2.697994768958572598e-02 7.406089869392304958e-01
2.875884533944851953e-02 7.241761344400822198e-01
2.490456709807913060e-02 7.599293179387031083e-01
2.164325473999733837e-02 7.905873935986582612e-01
2.431160121479152697e-02 7.654773585553373838e-01
2.253270356492873341e-02 7.821920330317586600e-01
2.134677179835354002e-02 7.933912541585084188e-01
1.927139120684694465e-02 8.130904508085307070e-01
1.719601061534034928e-02 8.329074296730538673e-01
2.401511827314772862e-02 7.682558718230400041e-01
3.320608946410550516e-02 6.836549817031285503e-01
4.980913419615826121e-02 5.409135574273699065e-01
6.492976421999201164e-02 4.252231985377508128e-01
8.123632601040095547e-02 3.181589335362122739e-01
9.694992191752231647e-02 2.331904780420603340e-01
1.085127566416304729e-01 1.818215535488938439e-01
1.289700796150526074e-01 1.120983064239347154e-01
1.405329143391607916e-01 8.315790427254622641e-02
1.586183737794325255e-01 5.019163986471971567e-02
1.749249355698415109e-01 3.056727931696735789e-02
1.835229408775116700e-01 2.316155959316946664e-02
2.042767467925776237e-01 1.131526334653156808e-02
2.291813138906567682e-01 4.377459388248882907e-03
2.549753298136672730e-01 1.468951834562175250e-03
2.846236239780471355e-01 3.627900221557480353e-04
3.083422593095511144e-01 1.054840427830084677e-04
3.439202123068069716e-01 1.344705611974566442e-05
3.818700288372132712e-01 1.112564230501716881e-06
4.162620500678940183e-01 8.720266797389526855e-08
4.574731789563820650e-01 2.766129563830524467e-09
4.954229954867883645e-01 7.484001450280958567e-11
5.354481926087012456e-01 9.955192450947244095e-13
5.781417362054083187e-01 5.061905261390181484e-15
6.226141774519782235e-01 8.544807444233882996e-18
6.635288233988224649e-01 9.092618212050669034e-21
6.937700834464899380e-01 2.770869008604562696e-23
7.243078264358012719e-01 3.679053858331010598e-26
7.524737058919622745e-01 3.525274912538064305e-29
7.729310288653844507e-01 1.224183889461433685e-31
7.844938635894925794e-01 3.810452960474187957e-33
7.990215277300386498e-01 3.553173822302626020e-35
8.022828400881204525e-01 1.179856920742186505e-35
8.099913965708592789e-01 8.011884775190327901e-37
8.153280895204476630e-01 1.157059894993769867e-37
8.185894018785293547e-01 3.437769955401236664e-38
8.206647824700359362e-01 1.567895705319445809e-38
8.239260948281178498e-01 4.472292272580804346e-39
8.257049924779805705e-01 2.231601787653675896e-39
8.268909242445557917e-01 1.397756427584173121e-39
8.277803730694871520e-01 9.818051619016763006e-40
8.286698218944186234e-01 6.882357450791009881e-40
8.283733389527747626e-01 7.749347469944445232e-40
8.274838901278432912e-01 1.104735348145747602e-39
8.271874071861996525e-01 1.242777939134694923e-39
8.268909242445557917e-01 1.397756427584173121e-39
8.277803730694871520e-01 9.818051619016763006e-40
8.248155436530490991e-01 3.162275643004155662e-39
8.227401630615426287e-01 7.078250488137108553e-39
8.212577483533236578e-01 1.250519922560267113e-38
8.197753336451046868e-01 2.197756008871403018e-38
8.194788507034608260e-01 2.458597379031715500e-38
8.191823677618169652e-01 2.749831547853511861e-38
8.141421577538725529e-01 1.788305124689112686e-37
8.126597430456534710e-01 3.068350250579229708e-37
8.108808453957905282e-01 5.828092395783226337e-37
8.093984306875716683e-01 9.896231127761574384e-37
8.070265671544213371e-01 2.286774741700743589e-36
8.025793230297643133e-01 1.066252935668442991e-35
7.993180106716825106e-01 3.217033348394277168e-35
7.957602153719569582e-01 1.048738917819929745e-34
7.904235224223685741e-01 5.911621446751989483e-34
7.850868294727800789e-01 3.171063315892877029e-33
7.827149659396296366e-01 6.588511863565695204e-33
7.776747559316851133e-01 3.024130048071601676e-32
7.741169606319594498e-01 8.658068041965239084e-32
7.699661994489462868e-01 2.883752280198889408e-31
7.634435747327827926e-01 1.816848969412719511e-30
7.592928135497696296e-01 5.684795792833128111e-30
7.548455694251126058e-01 1.881459178162326783e-29
7.480264617673052507e-01 1.122743556477639967e-28
7.420968029344292560e-01 5.069044121047778086e-28
7.326093488018277089e-01 5.198546614906679625e-27
7.231218946692260507e-01 4.837451444960242387e-26
7.136344405366245036e-01 4.110596117488095137e-25
6.949560152130651591e-01 2.175779724307277104e-23
6.795389022475875063e-01 4.614834145842365198e-22
6.661971698736167680e-01 5.603771068257282033e-21
6.531519204412895574e-01 5.703125353596784564e-20
6.401066710089622358e-01 5.193338305870206119e-19
6.238001092185533336e-01 7.106509838634911540e-18
6.116443086111575944e-01 4.531804812811769781e-17
5.950412638791048314e-01 5.022785766025444125e-16
5.793276679719834288e-01 4.322953404898007331e-15
5.627246232399307768e-01 3.720833808139978261e-14
5.496793738076035662e-01 1.859745326940335702e-13
5.330763290755509143e-01 1.306748641823441913e-12
5.173627331684295116e-01 7.518165745934481236e-12
5.031315519695270799e-01 3.400487778190194447e-11
4.877144390040495936e-01 1.615446005183420661e-10
4.752621554550100491e-01 5.380617929607816567e-10
4.619204230810390333e-01 1.853159029463656359e-09
4.450208954073425205e-01 8.239635953663485579e-09
4.310861971500839496e-01 2.656339941029030479e-08
4.204128112509071813e-01 6.287441794839833459e-08
4.115183230015931892e-01 1.260517924695490971e-07
4.017343859273478368e-01 2.647739895725211882e-07
3.857243070785826289e-01 8.482569598303750189e-07
3.735685064711868897e-01 1.972358523574780838e-06
3.625986376303663716e-01 4.103802745224634513e-06
3.498498711396830219e-01 9.300880424583094408e-06
3.371011046489996166e-01 2.035963382635119548e-05
3.213875087418782139e-01 5.105574340920996252e-05
3.104176399010576959e-01 9.419370408832412683e-05
2.988548051769495117e-01 1.751203824999007211e-04
2.866990045695537725e-01 3.270009550000794844e-04
2.730607892539390069e-01 6.377905478482659429e-04
2.582366421717490756e-01 1.269175546612045548e-03
2.383722850816145378e-01 3.005090326244673395e-03
2.274024162407939642e-01 4.700417305473164262e-03
2.149501326917543920e-01 7.624844666321477574e-03
1.983470879597016290e-01 1.398035011375980095e-02
1.823370091109364766e-01 2.408105534906180081e-02
1.678093449703902951e-01 3.813589642066621960e-02
1.517992661216251427e-01 6.105113551165468333e-02
1.340102896229972140e-01 9.864063092679130340e-02
1.150353813577940781e-01 1.567915539631364319e-01
1.016936489838230900e-01 2.110035398677407303e-01
8.271874071861996802e-02 3.093786230691373818e-01
6.077900303697882090e-02 4.554742759807657304e-01
4.387947536328227344e-02 5.901852624462056163e-01
2.045732297342214151e-02 8.018185775483293032e-01
3.557795299725589715e-03 9.651859965367522998e-01
-1.274876649068336365e-02 8.757124792136103952e-01
-2.312566944821633011e-02 7.766089837084957370e-01
-3.231664063917410318e-02 6.916917832445974579e-01
-4.239706065506327476e-02 6.028154322422107914e-01
-4.358299242163847509e-02 5.927016269434939311e-01
-4.328650947999467674e-02 5.952228501484999601e-01
-4.447244124656987013e-02 5.851672042832731790e-01
-4.358299242163847509e-02 5.927016269434939311e-01
-3.468850417232450384e-02 6.703392096267499767e-01
-2.431160121479152697e-02 7.654773585553373838e-01
-1.660304473205275258e-02 8.385893692449536418e-01
-6.522624716163580999e-03 9.362216548281087070e-01
4.447244124656986493e-03 9.564901871408936218e-01
1.571359590712135407e-02 8.471278327644229389e-01
2.253270356492873341e-02 7.821920330317586600e-01
3.024126004766751127e-02 7.105772022253978859e-01
3.765333358876248732e-02 6.440164612225398599e-01
4.447244124656987013e-02 5.851672042832731790e-01
4.536189007150127211e-02 5.776771447487902833e-01
5.425637832081523643e-02 5.053462048518314598e-01
6.374383245341681825e-02 4.337456682186658918e-01
6.759811069478620371e-02 4.064055859092239320e-01
7.115590599451178389e-02 3.820961561382232308e-01
7.975391130218197067e-02 3.270992764848893453e-01
8.598005307670174291e-02 2.906251790737882090e-01
8.983433131807114225e-02 2.694581987406205470e-01
9.576399015094712308e-02 2.389842671542324326e-01
1.005077172172479105e-01 2.164030994779916339e-01
1.022866148671107006e-01 2.083402316650732056e-01
1.061408931084800999e-01 1.916153006288567051e-01
1.091057225249180834e-01 1.794315995123113017e-01
1.171107619493006735e-01 1.493965365637330567e-01
1.265982160819022484e-01 1.189082503548047343e-01
1.322313919731344101e-01 1.032364892775124582e-01
1.390504996309417929e-01 8.649339833351722684e-02
1.432012608139549836e-01 7.741456056810025466e-02
1.440907096388863717e-01 7.557279793156508607e-02
1.381610508060103770e-01 8.854549230586079844e-02
1.476485049386119797e-01 6.855678219382574379e-02
1.642515496706647149e-01 4.247677881435441699e-02
1.793721796944984792e-01 2.651793758737138601e-02
1.924174291268256343e-01 1.717849415869470570e-02
2.039802638509338184e-01 1.143706038642478516e-02
2.099099226838098131e-01 9.208093336817884875e-03
2.143571668084667814e-01 7.797633282756045135e-03
2.176184791665485563e-01 6.888631574024877205e-03
2.193973768164113602e-01 6.433631713274125946e-03
2.205833085829865536e-01 6.145364814622799286e-03
2.128747521002477550e-01 8.244889528152207769e-03
2.110958544503849510e-01 8.811484613425964174e-03
2.051661956175089840e-01 1.095668611233259308e-02
1.938998438350446329e-01 1.632452782872499328e-02
1.870807361772372501e-01 2.058194957460514340e-02
1.847088726440868633e-01 2.227240907095892966e-02
1.743319696865539004e-01 3.114500078153348284e-02
1.639550667290209096e-01 4.285648497519074090e-02
1.580254078961449427e-01 5.106743286649655794e-02
1.506133343550499493e-01 6.312341774767342428e-02
1.458696072887491757e-01 7.199551143277801990e-02
1.390504996309417929e-01 8.649339833351722684e-02
1.313419431482030220e-01 1.055967786728839730e-01
1.147388984161502451e-01 1.578700323126399907e-01
1.025830978087544920e-01 2.070176621451680632e-01
8.983433131807114225e-02 2.694581987406205470e-01
7.589963306081257133e-02 3.510919355466789460e-01
6.611569598656720503e-02 4.167983588330201883e-01
5.069858302108965625e-02 5.337022337307312236e-01
3.646740182218729392e-02 6.544949118504775898e-01
2.193973768164113672e-02 7.877862138133687742e-01
8.894488249313972986e-03 9.131083778348803026e-01
-3.261312358081790500e-03 9.680855615709162976e-01
-9.783937074245369764e-03 9.044585747676215925e-01
-2.846236239780471772e-02 7.269064540756902115e-01
-4.239706065506327476e-02 6.028154322422107914e-01
-4.773375360465165890e-02 5.579252225941291332e-01
-5.633175891232183874e-02 4.891756009938119654e-01
-6.641217892821101032e-02 4.147074807397599372e-01
-7.056294011122418719e-02 3.860852451760948822e-01
-7.589963306081257133e-02 3.510919355466789460e-01
-8.301522366026375943e-02 3.076417681216608302e-01
-8.538708719341416009e-02 2.939773304316840030e-01
-9.517102426765951251e-02 2.419185580794080970e-01
-9.961826839231652242e-02 2.205168850087819155e-01
-9.843233662574131515e-02 2.260878733589901379e-01
-9.991475133396031383e-02 2.191394989321321374e-01
-1.008042001588917019e-01 2.150440683181752133e-01
-1.099951713498494715e-01 1.758901426415079849e-01
-1.073268248750552795e-01 1.866714534741903408e-01
-1.061408931084800999e-01 1.916153006288567051e-01
-1.046584784002610874e-01 1.979283280303456294e-01
-1.096986884082056801e-01 1.770648480050676654e-01
-1.117740689997122755e-01 1.689625097633102035e-01
-1.129600007662874689e-01 1.644580077525825412e-01
-1.144424154745064676e-01 1.589540643170408718e-01
-1.135529666495750795e-01 1.622396193963453470e-01
-1.085127566416304729e-01 1.818215535488938439e-01
-1.034725466336858940e-01 2.030861741795710329e-01
-1.025830978087544920e-01 2.070176621451680632e-01
-9.517102426765951251e-02 2.419185580794080970e-01
-9.961826839231652242e-02 2.205168850087819155e-01
-9.902530250902891185e-02 2.232900733959704287e-01
-8.983433131807114225e-02 2.694581987406205470e-01
-8.775895072656454687e-02 2.807219880476723439e-01
-8.182929189368856604e-02 3.146276022038722586e-01
-7.530666717752497463e-02 3.548787408868433468e-01
-7.352776952766218455e-02 3.663915630135512469e-01
-6.670866186985480173e-02 4.126227550094826446e-01
-5.900010538711602387e-02 4.687971665604988569e-01
-5.218099772930864799e-02 5.217912047571033884e-01
-4.773375360465165890e-02 5.579252225941291332e-01
-4.625133889643266022e-02 5.702320701024229388e-01
-4.180409477177567806e-02 6.079010046257529165e-01
-3.824629947205008401e-02 6.388032218287085229e-01
-3.379905534739310186e-02 6.783166922166690149e-01
-2.875884533944851953e-02 7.241761344400822198e-01
-2.490456709807913060e-02 7.599293179387031083e-01
-1.956787414849073953e-02 8.102687891826182431e-01
-1.956787414849073953e-02 8.102687891826182431e-01
-2.164325473999733837e-02 7.905873935986582612e-01
-2.045732297342214151e-02 8.018185775483293032e-01
-2.164325473999733837e-02 7.905873935986582612e-01
-2.994477710602371293e-02 7.132898626942123510e-01
-3.142719181424270813e-02 6.997631148740800500e-01
-3.735685064711868897e-02 6.466296182230275580e-01
-4.269354359670708005e-02 6.002797769451055920e-01
-4.358299242163847509e-02 5.927016269434939311e-01
-5.099506596273345460e-02 5.313091918063778119e-01
-4.832671948793926253e-02 5.530385568064644097e-01
-5.366341243752763973e-02 5.100170378774893098e-01
-5.247748067095245328e-02 5.194253481110322479e-01
-4.803023654629545725e-02 5.554792916008994830e-01
-4.625133889643266022e-02 5.702320701024229388e-01
-3.676388476383109227e-02 6.518688709480365828e-01
-2.490456709807913060e-02 7.599293179387031083e-01
-2.727643063122952086e-02 7.378617950653341140e-01
-1.660304473205275258e-02 8.385893692449536418e-01
-1.037690295753296993e-02 8.986982048648328725e-01
-5.040210007944585791e-03 9.506957643301321426e-01
8.005039424382576208e-03 9.217683837331315244e-01
1.927139120684694465e-02 8.130904508085307070e-01
2.431160121479152697e-02 7.654773585553373838e-01
3.172367475588650648e-02 6.970688840883159099e-01
3.913574829698147906e-02 6.310164521734746845e-01
4.387947536328227344e-02 5.901852624462056163e-01
4.803023654629545725e-02 5.554792916008994830e-01
5.099506596273345460e-02 5.313091918063778119e-01
6.315086657012922156e-02 4.380432981770336909e-01
7.115590599451178389e-02 3.820961561382232308e-01
7.708556482738777860e-02 3.435947177508160699e-01
8.449763836848275811e-02 2.990535084792834697e-01
9.102026308464633564e-02 2.631614996393735195e-01
1.008042001588917019e-01 2.150440683181752133e-01
1.094022054665618748e-01 1.782453295306301311e-01
1.218544890156014471e-01 1.334866309508769555e-01
1.283771137317650524e-01 1.137715494382128822e-01
1.426082949306673731e-01 7.866239174997337325e-02
1.589148567210763308e-01 4.975843910180737656e-02
1.758143843947728713e-01 2.971779462889076462e-02
1.921209461851818290e-01 1.735386713444437082e-02
2.149501326917543920e-01 7.624844666321477574e-03
2.407441486147648968e-01 2.720822193211840101e-03
2.644627839462688201e-01 9.551493219886567380e-04
2.763221016120207540e-01 5.453059702706463232e-04
2.929251463440735725e-01 2.383098182033187621e-04
3.119000546092766668e-01 8.683216816306308955e-05
3.252417869832476827e-01 4.093779961633216388e-05
3.341362752325616192e-01 2.430986840112094784e-05
3.427342805402317505e-01 1.446306027861930197e-05
3.427342805402317505e-01 1.446306027861930197e-05
3.459955928983136086e-01 1.182931318458587654e-05
3.519252517311895478e-01 8.160544443818946618e-06
3.554830470309152113e-01 6.507334234577506035e-06
3.578549105640655981e-01 5.587246951923910727e-06
3.646740182218729531e-01 3.579976487741241888e-06
3.697142282298175320e-01 2.559290979849361223e-06
3.726790576462555293e-01 2.095187946288084346e-06
3.747544382377621108e-01 1.819205688349407627e-06
3.735685064711868897e-01 1.972358523574780838e-06
3.744579552961183055e-01 1.856396868160623276e-06
3.741614723544745003e-01 1.894310526415930740e-06
3.735685064711868897e-01 1.972358523574780838e-06
3.717896088213241690e-01 2.225268298865799055e-06
3.685282964632423108e-01 2.771009159355088601e-06
3.688247794048861161e-01 2.716572017568954138e-06
3.664529158717357293e-01 3.182117366271243762e-06
3.646740182218729531e-01 3.579976487741241888e-06
3.575584276224217373e-01 5.695116143336109996e-06
3.510358029062581875e-01 8.632035079154255273e-06
3.495533881980392166e-01 9.475592171516454665e-06
3.456991099566698034e-01 1.204859115185254027e-05
3.406588999487252245e-01 1.641758385430035135e-05
3.439202123068069716e-01 1.344705611974566442e-05
3.376940705322872271e-01 1.964593055044836195e-05
3.356186899407805901e-01 2.225229999665590076e-05
3.302819969911922060e-01 3.052983145209450311e-05
3.282066163996856800e-01 3.447105113715533765e-05
3.234628893333848509e-01 4.534781772182425874e-05
3.127895034342081382e-01 8.267729027353147011e-05
3.047844640098255620e-01 1.278276273197505699e-04
2.926286634024297673e-01 2.419672310752928480e-04
2.828447263281843593e-01 3.963171177421482053e-04
2.775080333785960307e-01 5.148628722214082087e-04
2.736537551372266175e-01 6.199686034003031769e-04
2.695029939542133990e-01 7.550073038469956631e-04
2.579401592301052148e-01 1.286253228489693968e-03
2.469702903892846690e-01 2.086605108887637679e-03
2.422265633229839232e-01 2.555741895238401902e-03
2.419300803813400902e-01 2.588013677033301069e-03
2.383722850816145378e-01 3.005090326244673395e-03
2.380758021399707047e-01 3.042448444050093251e-03
2.386687680232582598e-01 2.968146981071563897e-03
2.437089780312028942e-01 2.399782458697230416e-03
2.537893980470920519e-01 1.548438024100770929e-03
2.564577445218862439e-01 1.374834018500742296e-03
2.620909204131184334e-01 1.065245930673765955e-03
2.689100280709257884e-01 7.763676608235252699e-04
2.751361698454455884e-01 5.774016583492597209e-04
2.816587945616091937e-01 4.202366562663778222e-04
2.881814192777727435e-01 3.034714617275520074e-04
2.929251463440735725e-01 2.383098182033187621e-04
2.991512881185933170e-01 1.724131716911734625e-04
3.065633616596882827e-01 1.161552241934161122e-04
3.101211569594138906e-01 9.573433993290058285e-05
3.119000546092766668e-01 8.683216816306308955e-05
3.178297134421526615e-01 6.243678904106844142e-05
3.181261963837965223e-01 6.140437965534108395e-05
3.178297134421526615e-01 6.243678904106844142e-05
3.154578499090022747e-01 7.130138563988359327e-05
3.127895034342081382e-01 8.267729027353147011e-05
3.009301857684561488e-01 1.569712245977921859e-04
2.991512881185933170e-01 1.724131716911734625e-04
2.926286634024297673e-01 2.419672310752928480e-04
2.881814192777727435e-01 3.034714617275520074e-04
2.795834139701026122e-01 4.653328538960953753e-04
2.778045163202397805e-01 5.075011673345756038e-04
2.662416815961315963e-01 8.795351689633793945e-04
2.576436762884614651e-01 1.303540653516902219e-03
2.466738074476408915e-01 2.113459524470178916e-03
2.392617339065459259e-01 2.895488495037660485e-03
2.318496603654509047e-01 3.930284128998563602e-03
2.161360644583295854e-01 7.289429460958960286e-03
1.959752244265512144e-01 1.519111910373134589e-02
1.838194238191554752e-01 2.293645864938768930e-02
1.689952767369655162e-01 3.677459187518880568e-02
1.556535443629945559e-01 5.469823018623285599e-02
1.461660902303929810e-01 7.141286804581721548e-02
1.325278749147782154e-01 1.024590207738609038e-01
1.188896595991634497e-01 1.432703234095544509e-01
1.055479272251924755e-01 1.941226826678389139e-01
9.754288780080992705e-02 2.303308641687883684e-01
8.983433131807114225e-02 2.694581987406205470e-01
8.331170660190755084e-02 3.059113150685330851e-01
7.916094541889436009e-02 3.307201990489159193e-01
7.412073541094978124e-02 3.625285898516916738e-01
6.848755951971760569e-02 4.002441182705143152e-01
6.878404246136139710e-02 3.982027141488467814e-01
6.641217892821101032e-02 4.147074807397599372e-01
6.492976421999201164e-02 4.252231985377508128e-01
6.522624716163581693e-02 4.231078096129455846e-01
6.641217892821101032e-02 4.147074807397599372e-01
7.263832070273078256e-02 3.722334733269203610e-01
7.501018423588118322e-02 3.567816796104619215e-01
7.589963306081257133e-02 3.510919355466789460e-01
8.005039424382576208e-02 3.252984096087256916e-01
8.420115542683895282e-02 3.007583610275597064e-01
9.220619485122152903e-02 2.569660949863233901e-01
9.487454132601572110e-02 2.433950768851260715e-01
9.902530250902891185e-02 2.232900733959704287e-01
1.096986884082056801e-01 1.770648480050676654e-01
1.147388984161502451e-01 1.578700323126399907e-01
1.280806307901212193e-01 1.146154408126618257e-01
1.357891872728600180e-01 9.420802694357188756e-02
1.420153290473797902e-01 7.992637520990411582e-02
1.535781637714879466e-01 5.804760344190897786e-02
1.603972714292953294e-01 4.763874143315074278e-02
1.666234132038151017e-01 3.953937614832990499e-02
1.684023108536779056e-01 3.745003288273548309e-02
1.770003161613480647e-01 2.861647587325020364e-02
1.879701850021686660e-01 1.997721400156167101e-02
1.933068779517570501e-01 1.666157846603447817e-02
1.941963267766884105e-01 1.615823787552640722e-02
2.007189514928520158e-01 1.285477609808136946e-02
1.989400538429892396e-01 1.369116879402998942e-02
1.989400538429892396e-01 1.369116879402998942e-02
1.971611561931264356e-01 1.457476397062207850e-02
1.959752244265512144e-01 1.519111910373134589e-02
1.936033608934008554e-01 1.649230442308829980e-02
1.921209461851818290e-01 1.735386713444437082e-02
1.841159067607992805e-01 2.271324160960231861e-02
1.749249355698415109e-01 3.056727931696735789e-02
1.663269302621713241e-01 3.989695018882857824e-02
1.598043055460077466e-01 4.847742420566811261e-02
1.538746467131317519e-01 5.755903576041646041e-02
1.437942266972425664e-01 7.618274388474718939e-02
1.340102896229972140e-01 9.864063092679130340e-02
1.236333866654642372e-01 1.278671008578481649e-01
1.138494495912188709e-01 1.611388442240062058e-01
1.011006831005355072e-01 2.136911374789931539e-01
9.250267779286532044e-02 2.554330344410288833e-01
8.034687718546955348e-02 3.235039408163397079e-01
6.937700834464900768e-02 3.941385828586921880e-01
6.315086657012922156e-02 4.380432981770336909e-01
5.455286126245904171e-02 5.030191806303059288e-01
4.595485595478886881e-02 5.727087255311262837e-01
3.498498711396829525e-02 6.676881514184496158e-01
3.202015769753030483e-02 6.943784302114590634e-01
2.520105003972292548e-02 7.571598568220951897e-01
1.304524943232716200e-02 8.728461448268055589e-01
5.336692949588385006e-03 9.477995014573001864e-01
3.261312358081790500e-03 9.680855615709162976e-01
-1.482414708218995642e-03 9.854903971587298805e-01
-6.819107657807380214e-03 9.333291829600072198e-01
-1.215580060739576349e-02 8.814499563060378406e-01
-1.156283472410816505e-02 8.871935995775296346e-01
-1.897490826520314283e-02 8.159145165192873694e-01
-2.312566944821633011e-02 7.766089837084957370e-01
-2.668346474794192069e-02 7.433594574316628734e-01
-3.142719181424270813e-02 6.997631148740800500e-01
-2.816587945616091937e-02 7.296402116268713156e-01
-2.549753298136672730e-02 7.543934791309931942e-01
-2.757291357287331920e-02 7.351179139191905687e-01
-2.609049886465432400e-02 7.488701052228343702e-01
-2.816587945616091937e-02 7.296402116268713156e-01
-3.231664063917410318e-02 6.916917832445974579e-01
-2.994477710602371293e-02 7.132898626942123510e-01
-2.757291357287331920e-02 7.351179139191905687e-01
-2.757291357287331920e-02 7.351179139191905687e-01
-3.053774298931130962e-02 7.078681665885183660e-01
-3.261312358081790846e-02 6.890089730484230124e-01
-3.231664063917410318e-02 6.916917832445974579e-01
-3.172367475588650648e-02 6.970688840883159099e-01
-3.202015769753030483e-02 6.943784302114590634e-01
-3.528147005561209359e-02 6.650411922526084929e-01
-3.557795299725589194e-02 6.623983605342298464e-01
-3.350257240574930351e-02 6.809838595647544901e-01
-3.794981653040628566e-02 6.414076534179217193e-01
-3.706036770547489062e-02 6.492470972426016562e-01
-3.676388476383109227e-02 6.518688709480365828e-01
-3.528147005561209359e-02 6.650411922526084929e-01
-3.528147005561209359e-02 6.650411922526084929e-01
-3.587443593889969723e-02 6.597596845177695624e-01
-3.528147005561209359e-02 6.650411922526084929e-01
-3.972871418026908269e-02 6.258476416905683903e-01
-3.765333358876248732e-02 6.440164612225398599e-01
-4.091464594684428302e-02 6.155646465962631986e-01
-4.299002653835087145e-02 5.977489081697676676e-01
-4.447244124656987013e-02 5.851672042832731790e-01
-4.684430477972026385e-02 5.652939792471884939e-01
-5.040210007944585097e-02 5.361006550949052318e-01
-4.476892418821366154e-02 5.826655575414094734e-01
-4.387947536328227344e-02 5.901852624462056163e-01
-4.150761183013187972e-02 6.104508724027611910e-01
-3.913574829698147906e-02 6.310164521734746845e-01
-3.765333358876248732e-02 6.440164612225398599e-01
-4.239706065506327476e-02 6.028154322422107914e-01
-3.735685064711868897e-02 6.466296182230275580e-01
-3.794981653040628566e-02 6.414076534179217193e-01
-3.379905534739310186e-02 6.783166922166690149e-01
-2.964829416437991111e-02 7.160061171722618134e-01
-2.520105003972292548e-02 7.571598568220951897e-01
-2.164325473999733837e-02 7.905873935986582612e-01
-1.986435709013454134e-02 8.074495665615314399e-01
-1.274876649068336365e-02 8.757124792136103952e-01
-6.819107657807380214e-03 9.333291829600072198e-01
-5.040210007944585791e-03 9.506957643301321426e-01
-4.150761183013188145e-03 9.593882714367604203e-01
5.929658832875982135e-04 9.941958928102592186e-01
8.598005307670174638e-03 9.159939626331864426e-01
1.067338589917677001e-02 8.958199811174174521e-01
1.541711296547755572e-02 8.499779917054914868e-01
2.193973768164113672e-02 7.877862138133687742e-01
3.202015769753030483e-02 6.943784302114590634e-01
3.883926535533768765e-02 6.336075945836285861e-01
4.299002653835087145e-02 5.977489081697676676e-01
4.773375360465165890e-02 5.579252225941291332e-01
5.158803184602105130e-02 5.265393238943145704e-01
5.544231008739043676e-02 4.960718833131317895e-01
5.277396361259623775e-02 5.170649848479640376e-01
4.921616831287065758e-02 5.457477395487861926e-01
5.129154890437724601e-02 5.289215487719876041e-01
4.980913419615826121e-02 5.409135574273699065e-01
4.476892418821366154e-02 5.826655575414094734e-01
4.536189007150127211e-02 5.776771447487902833e-01
4.210057771341947641e-02 6.053558496593003380e-01
3.913574829698147906e-02 6.310164521734746845e-01
3.706036770547489062e-02 6.492470972426016562e-01
3.083422593095511144e-02 7.051627864718528205e-01
2.697994768958572598e-02 7.406089869392304958e-01
2.223622062328493507e-02 7.849877489446721590e-01
2.016084003177834316e-02 8.046328177724200170e-01
1.808545944027174779e-02 8.244007875952082953e-01
1.749249355698414762e-02 8.300696778096683381e-01
1.304524943232716200e-02 8.728461448268055589e-01
1.037690295753296993e-02 8.986982048648328725e-01
1.008042001588917158e-02 9.015777484609692749e-01
8.005039424382576208e-03 9.217683837331315244e-01
8.301522366026376290e-03 9.188806437371819236e-01
3.261312358081790500e-03 9.680855615709162976e-01
1.096986884082056836e-02 8.929431143060262421e-01
8.005039424382576208e-03 9.217683837331315244e-01
9.190971190957773068e-03 9.102239267136499334e-01
6.522624716163580999e-03 9.362216548281087070e-01
6.226141774519782651e-03 9.391149602969872667e-01
5.336692949588385006e-03 9.477995014573001864e-01
1.778897649862794857e-03 9.825888946481970976e-01
6.226141774519782651e-03 9.391149602969872667e-01
4.150761183013188145e-03 9.593882714367604203e-01
3.557795299725589715e-03 9.651859965367522998e-01
2.371863533150392854e-03 9.767866116195857984e-01
2.668346474794192503e-03 9.738859070480740954e-01
8.005039424382576208e-03 9.217683837331315244e-01
1.156283472410816505e-02 8.871935995775296346e-01
1.363821531561476043e-02 8.671184675178263968e-01
2.371863533150393027e-02 7.710373360539325427e-01
2.816587945616091937e-02 7.296402116268713156e-01
3.706036770547489062e-02 6.492470972426016562e-01
4.891968537122685229e-02 5.481727599670809248e-01
5.544231008739043676e-02 4.960718833131317895e-01
6.255790068684162486e-02 4.423650702271484381e-01
7.085942305286800635e-02 3.840875631652067579e-01
7.827149659396295811e-02 3.361995299905439216e-01
8.657301895998935348e-02 2.872985839667833163e-01
9.724640485916610788e-02 2.317575706007100333e-01
1.049549613419049066e-01 1.966538221146454657e-01
1.180002107742320477e-01 1.463091416155722080e-01
1.218544890156014471e-01 1.334866309508769555e-01
1.271911819651898035e-01 1.171763908315901354e-01
1.417188461057360127e-01 8.056446710318321269e-02
1.455731243471053704e-01 7.258200360994415679e-02
1.517992661216251427e-01 6.105113551165468333e-02
1.529851978882003360e-01 5.903497525911618332e-02
1.598043055460077466e-01 4.847742420566811261e-02
1.645480326123085202e-01 4.209989364586715077e-02
1.666234132038151017e-01 3.953937614832990499e-02
1.728495549783349017e-01 3.263002490410545076e-02
1.767038332197043149e-01 2.888849074317525675e-02
1.876737020605248607e-01 2.017706377689836711e-02
1.965681903098388250e-01 1.488015798153693656e-02
2.093169568005221748e-01 9.412249798615513266e-03
2.167290303416171682e-01 7.126689316240140265e-03
2.196938597580551655e-01 6.360457840251718814e-03
2.265129674158625483e-01 4.869770567503778173e-03
2.285883480073691298e-01 4.482828513304689885e-03
2.339250409569575140e-01 3.611352357697954988e-03
2.428195292062714783e-01 2.492289024260426963e-03
2.496386368640788889e-01 1.858500154588672718e-03
2.490456709807912783e-01 1.907134491346403884e-03
2.523069833388730809e-01 1.653303655822778310e-03
2.570507104051738545e-01 1.338753936607196566e-03
2.585331251133928254e-01 1.252305333645980850e-03
2.644627839462688201e-01 9.551493219886567380e-04
2.650557498295564307e-01 9.293066153335035207e-04
2.638698180629812096e-01 9.816494931955781472e-04
2.641663010046250704e-01 9.683162959350859970e-04
2.635733351213374598e-01 9.951507936481695203e-04
2.626838862964060439e-01 1.036682388758359413e-03
2.620909204131184334e-01 1.065245930673765955e-03
2.594225739383242413e-01 1.202917082042406684e-03
2.514175345139416651e-01 1.719287879328676829e-03
2.463773245059970585e-01 2.140627348198600143e-03
2.425230462646277008e-01 2.523834887433215862e-03
2.413371144980524796e-01 2.653666231369349298e-03
2.362969044901079285e-01 3.275537549569639169e-03
2.191008938747675827e-01 6.507554463439744509e-03
2.042767467925776237e-01 1.131526334653156808e-02
1.953822585432636316e-01 1.550773018701297190e-02
1.847088726440868633e-01 2.227240907095892966e-02
1.716636232117596805e-01 3.386087390483003695e-02
1.595078226043639413e-01 4.890134752980502403e-02
1.437942266972425664e-01 7.618274388474718939e-02
1.357891872728600180e-01 9.420802694357188756e-02
1.206685572490262398e-01 1.373368257292598982e-01
1.117740689997122755e-01 1.689625097633102035e-01
9.783937074245370458e-02 2.289103510540752284e-01
8.953784837642732308e-02 2.710482346465626913e-01
8.093984306875716406e-02 3.199342018916918606e-01
7.115590599451178389e-02 3.820961561382232308e-01
6.226141774519781957e-02 4.445349800368063597e-01
4.832671948793926253e-02 5.530385568064644097e-01
4.091464594684428302e-02 6.155646465962631986e-01
3.024126004766751127e-02 7.105772022253978859e-01
1.867842532355934448e-02 8.187409513033527819e-01
8.301522366026376290e-03 9.188806437371819236e-01
1.185931766575196427e-03 9.883920896866599248e-01
-8.301522366026376290e-03 9.188806437371819236e-01
-1.689952767369655093e-02 8.357473386901990153e-01
-1.749249355698414762e-02 8.300696778096683381e-01
-2.282918650657253176e-02 7.793991000097524324e-01
-2.668346474794192069e-02 7.433594574316628734e-01
-2.727643063122952086e-02 7.378617950653341140e-01
-3.498498711396829525e-02 6.676881514184496158e-01
-3.468850417232450384e-02 6.703392096267499767e-01
-3.794981653040628566e-02 6.414076534179217193e-01
-3.765333358876248732e-02 6.440164612225398599e-01
-3.735685064711868897e-02 6.466296182230275580e-01
-3.587443593889969723e-02 6.597596845177695624e-01
-3.261312358081790846e-02 6.890089730484230124e-01
-2.875884533944851953e-02 7.241761344400822198e-01
-2.579401592301052565e-02 7.516302176940485857e-01
-2.757291357287331920e-02 7.351179139191905687e-01
-2.193973768164113672e-02 7.877862138133687742e-01
-1.719601061534034928e-02 8.329074296730538673e-01
-1.096986884082056836e-02 8.929431143060262421e-01
-4.447244124656986493e-03 9.564901871408936218e-01
2.371863533150392854e-03 9.767866116195857984e-01
1.452766414054615894e-02 8.585399777232740615e-01
2.342215238986013193e-02 7.738217178513379091e-01
3.706036770547489062e-02 6.492470972426016562e-01
5.010561713780205262e-02 5.385044362657284145e-01
6.819107657807380041e-02 4.022917372086682875e-01
8.390467248519514754e-02 3.024696123114706259e-01
9.724640485916610788e-02 2.317575706007100333e-01
1.174072448909444649e-01 1.483619832413657080e-01
1.351962213895724074e-01 9.566764831792788637e-02
1.562465102462821664e-01 5.377112358093449895e-02
1.767038332197043149e-01 2.888849074317525675e-02
1.986435709013454065e-01 1.383509898644704091e-02
2.321461433070947100e-01 3.883224014314878500e-03
2.528999492221606360e-01 1.610604661723253521e-03
2.745432039621579778e-01 5.940943325270652171e-04
2.958899757605115699e-01 2.044562320881056466e-04
3.181261963837965223e-01 6.140437965534108395e-05
3.341362752325616192e-01 2.430986840112094784e-05
3.495533881980392166e-01 9.475592171516454665e-06
3.602267740972159293e-01 4.791373553957551768e-06
3.714931258796803082e-01 2.270308817363965613e-06
3.818700288372132712e-01 1.112564230501716881e-06
3.928398976780338447e-01 5.094205520033577003e-07
4.011414200440602262e-01 2.767457724028760298e-07
4.058851471103609998e-01 1.938150366245702955e-07
4.103323912350179681e-01 1.380922021690137067e-07
4.177444647761129337e-01 7.762744865158844068e-08
4.218952259591262077e-01 5.588226446879987589e-08
4.165585330095377681e-01 8.520132375139195923e-08
4.153726012429626024e-01 9.348066827684782370e-08
4.138901865347435760e-01 1.049175590693525185e-07
4.112218400599494394e-01 1.289639764231696483e-07
4.079605277018676368e-01 1.655584599185369573e-07
4.020308688689916421e-01 2.589753887675358934e-07
3.981765906276222289e-01 3.447877527135868277e-07
3.937293465029652606e-01 4.775604701112640844e-07
3.851313411952951293e-01 8.846022576300144256e-07
3.797946482457066897e-01 1.285684870265091024e-06
3.732720235295431399e-01 2.012520058183036961e-06
3.679353305799547558e-01 2.883007723870388112e-06
3.554830470309152113e-01 6.507334234577506035e-06
3.474780076065325796e-01 1.078833551112008584e-05
3.391764852405061981e-01 1.796347569303685511e-05
3.302819969911922060e-01 3.052983145209450311e-05
3.216839916835221302e-01 5.020096836069649373e-05
3.145684010840708589e-01 7.491952751923801400e-05
3.071563275429758932e-01 1.124909782894707694e-04
2.985583222353057065e-01 1.778671255019210399e-04
2.890708681027041593e-01 2.901175131819942418e-04
2.766185845536646148e-01 5.375433467537684123e-04
2.683170621876382334e-01 7.982821337896029703e-04
2.617944374714746281e-01 1.079796364239345120e-03
2.561612615802424386e-01 1.393205023642452370e-03
2.487491880391474730e-01 1.931883050016581279e-03
2.437089780312028942e-01 2.399782458697230416e-03
2.380758021399707047e-01 3.042448444050093251e-03
2.315531774238071272e-01 3.977856389318064866e-03
2.229551721161369404e-01 5.603146471153197007e-03
2.226586891744931351e-01 5.668501390252098267e-03
2.173219962249047787e-01 6.967186331209321466e-03
2.128747521002477550e-01 8.244889528152207769e-03
2.048697126758652065e-01 1.107508510776765258e-02
2.033872979676461801e-01 1.168411518111653509e-02
1.974576391347702409e-01 1.442412897279587471e-02
1.971611561931264356e-01 1.457476397062207850e-02
1.873772191188810554e-01 2.037863832647815107e-02
1.817440432276488660e-01 2.455243692887887352e-02
1.778897649862794805e-01 2.781349766129305456e-02
1.761108673364166766e-01 2.943913627031042451e-02
1.731460379199787070e-01 3.232830922607189683e-02
1.642515496706647149e-01 4.247677881435441699e-02
1.571359590712135545e-01 5.240484653993458808e-02
1.520957490632689757e-01 6.054187625515336513e-02
1.434977437555987889e-01 7.679665902440360736e-02
1.304524943232716339e-01 1.079992455479340946e-01
1.182966937158758669e-01 1.452908242710748976e-01
1.022866148671107006e-01 2.083402316650732056e-01
8.983433131807114225e-02 2.694581987406205470e-01
7.738204776903157001e-02 3.417363481679077664e-01
6.670866186985480173e-02 4.126227550094826446e-01
5.603527597067804039e-02 4.914686659678587644e-01
4.091464594684428302e-02 6.155646465962631986e-01
2.490456709807913060e-02 7.599293179387031083e-01
1.601007884876515242e-02 8.442796520983791853e-01
4.447244124656986493e-03 9.564901871408936218e-01
2.964829416437991067e-04 9.970979274004432291e-01
-2.075380591506594073e-03 9.796876201423365682e-01
-8.301522366026376290e-03 9.188806437371819236e-01
-5.040210007944585791e-03 9.506957643301321426e-01
-9.783937074245369764e-03 9.044585747676215925e-01
-1.126635178246436671e-02 8.900676414656445434e-01
-1.067338589917677001e-02 8.958199811174174521e-01
-6.226141774519782651e-03 9.391149602969872667e-01
-7.708556482738777860e-03 9.246571451663863073e-01
-8.005039424382576208e-03 9.217683837331315244e-01
-5.336692949588385006e-03 9.477995014573001864e-01
2.075380591506594073e-03 9.796876201423365682e-01
2.075380591506594073e-03 9.796876201423365682e-01
5.336692949588385006e-03 9.477995014573001864e-01
1.363821531561476043e-02 8.671184675178263968e-01
1.749249355698414762e-02 8.300696778096683381e-01
2.401511827314772862e-02 7.682558718230400041e-01
2.668346474794192069e-02 7.433594574316628734e-01
2.875884533944851953e-02 7.241761344400822198e-01
2.964829416437991111e-02 7.160061171722618134e-01
2.875884533944851953e-02 7.241761344400822198e-01
3.439202123068069855e-02 6.729943383228373932e-01
3.646740182218729392e-02 6.544949118504775898e-01
3.765333358876248732e-02 6.440164612225398599e-01
3.735685064711868897e-02 6.466296182230275580e-01
3.735685064711868897e-02 6.466296182230275580e-01
3.528147005561209359e-02 6.650411922526084929e-01
3.409553828903690020e-02 6.756535088032568082e-01
2.668346474794192069e-02 7.433594574316628734e-01
2.549753298136672730e-02 7.543934791309931942e-01
2.193973768164113672e-02 7.877862138133687742e-01
