6.433679833670441495e-02 4.294722720994228471e-01
6.522624716163581693e-02 4.231078096129455846e-01
5.988955421204742585e-02 4.621091904392963245e-01
5.900010538711602387e-02 4.687971665604988569e-01
5.544231008739043676e-02 4.960718833131317895e-01
5.040210007944585097e-02 5.361006550949052318e-01
4.536189007150127211e-02 5.776771447487902833e-01
4.121112888848808137e-02 6.130054280839929426e-01
3.913574829698147906e-02 6.310164521734746845e-01
3.439202123068069855e-02 6.729943383228373932e-01
3.468850417232450384e-02 6.703392096267499767e-01
2.697994768958572598e-02 7.406089869392304958e-01
2.223622062328493507e-02 7.849877489446721590e-01
1.927139120684694465e-02 8.130904508085307070e-01
1.482414708218995555e-02 8.556841003043771376e-01
1.126635178246436671e-02 8.900676414656445434e-01
9.783937074245369764e-03 9.044585747676215925e-01
7.115590599451179429e-03 9.304375823302792892e-01
1.185931766575196427e-03 9.883920896866599248e-01
-8.894488249313974287e-04 9.912939342373472407e-01
-2.371863533150392854e-03 9.767866116195857984e-01
-4.447244124656986493e-03 9.564901871408936218e-01
-7.412073541094977777e-03 9.275468905428219113e-01
-1.393469825725855878e-02 8.642571976626228780e-01
-1.749249355698414762e-02 8.300696778096683381e-01
-1.927139120684694465e-02 8.130904508085307070e-01
-1.660304473205275258e-02 8.385893692449536418e-01
-2.016084003177834316e-02 8.046328177724200170e-01
-1.363821531561476043e-02 8.671184675178263968e-01
-7.115590599451179429e-03 9.304375823302792892e-01
-9.190971190957773068e-03 9.102239267136499334e-01
-1.274876649068336365e-02 8.757124792136103952e-01
-1.838194238191554614e-02 8.215697200589215932e-01
-2.134677179835354002e-02 7.933912541585084188e-01
-2.134677179835354002e-02 7.933912541585084188e-01
-2.164325473999733837e-02 7.905873935986582612e-01
-1.601007884876515242e-02 8.442796520983791853e-01
-1.393469825725855878e-02 8.642571976626228780e-01
-9.487454132601571416e-03 9.073406465970995649e-01
-3.854278241369388930e-03 9.622868871938534685e-01
-3.261312358081790500e-03 9.680855615709162976e-01
-2.964829416437991284e-03 9.709855443841508560e-01
-5.336692949588385006e-03 9.477995014573001864e-01
-2.668346474794192503e-03 9.738859070480740954e-01
-4.447244124656986493e-03 9.564901871408936218e-01
-6.522624716163580999e-03 9.362216548281087070e-01
-7.412073541094977777e-03 9.275468905428219113e-01
-9.783937074245369764e-03 9.044585747676215925e-01
-1.541711296547755572e-02 8.499779917054914868e-01
-1.689952767369655093e-02 8.357473386901990153e-01
-1.719601061534034928e-02 8.329074296730538673e-01
-1.571359590712135407e-02 8.471278327644229389e-01
-1.363821531561476043e-02 8.671184675178263968e-01
-1.274876649068336365e-02 8.757124792136103952e-01
-1.689952767369655093e-02 8.357473386901990153e-01
-8.005039424382576208e-03 9.217683837331315244e-01
-1.185931766575196427e-03 9.883920896866599248e-01
2.964829416437991067e-04 9.970979274004432291e-01
9.190971190957773068e-03 9.102239267136499334e-01
2.045732297342214151e-02 8.018185775483293032e-01
3.024126004766751127e-02 7.105772022253978859e-01
4.299002653835087145e-02 5.977489081697676676e-01
4.891968537122685229e-02 5.481727599670809248e-01
5.959307127040363444e-02 4.643326384597320500e-01
6.848755951971760569e-02 4.002441182705143152e-01
7.767853071067537529e-02 3.398843585695746627e-01
8.331170660190755084e-02 3.059113150685330851e-01
9.398509250108433299e-02 2.478622057402376788e-01
9.724640485916610788e-02 2.317575706007100333e-01
1.070303419334115019e-01 1.878985788604782270e-01
1.185931766575196444e-01 1.442778897652365333e-01
1.254122843153270273e-01 1.224314951836715654e-01
1.310454602065592167e-01 1.063928922966449753e-01
1.378645678643665995e-01 8.923809293696270684e-02
1.449801584638177876e-01 7.376660306741103512e-02
1.503168514134061440e-01 6.365038430863736996e-02
1.541711296547755572e-01 5.707385787026122287e-02
1.580254078961449427e-01 5.106743286649655794e-02
1.586183737794325255e-01 5.019163986471971567e-02
1.571359590712135545e-01 5.240484653993458808e-02
1.603972714292953294e-01 4.763874143315074278e-02
1.648445155539523255e-01 4.172581382678910294e-02
1.698847255618968766e-01 3.578070939246891929e-02
1.731460379199787070e-01 3.232830922607189683e-02
1.698847255618968766e-01 3.578070939246891929e-02
1.719601061534034858e-01 3.354953472399179598e-02
1.778897649862794805e-01 2.781349766129305456e-02
1.761108673364166766e-01 2.943913627031042451e-02
1.746284526281977056e-01 3.085499081993221468e-02
1.740354867449100951e-01 3.143732336671218458e-02
1.778897649862794805e-01 2.781349766129305456e-02
1.707741743868283202e-01 3.480960336785386688e-02
1.710706573284720977e-01 3.449089357278881107e-02
1.672163790871027123e-01 3.883230358571816004e-02
1.606937543709391070e-01 4.722394966320664356e-02
1.580254078961449427e-01 5.106743286649655794e-02
1.544676125964193347e-01 5.659205303022572103e-02
1.491309196468309783e-01 6.579434407797711548e-02
1.461660902303929810e-01 7.141286804581721548e-02
1.423118119890235678e-01 7.929235583337151949e-02
1.319349090314906048e-01 1.040185939091089334e-01
1.271911819651898035e-01 1.171763908315901354e-01
1.212615231323138504e-01 1.354012621417588214e-01
1.156283472410816471e-01 1.546512028304069530e-01
1.034725466336858940e-01 2.030861741795710329e-01
9.902530250902891185e-02 2.232900733959704287e-01
9.042729720135872507e-02 2.662971688725088715e-01
8.924136543478354555e-02 2.726446232915749057e-01
8.360818954355135613e-02 3.041872633676573900e-01
7.916094541889436009e-02 3.307201990489159193e-01
7.530666717752497463e-02 3.548787408868433468e-01
6.611569598656720503e-02 4.167983588330201883e-01
5.929658832875982222e-02 4.665619685091459967e-01
5.573879302903423510e-02 4.937674321715974646e-01
5.781417362054082354e-02 4.777963516192144100e-01
5.781417362054082354e-02 4.777963516192144100e-01
5.811065656218463576e-02 4.755378256161361117e-01
5.870362244547223246e-02 4.710382183974096693e-01
6.255790068684162486e-02 4.423650702271484381e-01
6.789459363643000900e-02 4.043455626037896211e-01
7.174887187779939446e-02 3.781321935963011249e-01
7.767853071067537529e-02 3.398843585695746627e-01
8.331170660190755084e-02 3.059113150685330851e-01
8.983433131807114225e-02 2.694581987406205470e-01
9.754288780080992705e-02 2.303308641687883684e-01
1.058444101668363085e-01 1.928660274584493850e-01
1.135529666495750795e-01 1.622396193963453470e-01
1.248193184320394444e-01 1.242231377330656611e-01
1.393469825725855704e-01 8.581787909262807157e-02
1.535781637714879466e-01 5.804760344190897786e-02
1.666234132038151017e-01 3.953937614832990499e-02
1.784827308695670911e-01 2.728893085929591164e-02
1.974576391347702409e-01 1.442412897279587471e-02
2.128747521002477550e-01 8.244889528152207769e-03
2.351109727235327074e-01 3.439753684488643104e-03
2.558647786385986334e-01 1.411799870022155271e-03
2.739502380788704228e-01 6.112307105505860759e-04
2.932216292857173223e-01 2.347038105499379111e-04
3.136789522591394985e-01 7.870900219318093427e-05
3.305784799328360113e-01 3.000270449050837805e-05
3.430307634818756113e-01 1.420247390665165037e-05
3.596338082139283188e-01 4.979601523302515548e-06
3.735685064711868897e-01 1.972358523574780838e-06
3.842418923703636580e-01 9.419157871534085956e-07
3.907645170865272632e-01 5.918391185593207510e-07
3.987695565109098395e-01 3.300135730525994945e-07
4.052921812270733892e-01 2.027008654188893673e-07
4.115183230015931892e-01 1.260517924695490971e-07
4.156690841846063522e-01 9.134136497387099004e-08
4.174479818344691839e-01 7.945800978998530680e-08
4.180409477177567945e-01 7.583735657697859468e-08
4.168550159511816289e-01 8.324404772944907685e-08
4.159655671262501575e-01 8.924902656738095231e-08
4.156690841846063522e-01 9.134136497387099004e-08
4.147796353596749919e-01 9.790421037908978928e-08
4.100359082933742183e-01 1.412701106910592638e-07
4.094429424100866077e-01 1.478372646185032268e-07
4.038097665188544183e-01 2.266528749288885214e-07
3.990660394525535892e-01 3.228552948374296542e-07
3.922469317947462897e-01 5.317771252921371781e-07
3.866137559035141003e-01 7.963967690871957323e-07
3.824629947205008818e-01 1.067333258004658339e-06
3.794981653040628844e-01 1.312417671668580010e-06
3.729755405878992791e-01 2.053458469946989953e-06
3.623021546887225108e-01 4.184321797578575261e-06
3.554830470309152113e-01 6.507334234577506035e-06
3.471815246648887743e-01 1.098934143569818346e-05
3.382870364155747822e-01 1.895586180189037296e-05
3.326538605243426483e-01 2.654567344654165325e-05
3.255382699248914324e-01 4.024317610512026045e-05
3.207945428585906589e-01 5.280641935146613176e-05
3.068598446013321435e-01 1.143093926802894007e-04
2.970759075270866800e-01 1.922125743744071218e-04
2.834376922114720254e-01 3.848355160640451597e-04
2.754326527870893937e-01 5.692184465790319165e-04
2.620909204131184334e-01 1.065245930673765955e-03
2.526034662805168862e-01 1.631826922026822363e-03
2.437089780312028942e-01 2.399782458697230416e-03
2.324426262487385431e-01 3.836671249416379742e-03
2.182114450498361669e-01 6.733881527103607878e-03
2.036837809092899854e-01 1.156000798932923720e-02
1.930103950101132448e-01 1.683236081818493754e-02
1.829299749942240594e-01 2.361746367681631653e-02
1.645480326123085202e-01 4.209989364586715077e-02
1.467590561136805638e-01 7.025905895644209143e-02
1.319349090314906048e-01 1.040185939091089334e-01
1.168142790076568543e-01 1.504365308050688299e-01
1.022866148671107006e-01 2.083402316650732056e-01
8.716598484327695018e-02 2.839975271296167336e-01
7.323128658601839314e-02 3.683325449275859365e-01
5.662824185396563709e-02 4.868882533534031332e-01
4.299002653835087145e-02 5.977489081697676676e-01
3.290960652246169987e-02 6.863300293422641696e-01
2.253270356492873341e-02 7.821920330317586600e-01
1.334173237397096035e-02 8.699814620729005021e-01
4.150761183013188145e-03 9.593882714367604203e-01
2.964829416437991067e-04 9.970979274004432291e-01
-9.190971190957773068e-03 9.102239267136499334e-01
-1.719601061534034928e-02 8.329074296730538673e-01
-2.045732297342214151e-02 8.018185775483293032e-01
-2.282918650657253176e-02 7.793991000097524324e-01
-2.579401592301052565e-02 7.516302176940485857e-01
-3.024126004766751127e-02 7.105772022253978859e-01
-3.231664063917410318e-02 6.916917832445974579e-01
-2.935181122273611623e-02 7.187259347034499202e-01
-3.379905534739310186e-02 6.783166922166690149e-01
-3.172367475588650648e-02 6.970688840883159099e-01
-3.202015769753030483e-02 6.943784302114590634e-01
-3.320608946410550516e-02 6.836549817031285503e-01
-3.646740182218729392e-02 6.544949118504775898e-01
-4.150761183013187972e-02 6.104508724027611910e-01
-3.854278241369388930e-02 6.362031933163905251e-01
-3.617091888054349558e-02 6.571251923062654265e-01
-4.061816300520047773e-02 6.181285027002140220e-01
-4.299002653835087145e-02 5.977489081697676676e-01
-4.862320242958305394e-02 5.506030392940450824e-01
-4.654782183807646551e-02 5.677604806237507296e-01
-5.040210007944585097e-02 5.361006550949052318e-01
-5.277396361259623775e-02 5.170649848479640376e-01
-5.455286126245904171e-02 5.030191806303059288e-01
-5.336692949588384138e-02 5.123608116645708144e-01
-5.040210007944585097e-02 5.361006550949052318e-01
-4.476892418821366154e-02 5.826655575414094734e-01
-4.743727066300786055e-02 5.603763285236014191e-01
-4.358299242163847509e-02 5.927016269434939311e-01
-3.794981653040628566e-02 6.414076534179217193e-01
-3.676388476383109227e-02 6.518688709480365828e-01
-3.172367475588650648e-02 6.970688840883159099e-01
-2.875884533944851953e-02 7.241761344400822198e-01
-2.846236239780471772e-02 7.269064540756902115e-01
-2.668346474794192069e-02 7.433594574316628734e-01
-2.638698180629811887e-02 7.461131743107052294e-01
-2.490456709807913060e-02 7.599293179387031083e-01
-2.490456709807913060e-02 7.599293179387031083e-01
-2.134677179835354002e-02 7.933912541585084188e-01
-1.897490826520314283e-02 8.159145165192873694e-01
-2.075380591506593986e-02 7.990068805269330277e-01
-2.312566944821633011e-02 7.766089837084957370e-01
-1.838194238191554614e-02 8.215697200589215932e-01
-1.897490826520314283e-02 8.159145165192873694e-01
-1.956787414849073953e-02 8.102687891826182431e-01
-1.986435709013454134e-02 8.074495665615314399e-01
-2.223622062328493507e-02 7.849877489446721590e-01
-2.193973768164113672e-02 7.877862138133687742e-01
-2.520105003972292548e-02 7.571598568220951897e-01
-2.757291357287331920e-02 7.351179139191905687e-01
-2.905532828109231788e-02 7.214492841993171979e-01
-3.231664063917410318e-02 6.916917832445974579e-01
-3.706036770547489062e-02 6.492470972426016562e-01
-4.299002653835087145e-02 5.977489081697676676e-01
-4.358299242163847509e-02 5.927016269434939311e-01
-4.358299242163847509e-02 5.927016269434939311e-01
-4.387947536328227344e-02 5.901852624462056163e-01
-4.417595830492607872e-02 5.876737803767448920e-01
-3.943223123862528434e-02 6.284297924686068626e-01
-4.121112888848808137e-02 6.130054280839929426e-01
-4.091464594684428302e-02 6.155646465962631986e-01
-3.646740182218729392e-02 6.544949118504775898e-01
-3.676388476383109227e-02 6.518688709480365828e-01
-3.794981653040628566e-02 6.414076534179217193e-01
-4.002519712191288104e-02 6.232700258990213626e-01
-3.528147005561209359e-02 6.650411922526084929e-01
-4.150761183013187972e-02 6.104508724027611910e-01
-4.210057771341947641e-02 6.053558496593003380e-01
-3.824629947205008401e-02 6.388032218287085229e-01
-4.299002653835087145e-02 5.977489081697676676e-01
-4.210057771341947641e-02 6.053558496593003380e-01
-4.061816300520047773e-02 6.181285027002140220e-01
-3.646740182218729392e-02 6.544949118504775898e-01
-3.083422593095511144e-02 7.051627864718528205e-01
-2.401511827314772862e-02 7.682558718230400041e-01
-1.719601061534034928e-02 8.329074296730538673e-01
-1.393469825725855878e-02 8.642571976626228780e-01
-8.005039424382576208e-03 9.217683837331315244e-01
-1.008042001588917158e-02 9.015777484609692749e-01
-5.929658832875982569e-03 9.420090616967976560e-01
-4.743727066300785708e-03 9.535926721610885615e-01
8.894488249313974287e-04 9.912939342373472407e-01
1.778897649862794857e-03 9.825888946481970976e-01
8.598005307670174638e-03 9.159939626331864426e-01
9.783937074245369764e-03 9.044585747676215925e-01
1.630656179040895423e-02 8.414334856400400575e-01
1.601007884876515242e-02 8.442796520983791853e-01
2.164325473999733837e-02 7.905873935986582612e-01
3.024126004766751127e-02 7.105772022253978859e-01
3.439202123068069855e-02 6.729943383228373932e-01
3.794981653040628566e-02 6.414076534179217193e-01
4.269354359670708005e-02 6.002797769451055920e-01
4.625133889643266022e-02 5.702320701024229388e-01
5.069858302108965625e-02 5.337022337307312236e-01
5.662824185396563709e-02 4.868882533534031332e-01
6.107548597862261924e-02 4.532744925576422945e-01
6.492976421999201164e-02 4.252231985377508128e-01
6.641217892821101032e-02 4.147074807397599372e-01
6.848755951971760569e-02 4.002441182705143152e-01
7.263832070273078256e-02 3.722334733269203610e-01
7.589963306081257133e-02 3.510919355466789460e-01
8.064336012711337265e-02 3.217158712527454223e-01
8.360818954355135613e-02 3.041872633676573900e-01
8.805543366820833828e-02 2.790937805667092486e-01
8.538708719341416009e-02 2.939773304316840030e-01
9.309564367615293101e-02 2.523858250901062639e-01
9.576399015094712308e-02 2.389842671542324326e-01
9.635695603423471978e-02 2.360749260676175687e-01
9.487454132601572110e-02 2.433950768851260715e-01
9.457805838437192969e-02 2.448778534628600623e-01
9.102026308464633564e-02 2.631614996393735195e-01
9.665343897587852506e-02 2.346295940543654812e-01
9.606047309259091449e-02 2.375264813794352448e-01
9.576399015094712308e-02 2.389842671542324326e-01
9.843233662574131515e-02 2.260878733589901379e-01
1.016936489838230900e-01 2.110035398677407303e-01
1.028795807503982973e-01 2.057011360082986462e-01
1.016936489838230900e-01 2.110035398677407303e-01
1.034725466336858940e-01 2.030861741795710329e-01
1.049549613419049066e-01 1.966538221146454657e-01
1.037690295753296993e-01 2.017877183511448125e-01
1.040655125169735046e-01 2.004952656344090867e-01
1.028795807503982973e-01 2.057011360082986462e-01
1.067338589917676828e-01 1.891315875895746845e-01
1.129600007662874689e-01 1.644580077525825412e-01
1.105881372331370821e-01 1.735580107587945953e-01
1.067338589917676828e-01 1.891315875895746845e-01
9.932178545067270325e-02 2.219004069689727299e-01
9.991475133396031383e-02 2.191394989321321374e-01
9.902530250902891185e-02 2.232900733959704287e-01
9.428157544272812440e-02 2.463668942986090571e-01
8.894488249313974026e-02 2.742473685551022888e-01
8.271874071861996802e-02 3.093786230691373818e-01
7.678908188574397331e-02 3.454594644319870511e-01
7.115590599451178389e-02 3.820961561382232308e-01
6.463328127834820636e-02 4.273446895722357031e-01
5.455286126245904171e-02 5.030191806303059288e-01
4.832671948793926253e-02 5.530385568064644097e-01
4.654782183807646551e-02 5.677604806237507296e-01
3.765333358876248732e-02 6.440164612225398599e-01
2.875884533944851953e-02 7.241761344400822198e-01
2.490456709807913060e-02 7.599293179387031083e-01
1.778897649862794597e-02 8.272341186337420771e-01
1.482414708218995555e-02 8.556841003043771376e-01
7.115590599451179429e-03 9.304375823302792892e-01
-8.894488249313974287e-04 9.912939342373472407e-01
-5.040210007944585791e-03 9.506957643301321426e-01
-9.487454132601571416e-03 9.073406465970995649e-01
-1.512063002383375564e-02 8.528300929131141794e-01
-1.423118119890235886e-02 8.613976889420622562e-01
-1.452766414054615894e-02 8.585399777232740615e-01
-1.601007884876515242e-02 8.442796520983791853e-01
-1.185931766575196514e-02 8.843210255678012333e-01
-1.008042001588917158e-02 9.015777484609692749e-01
-7.412073541094977777e-03 9.275468905428219113e-01
-6.522624716163580999e-03 9.362216548281087070e-01
-1.363821531561476043e-02 8.671184675178263968e-01
-1.541711296547755572e-02 8.499779917054914868e-01
-9.783937074245369764e-03 9.044585747676215925e-01
-1.452766414054615894e-02 8.585399777232740615e-01
-1.838194238191554614e-02 8.215697200589215932e-01
-1.956787414849073953e-02 8.102687891826182431e-01
-2.253270356492873341e-02 7.821920330317586600e-01
-2.727643063122952086e-02 7.378617950653341140e-01
-3.231664063917410318e-02 6.916917832445974579e-01
-4.210057771341947641e-02 6.053558496593003380e-01
-4.476892418821366154e-02 5.826655575414094734e-01
-4.862320242958305394e-02 5.506030392940450824e-01
-4.980913419615826121e-02 5.409135574273699065e-01
-4.891968537122685229e-02 5.481727599670809248e-01
-4.921616831287065758e-02 5.457477395487861926e-01
-5.662824185396563709e-02 4.868882533534031332e-01
-5.959307127040363444e-02 4.643326384597320500e-01
-6.463328127834820636e-02 4.273446895722357031e-01
-7.145238893615558917e-02 3.801110307813641009e-01
-7.293480364437458785e-02 3.702798501657540431e-01
-7.767853071067537529e-02 3.398843585695746627e-01
-7.945742836053816538e-02 3.289065401280076850e-01
-8.064336012711337265e-02 3.217158712527454223e-01
-8.123632601040095547e-02 3.181589335362122739e-01
-8.835191660985215745e-02 2.774719436947004070e-01
-9.072378014300254423e-02 2.647261663980006730e-01
-9.754288780080992705e-02 2.303308641687883684e-01
-9.754288780080992705e-02 2.303308641687883684e-01
-9.872881956738512044e-02 2.246858927483212642e-01
-9.309564367615293101e-02 2.523858250901062639e-01
-9.279916073450913960e-02 2.539062796430360813e-01
-9.013081425971493366e-02 2.678745115430254953e-01
-9.606047309259091449e-02 2.375264813794352448e-01
-1.005077172172479105e-01 2.164030994779916339e-01
-1.034725466336858940e-01 2.030861741795710329e-01
-1.034725466336858940e-01 2.030861741795710329e-01
-1.005077172172479105e-01 2.164030994779916339e-01
-9.991475133396031383e-02 2.191394989321321374e-01
-9.902530250902891185e-02 2.232900733959704287e-01
-9.517102426765951251e-02 2.419185580794080970e-01
-9.754288780080992705e-02 2.303308641687883684e-01
-1.002112342756041052e-01 2.177682400319038702e-01
-1.008042001588917019e-01 2.150440683181752133e-01
-1.005077172172479105e-01 2.164030994779916339e-01
-1.025830978087544920e-01 2.070176621451680632e-01
-9.961826839231652242e-02 2.205168850087819155e-01
-9.487454132601572110e-02 2.433950768851260715e-01
-9.368860955944052771e-02 2.493637939966689143e-01
-9.220619485122152903e-02 2.569660949863233901e-01
-9.190971190957773762e-02 2.585054666374553278e-01
-8.716598484327695018e-02 2.839975271296167336e-01
-8.598005307670174291e-02 2.906251790737882090e-01
-8.686950190163314489e-02 2.856448644875086429e-01
-8.390467248519514754e-02 3.024696123114706259e-01
-8.242225777697616274e-02 3.111218802869832323e-01
-7.856797953560677727e-02 3.343666959025654029e-01
-7.441721835259358653e-02 3.606066084965107166e-01
-6.819107657807380041e-02 4.022917372086682875e-01
-6.492976421999201164e-02 4.252231985377508128e-01
-5.900010538711602387e-02 4.687971665604988569e-01
-5.662824185396563709e-02 4.868882533534031332e-01
-5.158803184602105130e-02 5.265393238943145704e-01
-4.447244124656987013e-02 5.851672042832731790e-01
-4.180409477177567806e-02 6.079010046257529165e-01
-4.180409477177567806e-02 6.079010046257529165e-01
-4.061816300520047773e-02 6.181285027002140220e-01
-3.972871418026908269e-02 6.258476416905683903e-01
-3.676388476383109227e-02 6.518688709480365828e-01
-3.498498711396829525e-02 6.676881514184496158e-01
-3.528147005561209359e-02 6.650411922526084929e-01
-3.943223123862528434e-02 6.284297924686068626e-01
-3.824629947205008401e-02 6.388032218287085229e-01
-3.498498711396829525e-02 6.676881514184496158e-01
-3.350257240574930351e-02 6.809838595647544901e-01
-2.935181122273611623e-02 7.187259347034499202e-01
-3.053774298931130962e-02 7.078681665885183660e-01
-2.905532828109231788e-02 7.214492841993171979e-01
-2.935181122273611623e-02 7.187259347034499202e-01
-2.875884533944851953e-02 7.241761344400822198e-01
-2.668346474794192069e-02 7.433594574316628734e-01
-2.846236239780471772e-02 7.269064540756902115e-01
-2.816587945616091937e-02 7.296402116268713156e-01
-2.786939651451711755e-02 7.323773754862044072e-01
-2.431160121479152697e-02 7.654773585553373838e-01
-2.727643063122952086e-02 7.378617950653341140e-01
-3.172367475588650648e-02 6.970688840883159099e-01
-3.142719181424270813e-02 6.997631148740800500e-01
-2.697994768958572598e-02 7.406089869392304958e-01
-2.994477710602371293e-02 7.132898626942123510e-01
-2.846236239780471772e-02 7.269064540756902115e-01
-2.757291357287331920e-02 7.351179139191905687e-01
-2.816587945616091937e-02 7.296402116268713156e-01
-2.994477710602371293e-02 7.132898626942123510e-01
-3.231664063917410318e-02 6.916917832445974579e-01
-3.706036770547489062e-02 6.492470972426016562e-01
-3.913574829698147906e-02 6.310164521734746845e-01
-4.150761183013187972e-02 6.104508724027611910e-01
-3.706036770547489062e-02 6.492470972426016562e-01
-4.299002653835087145e-02 5.977489081697676676e-01
-4.743727066300786055e-02 5.603763285236014191e-01
-4.862320242958305394e-02 5.506030392940450824e-01
-4.951265125451445592e-02 5.433279985817213165e-01
-5.040210007944585097e-02 5.361006550949052318e-01
-5.040210007944585097e-02 5.361006550949052318e-01
-4.476892418821366154e-02 5.826655575414094734e-01
-4.150761183013187972e-02 6.104508724027611910e-01
-4.773375360465165890e-02 5.579252225941291332e-01
-4.447244124656987013e-02 5.851672042832731790e-01
-4.358299242163847509e-02 5.927016269434939311e-01
-4.506540712985746683e-02 5.801688633536490336e-01
-4.121112888848808137e-02 6.130054280839929426e-01
-4.180409477177567806e-02 6.079010046257529165e-01
-3.943223123862528434e-02 6.284297924686068626e-01
-4.032168006355668632e-02 6.206969709910064026e-01
-4.565837301314506352e-02 5.751904245813735939e-01
-3.943223123862528434e-02 6.284297924686068626e-01
-3.913574829698147906e-02 6.310164521734746845e-01
-3.972871418026908269e-02 6.258476416905683903e-01
-4.150761183013187972e-02 6.104508724027611910e-01
-4.476892418821366154e-02 5.826655575414094734e-01
-4.506540712985746683e-02 5.801688633536490336e-01
-4.328650947999467674e-02 5.952228501484999601e-01
-4.447244124656987013e-02 5.851672042832731790e-01
-4.239706065506327476e-02 6.028154322422107914e-01
-4.091464594684428302e-02 6.155646465962631986e-01
-4.002519712191288104e-02 6.232700258990213626e-01
-4.180409477177567806e-02 6.079010046257529165e-01
-4.506540712985746683e-02 5.801688633536490336e-01
-4.299002653835087145e-02 5.977489081697676676e-01
-4.150761183013187972e-02 6.104508724027611910e-01
-4.387947536328227344e-02 5.901852624462056163e-01
-4.358299242163847509e-02 5.927016269434939311e-01
-4.625133889643266022e-02 5.702320701024229388e-01
-4.714078772136406220e-02 5.628325879478939253e-01
-4.832671948793926253e-02 5.530385568064644097e-01
-5.455286126245904171e-02 5.030191806303059288e-01
-5.573879302903423510e-02 4.937674321715974646e-01
-6.166845186191022288e-02 4.488927865674418038e-01
-6.581921304492339975e-02 4.188953796157086629e-01
-7.204535481944318587e-02 3.761596509004678790e-01
-7.649259894410016802e-02 3.473305851482736406e-01
-8.598005307670174291e-02 2.906251790737882090e-01
-9.546750720930331779e-02 2.404482904223856909e-01
-9.872881956738512044e-02 2.246858927483212642e-01
-1.019901319254669092e-01 2.096688543504385827e-01
-1.055479272251924755e-01 1.941226826678389139e-01
-1.126635178246436775e-01 1.655756477218980061e-01
-1.215580060739576418e-01 1.344413376410750205e-01
-1.242263525487518477e-01 1.260349640212920785e-01
-1.248193184320394444e-01 1.242231377330656611e-01
-1.245228354903956391e-01 1.251265199663869621e-01
-1.218544890156014471e-01 1.334866309508769555e-01
-1.242263525487518477e-01 1.260349640212920785e-01
-1.206685572490262398e-01 1.373368257292598982e-01
-1.203720743073824484e-01 1.383124952490688009e-01
-1.165177960660130768e-01 1.514819803124435593e-01
-1.141459325328626762e-01 1.600436637293107256e-01
-1.114775860580684702e-01 1.701028214865349941e-01
-1.082162736999866814e-01 1.830252617176621188e-01
-1.099951713498494715e-01 1.758901426415079849e-01
-1.114775860580684702e-01 1.701028214865349941e-01
-1.165177960660130768e-01 1.514819803124435593e-01
-1.147388984161502451e-01 1.578700323126399907e-01
-1.174072448909444649e-01 1.483619832413657080e-01
-1.194826254824510464e-01 1.412712360678542722e-01
-1.185931766575196444e-01 1.442778897652365333e-01
-1.153318642994378695e-01 1.557186154380684195e-01
-1.156283472410816471e-01 1.546512028304069530e-01
-1.162213131243692715e-01 1.525328993618891293e-01
-1.197791084240948517e-01 1.402796853807732336e-01
-1.254122843153270273e-01 1.224314951836715654e-01
-1.251158013736832497e-01 1.233248014461288400e-01
-1.242263525487518477e-01 1.260349640212920785e-01
-1.248193184320394444e-01 1.242231377330656611e-01
-1.218544890156014471e-01 1.334866309508769555e-01
-1.286735966734088299e-01 1.129325101135463943e-01
-1.328243578564220206e-01 1.016861715867894561e-01
-1.381610508060103770e-01 8.854549230586079844e-02
-1.408293972808045968e-01 8.250335010306748817e-02
-1.402364313975169863e-01 8.381661705058560119e-02
-1.417188461057360127e-01 8.056446710318321269e-02
-1.384575337476542101e-01 8.785718776847366296e-02
-1.414223631640921797e-01 8.120664873599278688e-02
-1.414223631640921797e-01 8.120664873599278688e-02
-1.357891872728600180e-01 9.420802694357188756e-02
-1.304524943232716339e-01 1.079992455479340946e-01
-1.248193184320394444e-01 1.242231377330656611e-01
-1.197791084240948517e-01 1.402796853807732336e-01
-1.147388984161502451e-01 1.578700323126399907e-01
-1.082162736999866814e-01 1.830252617176621188e-01
-9.694992191752231647e-02 2.331904780420603340e-01
-9.072378014300254423e-02 2.647261663980006730e-01
-8.360818954355135613e-02 3.041872633676573900e-01
-7.886446247725056868e-02 3.325402515855780949e-01
-6.255790068684162486e-02 4.423650702271484381e-01
-6.374383245341681825e-02 4.337456682186658918e-01
-5.633175891232183874e-02 4.891756009938119654e-01
-5.870362244547223246e-02 4.710382183974096693e-01
-5.603527597067804039e-02 4.914686659678587644e-01
-5.455286126245904171e-02 5.030191806303059288e-01
-5.870362244547223246e-02 4.710382183974096693e-01
-6.018603715369122420e-02 4.598916382854670859e-01
-5.662824185396563709e-02 4.868882533534031332e-01
-5.514582714574663841e-02 4.983820029128035456e-01
-6.166845186191022288e-02 4.488927865674418038e-01
-5.929658832875982222e-02 4.665619685091459967e-01
-6.315086657012922156e-02 4.380432981770336909e-01
-6.819107657807380041e-02 4.022917372086682875e-01
-6.789459363643000900e-02 4.043455626037896211e-01
-7.589963306081257133e-02 3.510919355466789460e-01
-7.797501365231916670e-02 3.380387516657661351e-01
-7.975391130218197067e-02 3.270992764848893453e-01
-8.331170660190755084e-02 3.059113150685330851e-01
-8.153280895204477463e-02 3.163900668191798604e-01
-7.708556482738777860e-02 3.435947177508160699e-01
-8.005039424382576208e-02 3.252984096087256916e-01
-8.093984306875716406e-02 3.199342018916918606e-01
-8.182929189368856604e-02 3.146276022038722586e-01
-8.123632601040095547e-02 3.181589335362122739e-01
-8.301522366026375943e-02 3.076417681216608302e-01
-8.479412131012654952e-02 2.973550534664020639e-01
-8.894488249313974026e-02 2.742473685551022888e-01
-8.805543366820833828e-02 2.790937805667092486e-01
-8.953784837642732308e-02 2.710482346465626913e-01
-8.983433131807114225e-02 2.694581987406205470e-01
-9.457805838437192969e-02 2.448778534628600623e-01
-9.546750720930331779e-02 2.404482904223856909e-01
-9.932178545067270325e-02 2.219004069689727299e-01
-9.961826839231652242e-02 2.205168850087819155e-01
-9.783937074245370458e-02 2.289103510540752284e-01
-9.754288780080992705e-02 2.303308641687883684e-01
-8.953784837642732308e-02 2.710482346465626913e-01
-9.398509250108433299e-02 2.478622057402376788e-01
-9.754288780080992705e-02 2.303308641687883684e-01
-9.932178545067270325e-02 2.219004069689727299e-01
-9.783937074245370458e-02 2.289103510540752284e-01
-1.016936489838230900e-01 2.110035398677407303e-01
-1.111811031164246788e-01 1.712488336819336932e-01
-1.165177960660130768e-01 1.514819803124435593e-01
-1.227439378405328491e-01 1.306536638712747778e-01
-1.263017331402584431e-01 1.197815966419093492e-01
-1.325278749147782154e-01 1.024590207738609038e-01
-1.411258802224483744e-01 8.185293732960102764e-02
-1.437942266972425664e-01 7.618274388474718939e-02
-1.500203684717623664e-01 6.418094321298527249e-02
-1.458696072887491757e-01 7.199551143277801990e-02
-1.461660902303929810e-01 7.141286804581721548e-02
-1.417188461057360127e-01 8.056446710318321269e-02
-1.417188461057360127e-01 8.056446710318321269e-02
-1.405329143391607916e-01 8.315790427254622641e-02
-1.402364313975169863e-01 8.381661705058560119e-02
-1.372716019810789889e-01 9.063625106108481877e-02
-1.381610508060103770e-01 8.854549230586079844e-02
-1.363821531561476008e-01 9.276613727998542225e-02
-1.366786360977914061e-01 9.205179918960328111e-02
-1.372716019810789889e-01 9.063625106108481877e-02
-1.366786360977914061e-01 9.205179918960328111e-02
-1.331208407980657982e-01 1.009179248801595208e-01
-1.292665625566964127e-01 1.112689219191441703e-01
-1.212615231323138504e-01 1.354012621417588214e-01
-1.194826254824510464e-01 1.412712360678542722e-01
-1.156283472410816471e-01 1.546512028304069530e-01
-1.099951713498494715e-01 1.758901426415079849e-01
-1.058444101668363085e-01 1.928660274584493850e-01
-9.902530250902891185e-02 2.232900733959704287e-01
-9.606047309259091449e-02 2.375264813794352448e-01
-9.368860955944052771e-02 2.493637939966689143e-01
-9.013081425971493366e-02 2.678745115430254953e-01
-8.983433131807114225e-02 2.694581987406205470e-01
-8.123632601040095547e-02 3.181589335362122739e-01
-7.471370129423737794e-02 3.586909702515078679e-01
-7.234183776108699115e-02 3.741934088273713988e-01
-6.344734951177301296e-02 4.358914596311522782e-01
-6.166845186191022288e-02 4.488927865674418038e-01
-5.959307127040363444e-02 4.643326384597320500e-01
-5.573879302903423510e-02 4.937674321715974646e-01
-5.662824185396563709e-02 4.868882533534031332e-01
-5.544231008739043676e-02 4.960718833131317895e-01
-5.662824185396563709e-02 4.868882533534031332e-01
-5.929658832875982222e-02 4.665619685091459967e-01
-6.404031539506060966e-02 4.316059353132889465e-01
-6.670866186985480173e-02 4.126227550094826446e-01
-6.759811069478620371e-02 4.064055859092239320e-01
-5.959307127040363444e-02 4.643326384597320500e-01
-6.255790068684162486e-02 4.423650702271484381e-01
-6.374383245341681825e-02 4.337456682186658918e-01
-6.196493480355402123e-02 4.467108895906160004e-01
-6.196493480355402123e-02 4.467108895906160004e-01
-6.463328127834820636e-02 4.273446895722357031e-01
-6.107548597862261924e-02 4.532744925576422945e-01
-5.900010538711602387e-02 4.687971665604988569e-01
-4.625133889643266022e-02 5.702320701024229388e-01
-3.735685064711868897e-02 6.466296182230275580e-01
-2.609049886465432400e-02 7.488701052228343702e-01
-1.897490826520314283e-02 8.159145165192873694e-01
-1.245228354903956530e-02 8.785804286038754185e-01
-7.412073541094977777e-03 9.275468905428219113e-01
-4.447244124656986493e-03 9.564901871408936218e-01
-5.336692949588385006e-03 9.477995014573001864e-01
-6.226141774519782651e-03 9.391149602969872667e-01
-8.894488249313974287e-04 9.912939342373472407e-01
2.964829416437991284e-03 9.709855443841508560e-01
8.894488249313974287e-04 9.912939342373472407e-01
1.185931766575196427e-03 9.883920896866599248e-01
-2.371863533150392854e-03 9.767866116195857984e-01
3.261312358081790500e-03 9.680855615709162976e-01
8.301522366026376290e-03 9.188806437371819236e-01
7.412073541094977777e-03 9.275468905428219113e-01
4.150761183013188145e-03 9.593882714367604203e-01
4.743727066300785708e-03 9.535926721610885615e-01
8.005039424382576208e-03 9.217683837331315244e-01
8.894488249313972986e-03 9.131083778348803026e-01
7.115590599451179429e-03 9.304375823302792892e-01
6.522624716163580999e-03 9.362216548281087070e-01
9.190971190957773068e-03 9.102239267136499334e-01
7.412073541094977777e-03 9.275468905428219113e-01
4.447244124656986493e-03 9.564901871408936218e-01
-1.185931766575196427e-03 9.883920896866599248e-01
-7.708556482738777860e-03 9.246571451663863073e-01
-1.541711296547755572e-02 8.499779917054914868e-01
-1.541711296547755572e-02 8.499779917054914868e-01
-1.956787414849073953e-02 8.102687891826182431e-01
-2.193973768164113672e-02 7.877862138133687742e-01
-2.342215238986013193e-02 7.738217178513379091e-01
-2.193973768164113672e-02 7.877862138133687742e-01
-2.342215238986013193e-02 7.738217178513379091e-01
-2.609049886465432400e-02 7.488701052228343702e-01
-2.549753298136672730e-02 7.543934791309931942e-01
-2.431160121479152697e-02 7.654773585553373838e-01
-2.312566944821633011e-02 7.766089837084957370e-01
-2.668346474794192069e-02 7.433594574316628734e-01
-2.490456709807913060e-02 7.599293179387031083e-01
-2.609049886465432400e-02 7.488701052228343702e-01
-2.134677179835354002e-02 7.933912541585084188e-01
-2.105028885670973821e-02 7.961977612492739942e-01
-1.601007884876515242e-02 8.442796520983791853e-01
-1.512063002383375564e-02 8.528300929131141794e-01
-1.452766414054615894e-02 8.585399777232740615e-01
-9.783937074245369764e-03 9.044585747676215925e-01
-9.487454132601571416e-03 9.073406465970995649e-01
-8.005039424382576208e-03 9.217683837331315244e-01
-8.598005307670174638e-03 9.159939626331864426e-01
-5.929658832875982569e-03 9.420090616967976560e-01
0.000000000000000000e+00 1.000000000000000000e+00
7.412073541094977777e-03 9.275468905428219113e-01
1.660304473205275258e-02 8.385893692449536418e-01
2.371863533150393027e-02 7.710373360539325427e-01
2.697994768958572598e-02 7.406089869392304958e-01
3.617091888054349558e-02 6.571251923062654265e-01
4.595485595478886881e-02 5.727087255311262837e-01
5.366341243752763973e-02 5.100170378774893098e-01
6.730162775314239842e-02 4.084717983909711414e-01
7.975391130218197067e-02 3.270992764848893453e-01
1.002112342756041052e-01 2.177682400319038702e-01
1.082162736999866814e-01 1.830252617176621188e-01
1.168142790076568543e-01 1.504365308050688299e-01
1.304524943232716339e-01 1.079992455479340946e-01
1.396434655142294035e-01 8.514658726027514446e-02
1.467590561136805638e-01 7.025905895644209143e-02
1.509098172966937546e-01 6.260002654566533542e-02
1.586183737794325255e-01 5.019163986471971567e-02
1.615832031958705506e-01 4.599757958824512299e-02
1.601007884876515242e-01 4.805656089918988738e-02
1.583218908377887202e-01 5.062796567452904073e-02
1.568394761295697493e-01 5.285704321265086852e-02
1.612867202542267453e-01 4.640338480106860619e-02
1.559500273046383334e-01 5.423304032481837678e-02
1.577289249545011374e-01 5.151005780619308944e-02
1.571359590712135545e-01 5.240484653993458808e-02
1.547640955380631400e-01 5.611360452277151800e-02
1.476485049386119797e-01 6.855678219382574379e-02
1.571359590712135545e-01 5.240484653993458808e-02
1.592113396627201360e-01 4.932834708127908918e-02
1.574324420128573321e-01 5.195585688905465099e-02
1.529851978882003360e-01 5.903497525911618332e-02
1.535781637714879466e-01 5.804760344190897786e-02
1.595078226043639413e-01 4.890134752980502403e-02
1.603972714292953294e-01 4.763874143315074278e-02
1.603972714292953294e-01 4.763874143315074278e-02
1.648445155539523255e-01 4.172581382678910294e-02
1.692917596786093215e-01 3.644074216410622680e-02
1.740354867449100951e-01 3.143732336671218458e-02
1.808545944027174501e-01 2.527434123321661494e-02
1.864877702939496396e-01 2.099383012836529561e-02
1.891561167687438594e-01 1.919482601172656233e-02
1.909350144186066356e-01 1.807099341200752232e-02
1.971611561931264356e-01 1.457476397062207850e-02
1.989400538429892396e-01 1.369116879402998942e-02
2.069450932673717880e-01 1.026940127652659594e-02
2.137642009251791708e-01 7.973886180281136715e-03
2.146536497501105589e-01 7.710809574970618752e-03
2.188044109331237497e-01 6.582232623658188821e-03
2.229551721161369404e-01 5.603146471153197007e-03
2.268094503575063259e-01 4.812721866605362830e-03
2.321461433070947100e-01 3.883224014314878500e-03
2.324426262487385431e-01 3.836671249416379742e-03
2.377793191983268994e-01 3.080225403577102530e-03
2.419300803813400902e-01 2.588013677033301069e-03
2.443019439144904770e-01 2.339851944121125460e-03
2.443019439144904770e-01 2.339851944121125460e-03
2.466738074476408915e-01 2.113459524470178916e-03
2.487491880391474730e-01 1.931883050016581279e-03
2.549753298136672730e-01 1.468951834562175250e-03
2.564577445218862439e-01 1.374834018500742296e-03
2.555682956969548281e-01 1.430620984224666679e-03
2.531964321638044968e-01 1.589634193156901206e-03
2.487491880391474730e-01 1.931883050016581279e-03
2.478597392142160849e-01 2.007890475572415238e-03
2.448949097977780875e-01 2.281281431953933146e-03
2.460808415643532809e-01 2.168111804873861046e-03
2.401511827314772862e-01 2.789511697719098803e-03
2.374828362566831219e-01 3.118425306688759214e-03
2.330355921320261536e-01 3.745068767606279155e-03
2.306637285988757391e-01 4.123694553098176431e-03
2.259200015325749378e-01 4.985688225240514013e-03
2.223622062328493576e-01 5.734536194629843639e-03
2.176184791665485563e-01 6.888631574024877205e-03
2.116888203336726171e-01 8.618905911523765812e-03
2.081310250339470092e-01 9.832588875842743562e-03
2.024978491427148197e-01 1.206348531721915598e-02
1.956787414849074092e-01 1.534871318902557465e-02
1.891561167687438594e-01 1.919482601172656233e-02
1.826334920525802541e-01 2.384829218885658325e-02
1.770003161613480647e-01 2.861647587325020364e-02
1.701812085035407096e-01 3.545449648875535070e-02
1.684023108536779056e-01 3.745003288273548309e-02
1.615832031958705506e-01 4.599757958824512299e-02
1.532816808298441413e-01 5.853957767912682658e-02
1.437942266972425664e-01 7.618274388474718939e-02
1.354927043312162127e-01 9.493561264478336814e-02
1.286735966734088299e-01 1.129325101135463943e-01
1.221509719572452385e-01 1.325371267116732255e-01
1.191861425408072689e-01 1.422681104499844695e-01
1.117740689997122755e-01 1.689625097633102035e-01
1.079197907583429039e-01 1.842348065684406011e-01
1.028795807503982973e-01 2.057011360082986462e-01
9.724640485916610788e-02 2.317575706007100333e-01
9.428157544272812440e-02 2.463668942986090571e-01
9.042729720135872507e-02 2.662971688725088715e-01
9.042729720135872507e-02 2.662971688725088715e-01
8.805543366820833828e-02 2.790937805667092486e-01
8.212577483533235745e-02 3.128715399845397038e-01
8.093984306875716406e-02 3.199342018916918606e-01
8.598005307670174291e-02 2.906251790737882090e-01
8.716598484327695018e-02 2.839975271296167336e-01
8.686950190163314489e-02 2.856448644875086429e-01
8.686950190163314489e-02 2.856448644875086429e-01
8.805543366820833828e-02 2.790937805667092486e-01
8.686950190163314489e-02 2.856448644875086429e-01
8.420115542683895282e-02 3.007583610275597064e-01
8.686950190163314489e-02 2.856448644875086429e-01
8.479412131012654952e-02 2.973550534664020639e-01
8.509060425177035480e-02 2.956629946257112174e-01
8.390467248519514754e-02 3.024696123114706259e-01
8.242225777697616274e-02 3.111218802869832323e-01
8.509060425177035480e-02 2.956629946257112174e-01
8.301522366026375943e-02 3.076417681216608302e-01
8.449763836848275811e-02 2.990535084792834697e-01
7.945742836053816538e-02 3.289065401280076850e-01
7.975391130218197067e-02 3.270992764848893453e-01
7.827149659396295811e-02 3.361995299905439216e-01
8.005039424382576208e-02 3.252984096087256916e-01
7.767853071067537529e-02 3.398843585695746627e-01
7.471370129423737794e-02 3.586909702515078679e-01
7.501018423588118322e-02 3.567816796104619215e-01
7.323128658601839314e-02 3.683325449275859365e-01
6.908052540300518851e-02 3.961675330162681696e-01
6.522624716163581693e-02 4.231078096129455846e-01
6.700514481149860702e-02 4.105441911274851918e-01
6.611569598656720503e-02 4.167983588330201883e-01
6.730162775314239842e-02 4.084717983909711414e-01
6.581921304492339975e-02 4.188953796157086629e-01
6.404031539506060966e-02 4.316059353132889465e-01
6.463328127834820636e-02 4.273446895722357031e-01
6.819107657807380041e-02 4.022917372086682875e-01
6.878404246136139710e-02 3.982027141488467814e-01
6.996997422793659049e-02 3.900994064801895922e-01
7.115590599451178389e-02 3.820961561382232308e-01
7.085942305286800635e-02 3.840875631652067579e-01
7.026645716958039578e-02 3.880891952998221095e-01
6.848755951971760569e-02 4.002441182705143152e-01
6.848755951971760569e-02 4.002441182705143152e-01
6.759811069478620371e-02 4.064055859092239320e-01
7.352776952766218455e-02 3.663915630135512469e-01
7.056294011122418719e-02 3.860852451760948822e-01
6.730162775314239842e-02 4.084717983909711414e-01
6.522624716163581693e-02 4.231078096129455846e-01
6.433679833670441495e-02 4.294722720994228471e-01
6.581921304492339975e-02 4.188953796157086629e-01
6.730162775314239842e-02 4.084717983909711414e-01
6.700514481149860702e-02 4.105441911274851918e-01
6.670866186985480173e-02 4.126227550094826446e-01
7.145238893615558917e-02 3.801110307813641009e-01
7.234183776108699115e-02 3.741934088273713988e-01
6.759811069478620371e-02 4.064055859092239320e-01
6.581921304492339975e-02 4.188953796157086629e-01
6.552273010327960834e-02 4.209985332258585622e-01
6.611569598656720503e-02 4.167983588330201883e-01
6.552273010327960834e-02 4.209985332258585622e-01
