1.171107619493006735e-01 1.493965365637330567e-01
1.150353813577940781e-01 1.567915539631364319e-01
1.076233078166990847e-01 1.854501999154545000e-01
9.783937074245370458e-02 2.289103510540752284e-01
9.546750720930331779e-02 2.404482904223856909e-01
9.368860955944052771e-02 2.493637939966689143e-01
9.013081425971493366e-02 2.678745115430254953e-01
8.182929189368856604e-02 3.146276022038722586e-01
8.064336012711337265e-02 3.217158712527454223e-01
8.360818954355135613e-02 3.041872633676573900e-01
8.746246778492075546e-02 2.823565692497751467e-01
9.250267779286532044e-02 2.554330344410288833e-01
1.028795807503982973e-01 2.057011360082986462e-01
1.123670348829998722e-01 1.666989359378410751e-01
1.156283472410816471e-01 1.546512028304069530e-01
1.263017331402584431e-01 1.197815966419093492e-01
1.304524943232716339e-01 1.079992455479340946e-01
1.354927043312162127e-01 9.493561264478336814e-02
1.437942266972425664e-01 7.618274388474718939e-02
1.440907096388863717e-01 7.557279793156508607e-02
1.464625731720367863e-01 7.083405627545150129e-02
1.535781637714879466e-01 5.804760344190897786e-02
1.606937543709391070e-01 4.722394966320664356e-02
1.651409984955961030e-01 4.135452375275265602e-02
1.746284526281977056e-01 3.085499081993221468e-02
1.814475602860050885e-01 2.479108113511654596e-02
1.888596338271000541e-01 1.938789487292665384e-02
1.944928097183322158e-01 1.599342380925915241e-02
1.968646732514826303e-01 1.472677023220517363e-02
1.995330197262767946e-01 1.340723163464072921e-02
2.022013662010710144e-01 1.219232214887568111e-02
2.039802638509338184e-01 1.143706038642478516e-02
2.060556444424403999e-01 1.060814390952599488e-02
2.078345420923031761e-01 9.940226833128673611e-03
2.090204738588783973e-01 9.515819096824059201e-03
2.084275079755908144e-01 9.725980439297739200e-03
2.036837809092899854e-01 1.156000798932923720e-02
1.968646732514826303e-01 1.472677023220517363e-02
1.924174291268256343e-01 1.717849415869470570e-02
1.838194238191554752e-01 2.293645864938768930e-02
1.752214185114852885e-01 3.028185215551276038e-02
1.669198961454589070e-01 3.918449905562213648e-02
1.574324420128573321e-01 5.195585688905465099e-02
1.523922320049127810e-01 6.003610770577670619e-02
1.437942266972425664e-01 7.618274388474718939e-02
1.408293972808045968e-01 8.250335010306748817e-02
1.340102896229972140e-01 9.864063092679130340e-02
1.298595284399840233e-01 1.096245444906154970e-01
1.265982160819022484e-01 1.189082503548047343e-01
1.191861425408072689e-01 1.422681104499844695e-01
1.123670348829998722e-01 1.666989359378410751e-01
1.085127566416304729e-01 1.818215535488938439e-01
1.052514442835486980e-01 1.953852772556970430e-01
1.028795807503982973e-01 2.057011360082986462e-01
9.932178545067270325e-02 2.219004069689727299e-01
1.002112342756041052e-01 2.177682400319038702e-01
9.961826839231652242e-02 2.205168850087819155e-01
1.013971660421793125e-01 2.123442977666193665e-01
1.011006831005355072e-01 2.136911374789931539e-01
9.754288780080992705e-02 2.303308641687883684e-01
9.606047309259091449e-02 2.375264813794352448e-01
1.037690295753296993e-01 2.017877183511448125e-01
1.037690295753296993e-01 2.017877183511448125e-01
1.034725466336858940e-01 2.030861741795710329e-01
1.073268248750552795e-01 1.866714534741903408e-01
1.144424154745064676e-01 1.589540643170408718e-01
1.153318642994378695e-01 1.557186154380684195e-01
1.209650401906700451e-01 1.363664197559419922e-01
1.268946990235460259e-01 1.180398538126406216e-01
1.304524943232716339e-01 1.079992455479340946e-01
1.381610508060103770e-01 8.854549230586079844e-02
1.458696072887491757e-01 7.199551143277801990e-02
1.568394761295697493e-01 5.285704321265086852e-02
1.701812085035407096e-01 3.545449648875535070e-02
1.799651455777860898e-01 2.601435669290800418e-02
1.930103950101132448e-01 1.683236081818493754e-02
1.980506050180578237e-01 1.412693213643656347e-02
2.102064056254535906e-01 9.107490075827694154e-03
2.191008938747675827e-01 6.507554463439744509e-03
2.274024162407939642e-01 4.700417305473164262e-03
2.413371144980524796e-01 2.653666231369349298e-03
2.523069833388730809e-01 1.653303655822778310e-03
2.609049886465432677e-01 1.124546508246996061e-03
2.695029939542133990e-01 7.550073038469956631e-04
2.795834139701026122e-01 4.653328538960953753e-04
2.864025216279099673e-01 3.319051495867702314e-04
2.908497657525669911e-01 2.650292704034089330e-04
2.952970098772239593e-01 2.108464480864164078e-04
2.917392145774983514e-01 2.532546370026499669e-04
2.896638339859917144e-01 2.815198963567333980e-04
2.935181122273611276e-01 2.311485461243296545e-04
3.009301857684561488e-01 1.569712245977921859e-04
3.056739128347569223e-01 1.218610520626112117e-04
3.050809469514693117e-01 1.258091301365959721e-04
3.080457763679072536e-01 1.071965016934879904e-04
3.142719181424271091e-01 7.616328532912677645e-05
3.231664063917411012e-01 4.612483505130380814e-05
3.178297134421526615e-01 6.243678904106844142e-05
3.169402646172212457e-01 6.563247251436618731e-05
3.190156452087278827e-01 5.840233484679674148e-05
3.258347528665352377e-01 3.955963665802421798e-05
3.397694511237937531e-01 1.732933214614658474e-05
3.489604223147515505e-01 9.834369018446638224e-06
3.581513935057092923e-01 5.481315842610854765e-06
3.694177452881737267e-01 2.610730733116100944e-06
3.794981653040628844e-01 1.312417671668580010e-06
3.901715512032397082e-01 6.176320733818963531e-07
3.975836247443346183e-01 3.601927024271489271e-07
4.130007377098122157e-01 1.124108271591489883e-07
4.215987430174823469e-01 5.721813583778252352e-08
4.296037824418649231e-01 2.999378202432309414e-08
4.411666171659731073e-01 1.145033838908758881e-08
4.553977983648754835e-01 3.328166369563494575e-09
4.722973260385719962e-01 7.115176296159126712e-10
4.933476148952817830e-01 9.224012560992524097e-11
5.099506596273345460e-01 1.664415110410412663e-11
5.241818408262368667e-01 3.557349446072150702e-12
5.366341243752764667e-01 8.682242952671866339e-13
5.425637832081523504e-01 4.345451258832326652e-13
5.562019985237671715e-01 8.391703578970726567e-14
5.642070379481497477e-01 3.085197747655299311e-14
5.719155944308885742e-01 1.147147754445499221e-14
5.831819462133528420e-01 2.577051601563028531e-15
5.953377468207486922e-01 4.817428565217097213e-16
6.116443086111575944e-01 4.531804812811769781e-17
6.249860409851286658e-01 5.905661237932263311e-18
6.374383245341681548e-01 8.054290203933628417e-19
6.475187445500573125e-01 1.500013935806343029e-19
6.578956475075903310e-01 2.485842164028788626e-20
6.659006869319729072e-01 5.914848065646988474e-21
6.727197945897801512e-01 1.680430869398061118e-21
6.804283510725189776e-01 3.888923817539157451e-22
6.860615269637512226e-01 1.296997516439591172e-22
6.893228393218329142e-01 6.790286619750861477e-23
6.946595322714214094e-01 2.311601143444803704e-23
6.973278787462156014e-01 1.336834016866605525e-23
7.008856740459411538e-01 6.380791268321196649e-24
7.035540205207353459e-01 3.637864389962578926e-24
7.071118158204608983e-01 1.703015943668757401e-24
7.100766452368989512e-01 8.968849122250427591e-25
7.100766452368989512e-01 8.968849122250427591e-25
7.088907134703237300e-01 1.160240710319691942e-24
7.074082987621047591e-01 1.597816745645802437e-24
7.056294011122419274e-01 2.339704611554014615e-24
7.023680887541600137e-01 4.673452054614793779e-24
7.029610546374478464e-01 4.123911403840337023e-24
7.035540205207353459e-01 3.637864389962578926e-24
6.985138105127908226e-01 1.046004035758024706e-23
6.991067763960784331e-01 9.248381231186057109e-24
6.964384299212841301e-01 1.605629261797071068e-23
6.958454640379966305e-01 1.813549151749428093e-23
6.943630493297775486e-01 2.455721038806398918e-23
6.946595322714214094e-01 2.311601143444803704e-23
6.931771175632024384e-01 3.125548866350165291e-23
6.887298734385454146e-01 7.642989751820158561e-23
6.872474587303264437e-01 1.026042175574609985e-22
6.839861463722445301e-01 1.949321904244447627e-22
6.804283510725189776e-01 3.888923817539157451e-22
6.756846240062183151e-01 9.621412299810250585e-22
6.715338628232050411e-01 2.096575630773608939e-21
6.691619992900547098e-01 3.253608249004800897e-21
6.653077210486852966e-01 6.588547992249398194e-21
6.629358575155347433e-01 1.011836158109795407e-20
6.575991645659464702e-01 2.619411257217529583e-20
6.522624716163581970e-01 6.652995000626067480e-20
6.466292957251258411e-01 1.744229226740614889e-19
6.412926027755375680e-01 4.267184732049083221e-19
6.335840462927988526e-01 1.506746347925489014e-18
6.246895580434848050e-01 6.185825356531902994e-18
6.163880356774583680e-01 2.220308476272199012e-17
6.110513427278700949e-01 4.950381687722782953e-17
6.080865133114320420e-01 7.678501783531016805e-17
6.039357521284188790e-01 1.408806897583552968e-16
5.983025762371866341e-01 3.165864513688419259e-16
5.905940197544479187e-01 9.346865103550779743e-16
5.831819462133528420e-01 2.577051601563028531e-15
5.745839409056827662e-01 8.095879387362314421e-15
5.683577991311629107e-01 1.816826947647412523e-14
5.621316573566431662e-01 4.009313464022134796e-14
5.582773791152737530e-01 6.490827212934475785e-14
5.532371691073292297e-01 1.207461495461398358e-13
5.461215785078780138e-01 2.849903943595242765e-13
5.452321296829466535e-01 3.168354824043153559e-13
5.360411584919888561e-01 9.297577041034866640e-13
5.253677725928120879e-01 3.117918137766211038e-12
5.158803184602104297e-01 8.826927204532087267e-12
5.081717619774717143e-01 2.008478991969631021e-11
4.983878249032263064e-01 5.538320049551088719e-11
4.868249901791182332e-01 1.763261249536959342e-10
4.749656725133662438e-01 5.533752489751038251e-10
4.660711842640523073e-01 1.268489977836610794e-09
4.503575883569308491e-01 5.188918319702416262e-09
4.399806853993978861e-01 1.266001908241696749e-08
4.242670894922765945e-01 4.622109163363449068e-08
4.118148059432370500e-01 1.232026505227974394e-07
3.931363806196776500e-01 4.985815612177135200e-07
3.741614723544745003e-01 1.894310526415930740e-06
3.557795299725589611e-01 6.384934963993831741e-06
3.270206846331104589e-01 3.693305954404176917e-05
3.071563275429758932e-01 1.124909782894707694e-04
2.855130728029785514e-01 3.470295459807370216e-04
2.597190568799680466e-01 1.186854422876631922e-03
2.437089780312028942e-01 2.399782458697230416e-03
2.268094503575063259e-01 4.812721866605362830e-03
2.022013662010710144e-01 1.219232214887568111e-02
1.838194238191554752e-01 2.293645864938768930e-02
1.627691349624457162e-01 4.440383373123823335e-02
1.429047778723111783e-01 7.803646573595542091e-02
1.209650401906700451e-01 1.363664197559419922e-01
9.517102426765951251e-02 2.419185580794080970e-01
8.242225777697616274e-02 3.111218802869832323e-01
6.641217892821101032e-02 4.147074807397599372e-01
4.980913419615826121e-02 5.409135574273699065e-01
3.794981653040628566e-02 6.414076534179217193e-01
2.401511827314772862e-02 7.682558718230400041e-01
1.660304473205275258e-02 8.385893692449536418e-01
1.008042001588917158e-02 9.015777484609692749e-01
2.371863533150392854e-03 9.767866116195857984e-01
-4.150761183013188145e-03 9.593882714367604203e-01
-5.336692949588385006e-03 9.477995014573001864e-01
-8.598005307670174638e-03 9.159939626331864426e-01
-1.185931766575196514e-02 8.843210255678012333e-01
-1.423118119890235886e-02 8.613976889420622562e-01
-1.215580060739576349e-02 8.814499563060378406e-01
-1.215580060739576349e-02 8.814499563060378406e-01
-1.452766414054615894e-02 8.585399777232740615e-01
-1.008042001588917158e-02 9.015777484609692749e-01
-1.482414708218995642e-03 9.854903971587298805e-01
4.743727066300785708e-03 9.535926721610885615e-01
1.541711296547755572e-02 8.499779917054914868e-01
2.460808415643532879e-02 7.627018295362357758e-01
3.528147005561209359e-02 6.650411922526084929e-01
4.328650947999467674e-02 5.952228501484999601e-01
5.633175891232183874e-02 4.891756009938119654e-01
7.352776952766218455e-02 3.663915630135512469e-01
8.331170660190755084e-02 3.059113150685330851e-01
8.983433131807114225e-02 2.694581987406205470e-01
9.398509250108433299e-02 2.478622057402376788e-01
9.843233662574131515e-02 2.260878733589901379e-01
1.040655125169735046e-01 2.004952656344090867e-01
1.052514442835486980e-01 1.953852772556970430e-01
1.099951713498494715e-01 1.758901426415079849e-01
1.153318642994378695e-01 1.557186154380684195e-01
1.239298696071080425e-01 1.269484857253959653e-01
1.277841478484774140e-01 1.154642006152676176e-01
1.319349090314906048e-01 1.040185939091089334e-01
1.390504996309417929e-01 8.649339833351722684e-02
1.443871925805301770e-01 7.496680395050853152e-02
1.494274025884747559e-01 6.525290607256838127e-02
1.517992661216251427e-01 6.105113551165468333e-02
1.580254078961449427e-01 5.106743286649655794e-02
1.595078226043639413e-01 4.890134752980502403e-02
1.663269302621713241e-01 3.989695018882857824e-02
1.651409984955961030e-01 4.135452375275265602e-02
1.636585837873771321e-01 4.323902780954039238e-02
1.595078226043639413e-01 4.890134752980502403e-02
1.568394761295697493e-01 5.285704321265086852e-02
1.553570614213507506e-01 5.516670975686254613e-02
1.485379537635433400e-01 6.688821847884635075e-02
1.520957490632689757e-01 6.054187625515336513e-02
1.526887149465565585e-01 5.953381299106409036e-02
1.420153290473797902e-01 7.992637520990411582e-02
1.411258802224483744e-01 8.185293732960102764e-02
1.393469825725855704e-01 8.581787909262807157e-02
1.325278749147782154e-01 1.024590207738609038e-01
1.277841478484774140e-01 1.154642006152676176e-01
1.174072448909444649e-01 1.483619832413657080e-01
1.094022054665618748e-01 1.782453295306301311e-01
1.070303419334115019e-01 1.878985788604782270e-01
9.517102426765951251e-02 2.419185580794080970e-01
9.220619485122152903e-02 2.569660949863233901e-01
8.449763836848275811e-02 2.990535084792834697e-01
7.975391130218197067e-02 3.270992764848893453e-01
7.619611600245639049e-02 3.492080766592342567e-01
7.204535481944318587e-02 3.761596509004678790e-01
6.908052540300518851e-02 3.961675330162681696e-01
6.611569598656720503e-02 4.167983588330201883e-01
6.315086657012922156e-02 4.380432981770336909e-01
6.285438362848541627e-02 4.402011722932126503e-01
6.107548597862261924e-02 4.532744925576422945e-01
5.662824185396563709e-02 4.868882533534031332e-01
4.951265125451445592e-02 5.433279985817213165e-01
4.476892418821366154e-02 5.826655575414094734e-01
4.773375360465165890e-02 5.579252225941291332e-01
4.743727066300786055e-02 5.603763285236014191e-01
4.862320242958305394e-02 5.506030392940450824e-01
4.299002653835087145e-02 5.977489081697676676e-01
4.417595830492607872e-02 5.876737803767448920e-01
4.832671948793926253e-02 5.530385568064644097e-01
4.625133889643266022e-02 5.702320701024229388e-01
4.239706065506327476e-02 6.028154322422107914e-01
3.972871418026908269e-02 6.258476416905683903e-01
4.625133889643266022e-02 5.702320701024229388e-01
4.595485595478886881e-02 5.727087255311262837e-01
4.654782183807646551e-02 5.677604806237507296e-01
4.684430477972026385e-02 5.652939792471884939e-01
4.476892418821366154e-02 5.826655575414094734e-01
4.654782183807646551e-02 5.677604806237507296e-01
4.358299242163847509e-02 5.927016269434939311e-01
4.091464594684428302e-02 6.155646465962631986e-01
3.646740182218729392e-02 6.544949118504775898e-01
3.913574829698147906e-02 6.310164521734746845e-01
4.536189007150127211e-02 5.776771447487902833e-01
4.002519712191288104e-02 6.232700258990213626e-01
3.676388476383109227e-02 6.518688709480365828e-01
2.609049886465432400e-02 7.488701052228343702e-01
1.452766414054615894e-02 8.585399777232740615e-01
7.412073541094977777e-03 9.275468905428219113e-01
-1.215580060739576349e-02 8.814499563060378406e-01
-1.512063002383375564e-02 8.528300929131141794e-01
-1.956787414849073953e-02 8.102687891826182431e-01
-3.024126004766751127e-02 7.105772022253978859e-01
-3.468850417232450384e-02 6.703392096267499767e-01
-4.210057771341947641e-02 6.053558496593003380e-01
-4.684430477972026385e-02 5.652939792471884939e-01
-5.158803184602105130e-02 5.265393238943145704e-01
-5.662824185396563709e-02 4.868882533534031332e-01
-5.959307127040363444e-02 4.643326384597320500e-01
-6.344734951177301296e-02 4.358914596311522782e-01
-6.018603715369122420e-02 4.598916382854670859e-01
-5.603527597067804039e-02 4.914686659678587644e-01
-5.603527597067804039e-02 4.914686659678587644e-01
-5.484934420410284006e-02 5.006977743033890205e-01
-5.218099772930864799e-02 5.217912047571033884e-01
-5.307044655424004997e-02 5.147101333126655742e-01
-5.603527597067804039e-02 4.914686659678587644e-01
-5.870362244547223246e-02 4.710382183974096693e-01
-6.315086657012922156e-02 4.380432981770336909e-01
-6.404031539506060966e-02 4.316059353132889465e-01
-6.433679833670441495e-02 4.294722720994228471e-01
-6.581921304492339975e-02 4.188953796157086629e-01
-6.552273010327960834e-02 4.209985332258585622e-01
-6.759811069478620371e-02 4.064055859092239320e-01
-7.115590599451178389e-02 3.820961561382232308e-01
-7.589963306081257133e-02 3.510919355466789460e-01
-7.441721835259358653e-02 3.606066084965107166e-01
-8.212577483533235745e-02 3.128715399845397038e-01
-8.598005307670174291e-02 2.906251790737882090e-01
-8.953784837642732308e-02 2.710482346465626913e-01
-9.190971190957773762e-02 2.585054666374553278e-01
-9.250267779286532044e-02 2.554330344410288833e-01
-9.813585368409750986e-02 2.274960234345000387e-01
-1.022866148671107006e-01 2.083402316650732056e-01
-1.070303419334115019e-01 1.878985788604782270e-01
-1.088092395832742781e-01 1.806236701500917030e-01
-1.138494495912188709e-01 1.611388442240062058e-01
-1.194826254824510464e-01 1.412712360678542722e-01
-1.194826254824510464e-01 1.412712360678542722e-01
-1.177037278325882425e-01 1.473328564207764813e-01
-1.168142790076568543e-01 1.504365308050688299e-01
-1.165177960660130768e-01 1.514819803124435593e-01
-1.153318642994378695e-01 1.557186154380684195e-01
-1.156283472410816471e-01 1.546512028304069530e-01
-1.043619954586172960e-01 1.992088056805922103e-01
-9.991475133396031383e-02 2.191394989321321374e-01
-9.190971190957773762e-02 2.585054666374553278e-01
-8.657301895998935348e-02 2.872985839667833163e-01
-7.767853071067537529e-02 3.398843585695746627e-01
-6.374383245341681825e-02 4.337456682186658918e-01
-5.840713950382842717e-02 4.732851096142309810e-01
-5.307044655424004997e-02 5.147101333126655742e-01
-4.595485595478886881e-02 5.727087255311262837e-01
-4.239706065506327476e-02 6.028154322422107914e-01
-3.794981653040628566e-02 6.414076534179217193e-01
-3.290960652246169987e-02 6.863300293422641696e-01
-3.231664063917410318e-02 6.916917832445974579e-01
-2.016084003177834316e-02 8.046328177724200170e-01
-1.423118119890235886e-02 8.613976889420622562e-01
-2.964829416437991284e-03 9.709855443841508560e-01
5.040210007944585791e-03 9.506957643301321426e-01
1.393469825725855878e-02 8.642571976626228780e-01
2.105028885670973821e-02 7.961977612492739942e-01
2.342215238986013193e-02 7.738217178513379091e-01
2.609049886465432400e-02 7.488701052228343702e-01
2.193973768164113672e-02 7.877862138133687742e-01
1.838194238191554614e-02 8.215697200589215932e-01
1.956787414849073953e-02 8.102687891826182431e-01
2.401511827314772862e-02 7.682558718230400041e-01
1.808545944027174779e-02 8.244007875952082953e-01
1.541711296547755572e-02 8.499779917054914868e-01
1.512063002383375564e-02 8.528300929131141794e-01
1.571359590712135407e-02 8.471278327644229389e-01
9.487454132601571416e-03 9.073406465970995649e-01
4.447244124656986493e-03 9.564901871408936218e-01
-2.371863533150392854e-03 9.767866116195857984e-01
-5.929658832875982569e-03 9.420090616967976560e-01
-1.423118119890235886e-02 8.613976889420622562e-01
-1.689952767369655093e-02 8.357473386901990153e-01
-1.838194238191554614e-02 8.215697200589215932e-01
-2.075380591506593986e-02 7.990068805269330277e-01
-2.520105003972292548e-02 7.571598568220951897e-01
-2.875884533944851953e-02 7.241761344400822198e-01
-3.468850417232450384e-02 6.703392096267499767e-01
-3.794981653040628566e-02 6.414076534179217193e-01
-3.972871418026908269e-02 6.258476416905683903e-01
-4.654782183807646551e-02 5.677604806237507296e-01
-4.891968537122685229e-02 5.481727599670809248e-01
-5.514582714574663841e-02 4.983820029128035456e-01
-5.633175891232183874e-02 4.891756009938119654e-01
-5.900010538711602387e-02 4.687971665604988569e-01
-6.492976421999201164e-02 4.252231985377508128e-01
-7.382425246930598983e-02 3.644569096425660515e-01
-7.856797953560677727e-02 3.343666959025654029e-01
-8.034687718546955348e-02 3.235039408163397079e-01
-8.864839955149593498e-02 2.758564741645784801e-01
-9.072378014300254423e-02 2.647261663980006730e-01
-9.190971190957773762e-02 2.585054666374553278e-01
-8.983433131807114225e-02 2.694581987406205470e-01
-8.775895072656454687e-02 2.807219880476723439e-01
-8.716598484327695018e-02 2.839975271296167336e-01
-8.182929189368856604e-02 3.146276022038722586e-01
-8.212577483533235745e-02 3.128715399845397038e-01
-7.767853071067537529e-02 3.398843585695746627e-01
-7.412073541094978124e-02 3.625285898516916738e-01
-8.005039424382576208e-02 3.252984096087256916e-01
-7.827149659396295811e-02 3.361995299905439216e-01
-7.649259894410016802e-02 3.473305851482736406e-01
-7.856797953560677727e-02 3.343666959025654029e-01
-8.182929189368856604e-02 3.146276022038722586e-01
-7.412073541094978124e-02 3.625285898516916738e-01
-6.700514481149860702e-02 4.105441911274851918e-01
-5.425637832081523643e-02 5.053462048518314598e-01
-5.514582714574663841e-02 4.983820029128035456e-01
-5.692472479560943543e-02 4.846066389624522630e-01
-5.514582714574663841e-02 4.983820029128035456e-01
-5.870362244547223246e-02 4.710382183974096693e-01
-5.603527597067804039e-02 4.914686659678587644e-01
-6.789459363643000900e-02 4.043455626037896211e-01
-6.611569598656720503e-02 4.167983588330201883e-01
-6.463328127834820636e-02 4.273446895722357031e-01
-6.433679833670441495e-02 4.294722720994228471e-01
-6.107548597862261924e-02 4.532744925576422945e-01
-5.988955421204742585e-02 4.621091904392963245e-01
-5.395989537917145196e-02 5.076788297393297622e-01
-4.387947536328227344e-02 5.901852624462056163e-01
-3.617091888054349558e-02 6.571251923062654265e-01
-3.172367475588650648e-02 6.970688840883159099e-01
-1.897490826520314283e-02 8.159145165192873694e-01
-1.037690295753296993e-02 8.986982048648328725e-01
-2.371863533150392854e-03 9.767866116195857984e-01
7.115590599451179429e-03 9.304375823302792892e-01
1.571359590712135407e-02 8.471278327644229389e-01
2.638698180629811887e-02 7.461131743107052294e-01
3.646740182218729392e-02 6.544949118504775898e-01
4.387947536328227344e-02 5.901852624462056163e-01
5.010561713780205262e-02 5.385044362657284145e-01
5.573879302903423510e-02 4.937674321715974646e-01
5.603527597067804039e-02 4.914686659678587644e-01
5.988955421204742585e-02 4.621091904392963245e-01
7.026645716958039578e-02 3.880891952998221095e-01
8.005039424382576208e-02 3.252984096087256916e-01
9.042729720135872507e-02 2.662971688725088715e-01
9.250267779286532044e-02 2.554330344410288833e-01
9.279916073450913960e-02 2.539062796430360813e-01
9.457805838437192969e-02 2.448778534628600623e-01
9.457805838437192969e-02 2.448778534628600623e-01
9.754288780080992705e-02 2.303308641687883684e-01
1.076233078166990847e-01 1.854501999154545000e-01
1.135529666495750795e-01 1.622396193963453470e-01
1.245228354903956391e-01 1.251265199663869621e-01
1.316384260898467995e-01 1.048053514544350084e-01
1.354927043312162127e-01 9.493561264478336814e-02
1.337138066813534087e-01 9.939517144462328702e-02
1.429047778723111783e-01 7.803646573595542091e-02
1.470555390553243691e-01 6.968785893254618447e-02
1.497238855301185612e-01 6.471511146186322005e-02
1.544676125964193347e-01 5.659205303022572103e-02
1.562465102462821664e-01 5.377112358093449895e-02
1.609902373125829400e-01 4.681216947830028202e-02
1.636585837873771321e-01 4.323902780954039238e-02
1.681058279120341004e-01 3.779165428275786665e-02
1.740354867449100951e-01 3.143732336671218458e-02
1.784827308695670911e-01 2.728893085929591164e-02
1.844123897024430581e-01 2.249189591798418306e-02
1.912314973602504409e-01 1.788934432626771223e-02
1.992365367846330448e-01 1.354854962857872727e-02
1.992365367846330448e-01 1.354854962857872727e-02
1.992365367846330448e-01 1.354854962857872727e-02
2.001259856095644052e-01 1.312846000150022160e-02
2.024978491427148197e-01 1.206348531721915598e-02
2.072415762090155933e-01 1.015862463901243823e-02
2.057591615007965946e-01 1.072322425920695446e-02
2.075380591506593986e-01 1.004890263100250217e-02
2.016084003177834039e-01 1.245362161149022977e-02
2.036837809092899854e-01 1.156000798932923720e-02
2.060556444424403999e-01 1.060814390952599488e-02
2.099099226838098131e-01 9.208093336817884875e-03
2.137642009251791708e-01 7.973886180281136715e-03
2.182114450498361669e-01 6.733881527103607878e-03
2.226586891744931351e-01 5.668501390252098267e-03
2.235481379994245510e-01 5.474452268940337325e-03
2.235481379994245510e-01 5.474452268940337325e-03
2.193973768164113602e-01 6.433631713274125946e-03
2.146536497501105589e-01 7.710809574970618752e-03
2.140606838668230039e-01 7.885323049132779080e-03
2.146536497501105589e-01 7.710809574970618752e-03
2.134677179835353655e-01 8.063330029255416295e-03
2.072415762090155933e-01 1.015862463901243823e-02
1.983470879597016290e-01 1.398035011375980095e-02
1.897490826520314422e-01 1.881367452801079726e-02
1.823370091109364766e-01 2.408105534906180081e-02
1.686987937953217109e-01 3.711101710463566433e-02
1.520957490632689757e-01 6.054187625515336513e-02
1.366786360977914061e-01 9.205179918960328111e-02
1.271911819651898035e-01 1.171763908315901354e-01
1.153318642994378695e-01 1.557186154380684195e-01
1.025830978087544920e-01 2.070176621451680632e-01
8.894488249313974026e-02 2.742473685551022888e-01
7.916094541889436009e-02 3.307201990489159193e-01
7.145238893615558917e-02 3.801110307813641009e-01
7.323128658601839314e-02 3.683325449275859365e-01
7.204535481944318587e-02 3.761596509004678790e-01
7.204535481944318587e-02 3.761596509004678790e-01
7.145238893615558917e-02 3.801110307813641009e-01
7.293480364437458785e-02 3.702798501657540431e-01
7.174887187779939446e-02 3.781321935963011249e-01
7.293480364437458785e-02 3.702798501657540431e-01
7.412073541094978124e-02 3.625285898516916738e-01
7.678908188574397331e-02 3.454594644319870511e-01
7.767853071067537529e-02 3.398843585695746627e-01
7.856797953560677727e-02 3.343666959025654029e-01
7.708556482738777860e-02 3.435947177508160699e-01
7.115590599451178389e-02 3.820961561382232308e-01
6.641217892821101032e-02 4.147074807397599372e-01
6.433679833670441495e-02 4.294722720994228471e-01
6.226141774519781957e-02 4.445349800368063597e-01
5.751769067889703907e-02 4.800606726505796118e-01
5.158803184602105130e-02 5.265393238943145704e-01
5.099506596273345460e-02 5.313091918063778119e-01
5.129154890437724601e-02 5.289215487719876041e-01
4.387947536328227344e-02 5.901852624462056163e-01
3.706036770547489062e-02 6.492470972426016562e-01
3.261312358081790846e-02 6.890089730484230124e-01
2.638698180629811887e-02 7.461131743107052294e-01
1.867842532355934448e-02 8.187409513033527819e-01
1.956787414849073953e-02 8.102687891826182431e-01
2.134677179835354002e-02 7.933912541585084188e-01
2.105028885670973821e-02 7.961977612492739942e-01
1.749249355698414762e-02 8.300696778096683381e-01
1.393469825725855878e-02 8.642571976626228780e-01
6.522624716163580999e-03 9.362216548281087070e-01
-2.964829416437991067e-04 9.970979274004432291e-01
2.964829416437991067e-04 9.970979274004432291e-01
2.075380591506594073e-03 9.796876201423365682e-01
2.075380591506594073e-03 9.796876201423365682e-01
-2.964829416437991284e-03 9.709855443841508560e-01
-1.778897649862794857e-03 9.825888946481970976e-01
-5.633175891232183354e-03 9.449039213268972670e-01
-2.964829416437991284e-03 9.709855443841508560e-01
-1.185931766575196427e-03 9.883920896866599248e-01
8.894488249313974287e-04 9.912939342373472407e-01
-1.778897649862794857e-03 9.825888946481970976e-01
-3.557795299725589715e-03 9.651859965367522998e-01
-3.261312358081790500e-03 9.680855615709162976e-01
-7.708556482738777860e-03 9.246571451663863073e-01
-1.334173237397096035e-02 8.699814620729005021e-01
-1.304524943232716200e-02 8.728461448268055589e-01
-1.363821531561476043e-02 8.671184675178263968e-01
-9.783937074245369764e-03 9.044585747676215925e-01
-3.557795299725589715e-03 9.651859965367522998e-01
7.115590599451179429e-03 9.304375823302792892e-01
2.401511827314772862e-02 7.682558718230400041e-01
3.794981653040628566e-02 6.414076534179217193e-01
4.743727066300786055e-02 5.603763285236014191e-01
6.374383245341681825e-02 4.337456682186658918e-01
7.738204776903157001e-02 3.417363481679077664e-01
9.250267779286532044e-02 2.554330344410288833e-01
9.161322896793393233e-02 2.600511546084796621e-01
8.627653601834554820e-02 2.889586880531052615e-01
7.619611600245639049e-02 3.492080766592342567e-01
7.085942305286800635e-02 3.840875631652067579e-01
6.404031539506060966e-02 4.316059353132889465e-01
5.870362244547223246e-02 4.710382183974096693e-01
5.455286126245904171e-02 5.030191806303059288e-01
4.803023654629545725e-02 5.554792916008994830e-01
4.803023654629545725e-02 5.554792916008994830e-01
4.832671948793926253e-02 5.530385568064644097e-01
5.010561713780205262e-02 5.385044362657284145e-01
5.218099772930864799e-02 5.217912047571033884e-01
5.662824185396563709e-02 4.868882533534031332e-01
5.722120773725323378e-02 4.823307735484855252e-01
5.514582714574663841e-02 4.983820029128035456e-01
5.573879302903423510e-02 4.937674321715974646e-01
5.307044655424004997e-02 5.147101333126655742e-01
5.366341243752763973e-02 5.100170378774893098e-01
4.358299242163847509e-02 5.927016269434939311e-01
4.121112888848808137e-02 6.130054280839929426e-01
4.002519712191288104e-02 6.232700258990213626e-01
3.943223123862528434e-02 6.284297924686068626e-01
3.142719181424270813e-02 6.997631148740800500e-01
2.549753298136672730e-02 7.543934791309931942e-01
2.164325473999733837e-02 7.905873935986582612e-01
1.393469825725855878e-02 8.642571976626228780e-01
1.096986884082056836e-02 8.929431143060262421e-01
4.447244124656986493e-03 9.564901871408936218e-01
1.185931766575196427e-03 9.883920896866599248e-01
-2.964829416437991284e-03 9.709855443841508560e-01
-7.708556482738777860e-03 9.246571451663863073e-01
-1.245228354903956530e-02 8.785804286038754185e-01
-1.185931766575196514e-02 8.843210255678012333e-01
-1.304524943232716200e-02 8.728461448268055589e-01
-1.126635178246436671e-02 8.900676414656445434e-01
-1.274876649068336365e-02 8.757124792136103952e-01
-1.185931766575196514e-02 8.843210255678012333e-01
-3.854278241369388930e-03 9.622868871938534685e-01
0.000000000000000000e+00 1.000000000000000000e+00
6.226141774519782651e-03 9.391149602969872667e-01
7.412073541094977777e-03 9.275468905428219113e-01
1.067338589917677001e-02 8.958199811174174521e-01
1.778897649862794597e-02 8.272341186337420771e-01
1.956787414849073953e-02 8.102687891826182431e-01
2.697994768958572598e-02 7.406089869392304958e-01
3.290960652246169987e-02 6.863300293422641696e-01
3.854278241369388930e-02 6.362031933163905251e-01
4.032168006355668632e-02 6.206969709910064026e-01
4.565837301314506352e-02 5.751904245813735939e-01
4.595485595478886881e-02 5.727087255311262837e-01
4.921616831287065758e-02 5.457477395487861926e-01
5.099506596273345460e-02 5.313091918063778119e-01
4.743727066300786055e-02 5.603763285236014191e-01
5.099506596273345460e-02 5.313091918063778119e-01
5.069858302108965625e-02 5.337022337307312236e-01
4.210057771341947641e-02 6.053558496593003380e-01
3.350257240574930351e-02 6.809838595647544901e-01
2.638698180629811887e-02 7.461131743107052294e-01
2.371863533150393027e-02 7.710373360539325427e-01
2.579401592301052565e-02 7.516302176940485857e-01
2.401511827314772862e-02 7.682558718230400041e-01
2.045732297342214151e-02 8.018185775483293032e-01
1.927139120684694465e-02 8.130904508085307070e-01
2.045732297342214151e-02 8.018185775483293032e-01
1.808545944027174779e-02 8.244007875952082953e-01
2.016084003177834316e-02 8.046328177724200170e-01
2.342215238986013193e-02 7.738217178513379091e-01
2.223622062328493507e-02 7.849877489446721590e-01
1.838194238191554614e-02 8.215697200589215932e-01
1.660304473205275258e-02 8.385893692449536418e-01
1.778897649862794597e-02 8.272341186337420771e-01
2.105028885670973821e-02 7.961977612492739942e-01
1.897490826520314283e-02 8.159145165192873694e-01
2.016084003177834316e-02 8.046328177724200170e-01
1.719601061534034928e-02 8.329074296730538673e-01
1.126635178246436671e-02 8.900676414656445434e-01
8.005039424382576208e-03 9.217683837331315244e-01
1.185931766575196427e-03 9.883920896866599248e-01
2.371863533150392854e-03 9.767866116195857984e-01
3.557795299725589715e-03 9.651859965367522998e-01
-1.778897649862794857e-03 9.825888946481970976e-01
-3.557795299725589715e-03 9.651859965367522998e-01
-1.126635178246436671e-02 8.900676414656445434e-01
-1.096986884082056836e-02 8.929431143060262421e-01
-5.929658832875982569e-03 9.420090616967976560e-01
-4.150761183013188145e-03 9.593882714367604203e-01
0.000000000000000000e+00 1.000000000000000000e+00
8.894488249313974287e-04 9.912939342373472407e-01
2.964829416437991067e-04 9.970979274004432291e-01
-5.633175891232183354e-03 9.449039213268972670e-01
-1.067338589917677001e-02 8.958199811174174521e-01
-1.274876649068336365e-02 8.757124792136103952e-01
-1.482414708218995555e-02 8.556841003043771376e-01
-1.601007884876515242e-02 8.442796520983791853e-01
-1.808545944027174779e-02 8.244007875952082953e-01
-2.312566944821633011e-02 7.766089837084957370e-01
-3.231664063917410318e-02 6.916917832445974579e-01
-3.617091888054349558e-02 6.571251923062654265e-01
-3.706036770547489062e-02 6.492470972426016562e-01
-4.180409477177567806e-02 6.079010046257529165e-01
-4.358299242163847509e-02 5.927016269434939311e-01
-4.891968537122685229e-02 5.481727599670809248e-01
-5.484934420410284006e-02 5.006977743033890205e-01
-5.633175891232183874e-02 4.891756009938119654e-01
-5.692472479560943543e-02 4.846066389624522630e-01
-5.900010538711602387e-02 4.687971665604988569e-01
-6.137196892026642453e-02 4.510806584565586475e-01
-5.988955421204742585e-02 4.621091904392963245e-01
-6.285438362848541627e-02 4.402011722932126503e-01
-6.137196892026642453e-02 4.510806584565586475e-01
-6.196493480355402123e-02 4.467108895906160004e-01
-6.374383245341681825e-02 4.337456682186658918e-01
-6.048252009533502255e-02 4.576799956464069341e-01
-5.781417362054082354e-02 4.777963516192144100e-01
-5.840713950382842717e-02 4.732851096142309810e-01
-5.988955421204742585e-02 4.621091904392963245e-01
-5.514582714574663841e-02 4.983820029128035456e-01
-5.425637832081523643e-02 5.053462048518314598e-01
-5.455286126245904171e-02 5.030191806303059288e-01
-4.803023654629545725e-02 5.554792916008994830e-01
-4.476892418821366154e-02 5.826655575414094734e-01
-3.528147005561209359e-02 6.650411922526084929e-01
-3.142719181424270813e-02 6.997631148740800500e-01
-2.253270356492873341e-02 7.821920330317586600e-01
-2.431160121479152697e-02 7.654773585553373838e-01
-2.579401592301052565e-02 7.516302176940485857e-01
-2.253270356492873341e-02 7.821920330317586600e-01
-1.749249355698414762e-02 8.300696778096683381e-01
-8.301522366026376290e-03 9.188806437371819236e-01
-8.894488249313974287e-04 9.912939342373472407e-01
2.371863533150392854e-03 9.767866116195857984e-01
1.334173237397096035e-02 8.699814620729005021e-01
1.897490826520314283e-02 8.159145165192873694e-01
2.846236239780471772e-02 7.269064540756902115e-01
2.727643063122952086e-02 7.378617950653341140e-01
3.320608946410550516e-02 6.836549817031285503e-01
4.417595830492607872e-02 5.876737803767448920e-01
4.773375360465165890e-02 5.579252225941291332e-01
5.247748067095245328e-02 5.194253481110322479e-01
5.988955421204742585e-02 4.621091904392963245e-01
6.433679833670441495e-02 4.294722720994228471e-01
7.234183776108699115e-02 3.741934088273713988e-01
7.293480364437458785e-02 3.702798501657540431e-01
8.182929189368856604e-02 3.146276022038722586e-01
8.746246778492075546e-02 2.823565692497751467e-01
9.576399015094712308e-02 2.389842671542324326e-01
9.783937074245370458e-02 2.289103510540752284e-01
1.019901319254669092e-01 2.096688543504385827e-01
1.073268248750552795e-01 1.866714534741903408e-01
1.108846201747808735e-01 1.724005591890398759e-01
1.215580060739576418e-01 1.344413376410750205e-01
1.251158013736832497e-01 1.233248014461288400e-01
1.233369037238204458e-01 1.287908251484515543e-01
1.197791084240948517e-01 1.402796853807732336e-01
1.233369037238204458e-01 1.287908251484515543e-01
1.313419431482030220e-01 1.055967786728839730e-01
1.354927043312162127e-01 9.493561264478336814e-02
1.497238855301185612e-01 6.471511146186322005e-02
1.479449878802557850e-01 6.799687121706082804e-02
1.586183737794325255e-01 5.019163986471971567e-02
1.660304473205275189e-01 4.025723654299024484e-02
1.675128620287465453e-01 3.848277445482773534e-02
1.752214185114852885e-01 3.028185215551276038e-02
1.781862479279232858e-01 2.755014812891397324e-02
1.844123897024430581e-01 2.249189591798418306e-02
1.817440432276488660e-01 2.455243692887887352e-02
1.764073502780604819e-01 2.916270626679106498e-02
1.787792138112108686e-01 2.702983232341875722e-02
1.811510773443612554e-01 2.503171156256107574e-02
1.885631508854562488e-01 1.958264134134853757e-02
1.897490826520314422e-01 1.881367452801079726e-02
1.900455655936752197e-01 1.862556874689890937e-02
1.873772191188810554e-01 2.037863832647815107e-02
1.778897649862794805e-01 2.781349766129305456e-02
1.713671402701158752e-01 3.417465531066563034e-02
1.752214185114852885e-01 3.028185215551276038e-02
1.772967991029918700e-01 2.834664787992183591e-02
1.861912873523058620e-01 2.120242354711423041e-02
1.912314973602504409e-01 1.788934432626771223e-02
1.968646732514826303e-01 1.472677023220517363e-02
1.989400538429892396e-01 1.369116879402998942e-02
2.019048832594272092e-01 1.232236446879479697e-02
2.033872979676461801e-01 1.168411518111653509e-02
2.099099226838098131e-01 9.208093336817884875e-03
2.125782691586039774e-01 8.337020119874614249e-03
2.211762744662741642e-01 6.005596054279806542e-03
2.223622062328493576e-01 5.734536194629843639e-03
2.265129674158625483e-01 4.869770567503778173e-03
2.282918650657253523e-01 4.536361507822605187e-03
2.327391091903823206e-01 3.790621074895889064e-03
2.389652509649020928e-01 2.931614372032484601e-03
2.422265633229839232e-01 2.555741895238401902e-03
2.484527050975036955e-01 1.956923205570067648e-03
2.531964321638044968e-01 1.589634193156901206e-03
2.540858809887358571e-01 1.528207079494173139e-03
2.558647786385986334e-01 1.411799870022155271e-03
2.567542274635301047e-01 1.356684450246814803e-03
2.543823639303796069e-01 1.508217438064395370e-03
2.588296080550366307e-01 1.235640336495272924e-03
2.623874033547622386e-01 1.050875269516290955e-03
2.665381645377754571e-01 8.674806319200796404e-04
2.680205792459944281e-01 8.094511872830439849e-04
2.695029939542133990e-01 7.550073038469956631e-04
2.730607892539390069e-01 6.377905478482659429e-04
2.757291357287331990e-01 5.611422714411209252e-04
2.751361698454455884e-01 5.774016583492597209e-04
2.757291357287331990e-01 5.611422714411209252e-04
2.757291357287331990e-01 5.611422714411209252e-04
2.733572721955828122e-01 6.288214277604573747e-04
2.715783745457200360e-01 6.844293287562320518e-04
2.745432039621579778e-01 5.940943325270652171e-04
2.709854086624324254e-01 7.039482641121098169e-04
2.656487157128440413e-01 9.041066954716148749e-04
2.603120227632556016e-01 1.155316190216649922e-03
2.552718127553110783e-01 1.449670815227935197e-03
2.499351198057226664e-01 1.834608436775874091e-03
2.475632562725723074e-01 2.033823740652749342e-03
2.389652509649020928e-01 2.931614372032484601e-03
2.327391091903823206e-01 3.790621074895889064e-03
2.288848309490129351e-01 4.429862876378911837e-03
2.199903426996989431e-01 6.288026355507562136e-03
2.116888203336726171e-01 8.618905911523765812e-03
2.030908150260024025e-01 1.180939103886916204e-02
1.930103950101132448e-01 1.683236081818493754e-02
1.870807361772372501e-01 2.058194957460514340e-02
1.817440432276488660e-01 2.455243692887887352e-02
1.796686626361422845e-01 2.626511458016447115e-02
1.767038332197043149e-01 2.888849074317525675e-02
1.675128620287465453e-01 3.848277445482773534e-02
1.651409984955961030e-01 4.135452375275265602e-02
1.601007884876515242e-01 4.805656089918988738e-02
1.538746467131317519e-01 5.755903576041646041e-02
1.541711296547755572e-01 5.707385787026122287e-02
1.473520219969681744e-01 6.912043905713827208e-02
1.467590561136805638e-01 7.025905895644209143e-02
1.411258802224483744e-01 8.185293732960102764e-02
1.360856702145037955e-01 9.348487417408203604e-02
1.319349090314906048e-01 1.040185939091089334e-01
1.263017331402584431e-01 1.197815966419093492e-01
1.227439378405328491e-01 1.306536638712747778e-01
1.239298696071080425e-01 1.269484857253959653e-01
1.242263525487518477e-01 1.260349640212920785e-01
1.168142790076568543e-01 1.504365308050688299e-01
1.091057225249180834e-01 1.794315995123113017e-01
1.082162736999866814e-01 1.830252617176621188e-01
1.108846201747808735e-01 1.724005591890398759e-01
1.105881372331370821e-01 1.735580107587945953e-01
1.079197907583429039e-01 1.842348065684406011e-01
1.111811031164246788e-01 1.712488336819336932e-01
1.111811031164246788e-01 1.712488336819336932e-01
1.096986884082056801e-01 1.770648480050676654e-01
1.055479272251924755e-01 1.941226826678389139e-01
1.076233078166990847e-01 1.854501999154545000e-01
1.073268248750552795e-01 1.866714534741903408e-01
1.034725466336858940e-01 2.030861741795710329e-01
1.022866148671107006e-01 2.083402316650732056e-01
1.025830978087544920e-01 2.070176621451680632e-01
9.754288780080992705e-02 2.303308641687883684e-01
9.487454132601572110e-02 2.433950768851260715e-01
1.025830978087544920e-01 2.070176621451680632e-01
1.070303419334115019e-01 1.878985788604782270e-01
1.064373760501238775e-01 1.903704910752466173e-01
9.843233662574131515e-02 2.260878733589901379e-01
9.694992191752231647e-02 2.331904780420603340e-01
9.754288780080992705e-02 2.303308641687883684e-01
9.576399015094712308e-02 2.389842671542324326e-01
8.627653601834554820e-02 2.889586880531052615e-01
8.034687718546955348e-02 3.235039408163397079e-01
7.886446247725056868e-02 3.325402515855780949e-01
7.115590599451178389e-02 3.820961561382232308e-01
6.611569598656720503e-02 4.167983588330201883e-01
6.137196892026642453e-02 4.510806584565586475e-01
6.018603715369122420e-02 4.598916382854670859e-01
5.929658832875982222e-02 4.665619685091459967e-01
5.662824185396563709e-02 4.868882533534031332e-01
5.603527597067804039e-02 4.914686659678587644e-01
5.218099772930864799e-02 5.217912047571033884e-01
6.048252009533502255e-02 4.576799956464069341e-01
6.730162775314239842e-02 4.084717983909711414e-01
7.560315011916877992e-02 3.529821582142212977e-01
8.034687718546955348e-02 3.235039408163397079e-01
8.360818954355135613e-02 3.041872633676573900e-01
8.835191660985215745e-02 2.774719436947004070e-01
8.598005307670174291e-02 2.906251790737882090e-01
