-9.783937074245369764e-03 9.044585747676215925e-01
-1.363821531561476043e-02 8.671184675178263968e-01
-1.096986884082056836e-02 8.929431143060262421e-01
-8.894488249313972986e-03 9.131083778348803026e-01
-5.040210007944585791e-03 9.506957643301321426e-01
-8.894488249313974287e-04 9.912939342373472407e-01
-2.371863533150392854e-03 9.767866116195857984e-01
-2.371863533150392854e-03 9.767866116195857984e-01
-2.964829416437991284e-03 9.709855443841508560e-01
0.000000000000000000e+00 1.000000000000000000e+00
1.778897649862794857e-03 9.825888946481970976e-01
8.894488249313974287e-04 9.912939342373472407e-01
5.336692949588385006e-03 9.477995014573001864e-01
8.301522366026376290e-03 9.188806437371819236e-01
7.115590599451179429e-03 9.304375823302792892e-01
8.894488249313972986e-03 9.131083778348803026e-01
7.412073541094977777e-03 9.275468905428219113e-01
7.708556482738777860e-03 9.246571451663863073e-01
7.412073541094977777e-03 9.275468905428219113e-01
3.557795299725589715e-03 9.651859965367522998e-01
5.929658832875982135e-04 9.941958928102592186e-01
-2.964829416437991067e-04 9.970979274004432291e-01
-3.557795299725589715e-03 9.651859965367522998e-01
-6.522624716163580999e-03 9.362216548281087070e-01
-1.067338589917677001e-02 8.958199811174174521e-01
-1.630656179040895423e-02 8.414334856400400575e-01
-1.571359590712135407e-02 8.471278327644229389e-01
-1.927139120684694465e-02 8.130904508085307070e-01
-2.549753298136672730e-02 7.543934791309931942e-01
-2.994477710602371293e-02 7.132898626942123510e-01
-3.320608946410550516e-02 6.836549817031285503e-01
-3.350257240574930351e-02 6.809838595647544901e-01
-3.202015769753030483e-02 6.943784302114590634e-01
-2.994477710602371293e-02 7.132898626942123510e-01
-2.579401592301052565e-02 7.516302176940485857e-01
-2.134677179835354002e-02 7.933912541585084188e-01
-2.609049886465432400e-02 7.488701052228343702e-01
-3.439202123068069855e-02 6.729943383228373932e-01
-3.854278241369388930e-02 6.362031933163905251e-01
-3.943223123862528434e-02 6.284297924686068626e-01
-4.239706065506327476e-02 6.028154322422107914e-01
-4.921616831287065758e-02 5.457477395487861926e-01
-5.484934420410284006e-02 5.006977743033890205e-01
-6.166845186191022288e-02 4.488927865674418038e-01
-6.937700834464900768e-02 3.941385828586921880e-01
-7.056294011122418719e-02 3.860852451760948822e-01
-7.115590599451178389e-02 3.820961561382232308e-01
-6.937700834464900768e-02 3.941385828586921880e-01
-6.878404246136139710e-02 3.982027141488467814e-01
-6.967349128629278521e-02 3.921158714755809127e-01
-6.967349128629278521e-02 3.921158714755809127e-01
-6.819107657807380041e-02 4.022917372086682875e-01
-6.611569598656720503e-02 4.167983588330201883e-01
-6.522624716163581693e-02 4.231078096129455846e-01
-6.344734951177301296e-02 4.358914596311522782e-01
-5.722120773725323378e-02 4.823307735484855252e-01
-5.425637832081523643e-02 5.053462048518314598e-01
-5.069858302108965625e-02 5.337022337307312236e-01
-4.328650947999467674e-02 5.952228501484999601e-01
-4.387947536328227344e-02 5.901852624462056163e-01
-3.557795299725589194e-02 6.623983605342298464e-01
-3.350257240574930351e-02 6.809838595647544901e-01
-3.379905534739310186e-02 6.783166922166690149e-01
-3.824629947205008401e-02 6.388032218287085229e-01
-4.150761183013187972e-02 6.104508724027611910e-01
-4.239706065506327476e-02 6.028154322422107914e-01
-4.684430477972026385e-02 5.652939792471884939e-01
-4.358299242163847509e-02 5.927016269434939311e-01
-4.061816300520047773e-02 6.181285027002140220e-01
-4.091464594684428302e-02 6.155646465962631986e-01
-4.239706065506327476e-02 6.028154322422107914e-01
-4.536189007150127211e-02 5.776771447487902833e-01
-4.299002653835087145e-02 5.977489081697676676e-01
-4.180409477177567806e-02 6.079010046257529165e-01
-4.032168006355668632e-02 6.206969709910064026e-01
-4.773375360465165890e-02 5.579252225941291332e-01
-4.654782183807646551e-02 5.677604806237507296e-01
-4.773375360465165890e-02 5.579252225941291332e-01
-4.476892418821366154e-02 5.826655575414094734e-01
-4.269354359670708005e-02 6.002797769451055920e-01
-4.061816300520047773e-02 6.181285027002140220e-01
-3.706036770547489062e-02 6.492470972426016562e-01
-4.002519712191288104e-02 6.232700258990213626e-01
-3.468850417232450384e-02 6.703392096267499767e-01
-2.816587945616091937e-02 7.296402116268713156e-01
-2.431160121479152697e-02 7.654773585553373838e-01
-2.193973768164113672e-02 7.877862138133687742e-01
-2.164325473999733837e-02 7.905873935986582612e-01
-1.363821531561476043e-02 8.671184675178263968e-01
-5.336692949588385006e-03 9.477995014573001864e-01
-2.075380591506594073e-03 9.796876201423365682e-01
2.964829416437991067e-04 9.970979274004432291e-01
2.964829416437991067e-04 9.970979274004432291e-01
7.708556482738777860e-03 9.246571451663863073e-01
9.190971190957773068e-03 9.102239267136499334e-01
1.304524943232716200e-02 8.728461448268055589e-01
1.689952767369655093e-02 8.357473386901990153e-01
2.075380591506593986e-02 7.990068805269330277e-01
2.312566944821633011e-02 7.766089837084957370e-01
2.935181122273611623e-02 7.187259347034499202e-01
2.905532828109231788e-02 7.214492841993171979e-01
2.727643063122952086e-02 7.378617950653341140e-01
2.905532828109231788e-02 7.214492841993171979e-01
2.994477710602371293e-02 7.132898626942123510e-01
3.024126004766751127e-02 7.105772022253978859e-01
3.350257240574930351e-02 6.809838595647544901e-01
2.994477710602371293e-02 7.132898626942123510e-01
2.282918650657253176e-02 7.793991000097524324e-01
1.956787414849073953e-02 8.102687891826182431e-01
1.423118119890235886e-02 8.613976889420622562e-01
1.008042001588917158e-02 9.015777484609692749e-01
0.000000000000000000e+00 1.000000000000000000e+00
-1.185931766575196427e-03 9.883920896866599248e-01
8.894488249313974287e-04 9.912939342373472407e-01
0.000000000000000000e+00 1.000000000000000000e+00
-2.964829416437991067e-04 9.970979274004432291e-01
-1.482414708218995642e-03 9.854903971587298805e-01
1.482414708218995642e-03 9.854903971587298805e-01
8.301522366026376290e-03 9.188806437371819236e-01
1.215580060739576349e-02 8.814499563060378406e-01
1.956787414849073953e-02 8.102687891826182431e-01
2.668346474794192069e-02 7.433594574316628734e-01
4.032168006355668632e-02 6.206969709910064026e-01
5.099506596273345460e-02 5.313091918063778119e-01
6.700514481149860702e-02 4.105441911274851918e-01
8.301522366026375943e-02 3.076417681216608302e-01
1.040655125169735046e-01 2.004952656344090867e-01
1.277841478484774140e-01 1.154642006152676176e-01
1.523922320049127810e-01 6.003610770577670619e-02
1.770003161613480647e-01 2.861647587325020364e-02
2.039802638509338184e-01 1.143706038642478516e-02
2.285883480073691298e-01 4.482828513304689885e-03
2.546788468720234677e-01 1.488466536469540153e-03
2.810658286783215831e-01 4.326905573112381259e-04
3.059703957764006721e-01 1.199306660304455020e-04
3.249453040416038219e-01 4.164367413858472539e-05
3.563724958558465716e-01 6.146648268862220159e-06
3.809805800122819108e-01 1.183849115237570264e-06
4.079605277018676368e-01 1.655584599185369573e-07
4.287143336169335628e-01 3.225214013888382487e-08
4.518400030651498755e-01 4.556953463912388700e-09
4.755586383966537989e-01 5.231580727833414405e-10
4.939405807785693381e-01 8.690467503611740273e-11
5.176592161100732614e-01 7.280009125517353910e-12
5.348552267254136350e-01 1.065790123740327839e-12
5.547195838155482006e-01 1.007063716732300376e-13
5.763628385555454869e-01 6.406150357098123204e-15
5.994885080037618552e-01 2.673225232449446859e-16
6.181669333273211997e-01 1.693805947162592255e-17
6.418855686588251785e-01 3.866773148203334176e-19
6.632323404571787151e-01 9.592079365125144428e-21
6.816142828390941988e-01 3.092563568196886639e-22
7.008856740459411538e-01 6.380791268321196649e-24
7.183781676029252772e-01 1.425703373656655808e-25
7.329058317434714587e-01 4.841098073146780650e-27
7.450616323508671979e-01 2.398086887916064051e-28
7.581068817831944084e-01 7.841868963006570495e-30
7.684837847407273159e-01 4.404837528290717616e-31
7.785642047566165846e-01 2.317792120356626753e-32
7.827149659396296366e-01 6.588511863565695204e-33
7.883481418308618816e-01 1.142617778188666985e-33
7.936848347804502657e-01 2.067129533485594929e-34
8.005039424382576208e-01 2.158171063476586663e-35
8.040617377379832842e-01 6.410450004970014070e-36
8.082124989209965582e-01 1.506538051005380476e-36
8.105843624541467785e-01 6.481520893114939097e-37
8.135491918705847203e-01 2.220638563519585140e-37
8.171069871703104948e-01 5.986343331429724361e-38
8.185894018785293547e-01 3.437769955401236664e-38
8.209612654116799080e-01 1.400390831327167961e-38
8.233331289448301282e-01 5.628781290317167249e-39
8.239260948281178498e-01 4.472292272580804346e-39
8.248155436530490991e-01 3.162275643004155662e-39
8.260014754196244313e-01 1.985933691951829199e-39
8.274838901278432912e-01 1.104735348145747602e-39
8.280768560111310128e-01 8.723572690127566768e-40
8.277803730694871520e-01 9.818051619016763006e-40
8.248155436530490991e-01 3.162275643004155662e-39
8.224436801198988789e-01 7.934923323366263306e-39
8.212577483533236578e-01 1.250519922560267113e-38
8.191823677618169652e-01 2.749831547853511861e-38
8.171069871703104948e-01 5.986343331429724361e-38
8.135491918705847203e-01 2.220638563519585140e-37
8.105843624541467785e-01 6.481520893114939097e-37
8.016898742048328419e-01 1.443923185782308679e-35
7.963531812552444578e-01 8.626624280962152782e-35
7.913129712473000454e-01 4.446912823891700040e-34
7.859762782977115503e-01 2.404764627506328525e-33
7.764888241651100032e-01 4.303358445768704488e-32
7.672978529741522058e-01 6.167699238066197748e-31
7.592928135497696296e-01 5.684795792833128111e-30
7.512877741253869424e-01 4.812695937926082804e-29
7.429862517593606164e-01 4.053933073812559207e-28
7.281621046771706851e-01 1.496433451705565386e-26
7.139309234782683644e-01 3.849782050434235391e-25
7.017751228708725142e-01 5.294591018785882318e-24
6.893228393218329142e-01 6.790286619750861477e-23
6.715338628232050411e-01 2.096575630773608939e-21
6.513730227914267257e-01 7.757078607785458411e-20
6.368453586508805442e-01 8.874124987965417053e-19
6.190563821522525600e-01 1.478457049673158638e-17
6.012674056536245759e-01 2.071475964891976518e-16
5.778452532637645689e-01 5.265070545133940773e-15
5.532371691073292297e-01 1.207461495461398358e-13
5.360411584919888561e-01 9.297577041034866640e-13
5.152873525769229301e-01 9.410105974965488106e-12
4.948300296035006984e-01 7.945750222887859609e-11
4.675535989722713337e-01 1.106513880712167615e-09
4.500611054152871549e-01 5.325065896247858317e-09
4.275284018503583416e-01 3.551844911057988822e-08
4.124077718265245496e-01 1.176883069523537780e-07
3.886891364950207373e-01 6.868900004378906014e-07
3.664529158717357293e-01 3.182117366271243762e-06
3.412518658320127796e-01 1.583510495021851224e-05
3.172367475588650509e-01 6.455059710085427169e-05
2.920356975191421567e-01 2.494389590585449753e-04
2.733572721955828122e-01 6.288214277604573747e-04
2.448949097977780875e-01 2.281281431953933146e-03
2.226586891744931351e-01 5.668501390252098267e-03
2.007189514928520158e-01 1.285477609808136946e-02
1.758143843947728713e-01 2.971779462889076462e-02
1.547640955380631400e-01 5.611360452277151800e-02
1.348997384479286021e-01 9.640415098633114965e-02
1.088092395832742781e-01 1.806236701500917030e-01
8.716598484327695018e-02 2.839975271296167336e-01
7.204535481944318587e-02 3.761596509004678790e-01
5.603527597067804039e-02 4.914686659678587644e-01
4.536189007150127211e-02 5.776771447487902833e-01
3.557795299725589194e-02 6.623983605342298464e-01
1.838194238191554614e-02 8.215697200589215932e-01
8.598005307670174638e-03 9.159939626331864426e-01
3.557795299725589715e-03 9.651859965367522998e-01
-8.005039424382576208e-03 9.217683837331315244e-01
-1.897490826520314283e-02 8.159145165192873694e-01
-2.342215238986013193e-02 7.738217178513379091e-01
-2.638698180629811887e-02 7.461131743107052294e-01
-3.261312358081790846e-02 6.890089730484230124e-01
-3.587443593889969723e-02 6.597596845177695624e-01
-3.557795299725589194e-02 6.623983605342298464e-01
-4.299002653835087145e-02 5.977489081697676676e-01
-4.447244124656987013e-02 5.851672042832731790e-01
-4.891968537122685229e-02 5.481727599670809248e-01
-4.862320242958305394e-02 5.506030392940450824e-01
-4.921616831287065758e-02 5.457477395487861926e-01
-5.158803184602105130e-02 5.265393238943145704e-01
-5.099506596273345460e-02 5.313091918063778119e-01
-5.040210007944585097e-02 5.361006550949052318e-01
-4.951265125451445592e-02 5.433279985817213165e-01
-4.773375360465165890e-02 5.579252225941291332e-01
-5.010561713780205262e-02 5.385044362657284145e-01
-4.980913419615826121e-02 5.409135574273699065e-01
-5.010561713780205262e-02 5.385044362657284145e-01
-4.536189007150127211e-02 5.776771447487902833e-01
-4.654782183807646551e-02 5.677604806237507296e-01
-4.743727066300786055e-02 5.603763285236014191e-01
-4.387947536328227344e-02 5.901852624462056163e-01
-4.684430477972026385e-02 5.652939792471884939e-01
-4.832671948793926253e-02 5.530385568064644097e-01
-4.506540712985746683e-02 5.801688633536490336e-01
-4.358299242163847509e-02 5.927016269434939311e-01
-4.506540712985746683e-02 5.801688633536490336e-01
-4.980913419615826121e-02 5.409135574273699065e-01
-4.980913419615826121e-02 5.409135574273699065e-01
-5.307044655424004997e-02 5.147101333126655742e-01
-5.573879302903423510e-02 4.937674321715974646e-01
-6.819107657807380041e-02 4.022917372086682875e-01
-6.848755951971760569e-02 4.002441182705143152e-01
-7.352776952766218455e-02 3.663915630135512469e-01
-7.115590599451178389e-02 3.820961561382232308e-01
-7.293480364437458785e-02 3.702798501657540431e-01
-7.323128658601839314e-02 3.683325449275859365e-01
-6.908052540300518851e-02 3.961675330162681696e-01
-7.085942305286800635e-02 3.840875631652067579e-01
-7.085942305286800635e-02 3.840875631652067579e-01
-7.234183776108699115e-02 3.741934088273713988e-01
-7.204535481944318587e-02 3.761596509004678790e-01
-6.996997422793659049e-02 3.900994064801895922e-01
-6.878404246136139710e-02 3.982027141488467814e-01
-6.581921304492339975e-02 4.188953796157086629e-01
-6.908052540300518851e-02 3.961675330162681696e-01
-7.056294011122418719e-02 3.860852451760948822e-01
-7.026645716958039578e-02 3.880891952998221095e-01
-6.759811069478620371e-02 4.064055859092239320e-01
-6.522624716163581693e-02 4.231078096129455846e-01
-6.137196892026642453e-02 4.510806584565586475e-01
-5.840713950382842717e-02 4.732851096142309810e-01
-5.395989537917145196e-02 5.076788297393297622e-01
-5.158803184602105130e-02 5.265393238943145704e-01
-4.743727066300786055e-02 5.603763285236014191e-01
-4.121112888848808137e-02 6.130054280839929426e-01
-3.883926535533768765e-02 6.336075945836285861e-01
-3.646740182218729392e-02 6.544949118504775898e-01
-3.765333358876248732e-02 6.440164612225398599e-01
-3.557795299725589194e-02 6.623983605342298464e-01
-3.557795299725589194e-02 6.623983605342298464e-01
-3.083422593095511144e-02 7.051627864718528205e-01
-2.816587945616091937e-02 7.296402116268713156e-01
-2.875884533944851953e-02 7.241761344400822198e-01
-2.668346474794192069e-02 7.433594574316628734e-01
-2.786939651451711755e-02 7.323773754862044072e-01
-2.134677179835354002e-02 7.933912541585084188e-01
-1.660304473205275258e-02 8.385893692449536418e-01
-1.156283472410816505e-02 8.871935995775296346e-01
-1.482414708218995555e-02 8.556841003043771376e-01
-1.156283472410816505e-02 8.871935995775296346e-01
-8.301522366026376290e-03 9.188806437371819236e-01
-1.008042001588917158e-02 9.015777484609692749e-01
-1.126635178246436671e-02 8.900676414656445434e-01
-1.274876649068336365e-02 8.757124792136103952e-01
-1.452766414054615894e-02 8.585399777232740615e-01
-1.215580060739576349e-02 8.814499563060378406e-01
-1.185931766575196514e-02 8.843210255678012333e-01
-1.096986884082056836e-02 8.929431143060262421e-01
-1.274876649068336365e-02 8.757124792136103952e-01
-1.452766414054615894e-02 8.585399777232740615e-01
-2.016084003177834316e-02 8.046328177724200170e-01
-2.045732297342214151e-02 8.018185775483293032e-01
-2.520105003972292548e-02 7.571598568220951897e-01
-3.172367475588650648e-02 6.970688840883159099e-01
-3.587443593889969723e-02 6.597596845177695624e-01
-3.943223123862528434e-02 6.284297924686068626e-01
-4.002519712191288104e-02 6.232700258990213626e-01
-4.476892418821366154e-02 5.826655575414094734e-01
-5.307044655424004997e-02 5.147101333126655742e-01
-5.129154890437724601e-02 5.289215487719876041e-01
-5.544231008739043676e-02 4.960718833131317895e-01
-5.514582714574663841e-02 4.983820029128035456e-01
-5.544231008739043676e-02 4.960718833131317895e-01
-5.277396361259623775e-02 5.170649848479640376e-01
-5.010561713780205262e-02 5.385044362657284145e-01
-4.654782183807646551e-02 5.677604806237507296e-01
-4.832671948793926253e-02 5.530385568064644097e-01
-4.299002653835087145e-02 5.977489081697676676e-01
-4.210057771341947641e-02 6.053558496593003380e-01
-3.794981653040628566e-02 6.414076534179217193e-01
-3.646740182218729392e-02 6.544949118504775898e-01
-3.350257240574930351e-02 6.809838595647544901e-01
-3.290960652246169987e-02 6.863300293422641696e-01
-3.231664063917410318e-02 6.916917832445974579e-01
-2.964829416437991111e-02 7.160061171722618134e-01
-3.024126004766751127e-02 7.105772022253978859e-01
-2.549753298136672730e-02 7.543934791309931942e-01
-2.401511827314772862e-02 7.682558718230400041e-01
-2.105028885670973821e-02 7.961977612492739942e-01
-1.838194238191554614e-02 8.215697200589215932e-01
-1.867842532355934448e-02 8.187409513033527819e-01
-2.045732297342214151e-02 8.018185775483293032e-01
-1.601007884876515242e-02 8.442796520983791853e-01
-1.749249355698414762e-02 8.300696778096683381e-01
-1.601007884876515242e-02 8.442796520983791853e-01
-1.334173237397096035e-02 8.699814620729005021e-01
-1.512063002383375564e-02 8.528300929131141794e-01
-1.571359590712135407e-02 8.471278327644229389e-01
-1.927139120684694465e-02 8.130904508085307070e-01
-1.867842532355934448e-02 8.187409513033527819e-01
-2.045732297342214151e-02 8.018185775483293032e-01
-2.193973768164113672e-02 7.877862138133687742e-01
-2.253270356492873341e-02 7.821920330317586600e-01
-2.549753298136672730e-02 7.543934791309931942e-01
-2.727643063122952086e-02 7.378617950653341140e-01
-2.579401592301052565e-02 7.516302176940485857e-01
-2.282918650657253176e-02 7.793991000097524324e-01
-2.164325473999733837e-02 7.905873935986582612e-01
-2.193973768164113672e-02 7.877862138133687742e-01
-2.401511827314772862e-02 7.682558718230400041e-01
-2.638698180629811887e-02 7.461131743107052294e-01
-2.460808415643532879e-02 7.627018295362357758e-01
-2.816587945616091937e-02 7.296402116268713156e-01
-2.579401592301052565e-02 7.516302176940485857e-01
-2.549753298136672730e-02 7.543934791309931942e-01
-2.490456709807913060e-02 7.599293179387031083e-01
-2.164325473999733837e-02 7.905873935986582612e-01
-2.223622062328493507e-02 7.849877489446721590e-01
-2.223622062328493507e-02 7.849877489446721590e-01
-2.342215238986013193e-02 7.738217178513379091e-01
-2.134677179835354002e-02 7.933912541585084188e-01
-1.986435709013454134e-02 8.074495665615314399e-01
-2.816587945616091937e-02 7.296402116268713156e-01
-2.609049886465432400e-02 7.488701052228343702e-01
-3.172367475588650648e-02 6.970688840883159099e-01
-3.231664063917410318e-02 6.916917832445974579e-01
-3.231664063917410318e-02 6.916917832445974579e-01
-3.290960652246169987e-02 6.863300293422641696e-01
-3.379905534739310186e-02 6.783166922166690149e-01
-3.676388476383109227e-02 6.518688709480365828e-01
-3.557795299725589194e-02 6.623983605342298464e-01
-3.261312358081790846e-02 6.890089730484230124e-01
-2.816587945616091937e-02 7.296402116268713156e-01
-2.371863533150393027e-02 7.710373360539325427e-01
-2.105028885670973821e-02 7.961977612492739942e-01
-2.134677179835354002e-02 7.933912541585084188e-01
-1.571359590712135407e-02 8.471278327644229389e-01
-1.274876649068336365e-02 8.757124792136103952e-01
-6.522624716163580999e-03 9.362216548281087070e-01
-6.819107657807380214e-03 9.333291829600072198e-01
-1.185931766575196514e-02 8.843210255678012333e-01
-8.301522366026376290e-03 9.188806437371819236e-01
-8.598005307670174638e-03 9.159939626331864426e-01
-2.668346474794192503e-03 9.738859070480740954e-01
3.557795299725589715e-03 9.651859965367522998e-01
9.487454132601571416e-03 9.073406465970995649e-01
1.393469825725855878e-02 8.642571976626228780e-01
1.867842532355934448e-02 8.187409513033527819e-01
2.786939651451711755e-02 7.323773754862044072e-01
3.439202123068069855e-02 6.729943383228373932e-01
3.854278241369388930e-02 6.362031933163905251e-01
4.447244124656987013e-02 5.851672042832731790e-01
5.425637832081523643e-02 5.053462048518314598e-01
6.018603715369122420e-02 4.598916382854670859e-01
6.670866186985480173e-02 4.126227550094826446e-01
7.056294011122418719e-02 3.860852451760948822e-01
7.797501365231916670e-02 3.380387516657661351e-01
8.064336012711337265e-02 3.217158712527454223e-01
8.331170660190755084e-02 3.059113150685330851e-01
9.072378014300254423e-02 2.647261663980006730e-01
9.190971190957773762e-02 2.585054666374553278e-01
9.042729720135872507e-02 2.662971688725088715e-01
9.635695603423471978e-02 2.360749260676175687e-01
1.022866148671107006e-01 2.083402316650732056e-01
1.055479272251924755e-01 1.941226826678389139e-01
1.064373760501238775e-01 1.903704910752466173e-01
1.088092395832742781e-01 1.806236701500917030e-01
1.102916542914932768e-01 1.747212010526229820e-01
1.102916542914932768e-01 1.747212010526229820e-01
1.120705519413560808e-01 1.678278855850593998e-01
1.085127566416304729e-01 1.818215535488938439e-01
1.037690295753296993e-01 2.017877183511448125e-01
1.008042001588917019e-01 2.150440683181752133e-01
1.046584784002610874e-01 1.979283280303456294e-01
1.034725466336858940e-01 2.030861741795710329e-01
1.061408931084800999e-01 1.916153006288567051e-01
1.096986884082056801e-01 1.770648480050676654e-01
1.123670348829998722e-01 1.666989359378410751e-01
1.147388984161502451e-01 1.578700323126399907e-01
1.147388984161502451e-01 1.578700323126399907e-01
1.162213131243692715e-01 1.525328993618891293e-01
1.156283472410816471e-01 1.546512028304069530e-01
1.191861425408072689e-01 1.422681104499844695e-01
1.218544890156014471e-01 1.334866309508769555e-01
1.233369037238204458e-01 1.287908251484515543e-01
1.245228354903956391e-01 1.251265199663869621e-01
1.257087672569708325e-01 1.215432029779579537e-01
1.263017331402584431e-01 1.197815966419093492e-01
1.310454602065592167e-01 1.063928922966449753e-01
1.313419431482030220e-01 1.055967786728839730e-01
1.375680849227227942e-01 8.993500680968086192e-02
1.449801584638177876e-01 7.376660306741103512e-02
1.479449878802557850e-01 6.799687121706082804e-02
1.509098172966937546e-01 6.260002654566533542e-02
1.526887149465565585e-01 5.953381299106409036e-02
1.532816808298441413e-01 5.853957767912682658e-02
1.517992661216251427e-01 6.105113551165468333e-02
1.515027831799813374e-01 6.156390236776771580e-02
1.494274025884747559e-01 6.525290607256838127e-02
1.467590561136805638e-01 7.025905895644209143e-02
1.414223631640921797e-01 8.120664873599278688e-02
1.408293972808045968e-01 8.250335010306748817e-02
1.328243578564220206e-01 1.016861715867894561e-01
1.280806307901212193e-01 1.146154408126618257e-01
1.245228354903956391e-01 1.251265199663869621e-01
1.135529666495750795e-01 1.622396193963453470e-01
1.099951713498494715e-01 1.758901426415079849e-01
1.040655125169735046e-01 2.004952656344090867e-01
9.635695603423471978e-02 2.360749260676175687e-01
8.805543366820833828e-02 2.790937805667092486e-01
8.182929189368856604e-02 3.146276022038722586e-01
7.501018423588118322e-02 3.567816796104619215e-01
7.293480364437458785e-02 3.702798501657540431e-01
6.581921304492339975e-02 4.188953796157086629e-01
5.900010538711602387e-02 4.687971665604988569e-01
5.662824185396563709e-02 4.868882533534031332e-01
5.158803184602105130e-02 5.265393238943145704e-01
4.447244124656987013e-02 5.851672042832731790e-01
3.676388476383109227e-02 6.518688709480365828e-01
3.202015769753030483e-02 6.943784302114590634e-01
2.846236239780471772e-02 7.269064540756902115e-01
2.609049886465432400e-02 7.488701052228343702e-01
1.304524943232716200e-02 8.728461448268055589e-01
8.894488249313972986e-03 9.131083778348803026e-01
2.964829416437991284e-03 9.709855443841508560e-01
-4.150761183013188145e-03 9.593882714367604203e-01
-8.894488249313972986e-03 9.131083778348803026e-01
-1.393469825725855878e-02 8.642571976626228780e-01
-2.312566944821633011e-02 7.766089837084957370e-01
-2.549753298136672730e-02 7.543934791309931942e-01
-2.846236239780471772e-02 7.269064540756902115e-01
-3.587443593889969723e-02 6.597596845177695624e-01
-4.210057771341947641e-02 6.053558496593003380e-01
-4.832671948793926253e-02 5.530385568064644097e-01
-5.099506596273345460e-02 5.313091918063778119e-01
-5.988955421204742585e-02 4.621091904392963245e-01
-5.959307127040363444e-02 4.643326384597320500e-01
-5.900010538711602387e-02 4.687971665604988569e-01
-6.285438362848541627e-02 4.402011722932126503e-01
-6.611569598656720503e-02 4.167983588330201883e-01
-6.996997422793659049e-02 3.900994064801895922e-01
-7.115590599451178389e-02 3.820961561382232308e-01
-6.759811069478620371e-02 4.064055859092239320e-01
-6.937700834464900768e-02 3.941385828586921880e-01
-6.848755951971760569e-02 4.002441182705143152e-01
-6.937700834464900768e-02 3.941385828586921880e-01
-6.611569598656720503e-02 4.167983588330201883e-01
-6.463328127834820636e-02 4.273446895722357031e-01
-5.870362244547223246e-02 4.710382183974096693e-01
-5.900010538711602387e-02 4.687971665604988569e-01
-5.751769067889703907e-02 4.800606726505796118e-01
-5.069858302108965625e-02 5.337022337307312236e-01
-4.180409477177567806e-02 6.079010046257529165e-01
-3.172367475588650648e-02 6.970688840883159099e-01
-2.282918650657253176e-02 7.793991000097524324e-01
-1.689952767369655093e-02 8.357473386901990153e-01
-9.190971190957773068e-03 9.102239267136499334e-01
-8.894488249313974287e-04 9.912939342373472407e-01
6.226141774519782651e-03 9.391149602969872667e-01
1.482414708218995555e-02 8.556841003043771376e-01
2.105028885670973821e-02 7.961977612492739942e-01
2.579401592301052565e-02 7.516302176940485857e-01
3.528147005561209359e-02 6.650411922526084929e-01
4.210057771341947641e-02 6.053558496593003380e-01
4.684430477972026385e-02 5.652939792471884939e-01
5.129154890437724601e-02 5.289215487719876041e-01
6.077900303697882090e-02 4.554742759807657304e-01
6.581921304492339975e-02 4.188953796157086629e-01
7.204535481944318587e-02 3.761596509004678790e-01
7.767853071067537529e-02 3.398843585695746627e-01
7.827149659396295811e-02 3.361995299905439216e-01
8.212577483533235745e-02 3.128715399845397038e-01
8.509060425177035480e-02 2.956629946257112174e-01
8.627653601834554820e-02 2.889586880531052615e-01
8.627653601834554820e-02 2.889586880531052615e-01
8.449763836848275811e-02 2.990535084792834697e-01
8.686950190163314489e-02 2.856448644875086429e-01
8.390467248519514754e-02 3.024696123114706259e-01
8.360818954355135613e-02 3.041872633676573900e-01
8.420115542683895282e-02 3.007583610275597064e-01
8.479412131012654952e-02 2.973550534664020639e-01
8.657301895998935348e-02 2.872985839667833163e-01
8.598005307670174291e-02 2.906251790737882090e-01
8.182929189368856604e-02 3.146276022038722586e-01
7.827149659396295811e-02 3.361995299905439216e-01
7.501018423588118322e-02 3.567816796104619215e-01
7.145238893615558917e-02 3.801110307813641009e-01
6.611569598656720503e-02 4.167983588330201883e-01
6.492976421999201164e-02 4.252231985377508128e-01
5.840713950382842717e-02 4.732851096142309810e-01
5.010561713780205262e-02 5.385044362657284145e-01
4.358299242163847509e-02 5.927016269434939311e-01
3.350257240574930351e-02 6.809838595647544901e-01
2.342215238986013193e-02 7.738217178513379091e-01
1.986435709013454134e-02 8.074495665615314399e-01
1.423118119890235886e-02 8.613976889420622562e-01
7.115590599451179429e-03 9.304375823302792892e-01
-1.482414708218995642e-03 9.854903971587298805e-01
-5.633175891232183354e-03 9.449039213268972670e-01
-1.185931766575196514e-02 8.843210255678012333e-01
-1.630656179040895423e-02 8.414334856400400575e-01
-2.609049886465432400e-02 7.488701052228343702e-01
-3.854278241369388930e-02 6.362031933163905251e-01
-4.951265125451445592e-02 5.433279985817213165e-01
-5.603527597067804039e-02 4.914686659678587644e-01
-6.226141774519781957e-02 4.445349800368063597e-01
-5.722120773725323378e-02 4.823307735484855252e-01
-5.959307127040363444e-02 4.643326384597320500e-01
-5.544231008739043676e-02 4.960718833131317895e-01
-5.010561713780205262e-02 5.385044362657284145e-01
-4.299002653835087145e-02 5.977489081697676676e-01
-3.676388476383109227e-02 6.518688709480365828e-01
-3.794981653040628566e-02 6.414076534179217193e-01
-3.557795299725589194e-02 6.623983605342298464e-01
-3.290960652246169987e-02 6.863300293422641696e-01
-2.282918650657253176e-02 7.793991000097524324e-01
-1.541711296547755572e-02 8.499779917054914868e-01
-4.150761183013188145e-03 9.593882714367604203e-01
-5.929658832875982135e-04 9.941958928102592186e-01
4.447244124656986493e-03 9.564901871408936218e-01
5.633175891232183354e-03 9.449039213268972670e-01
9.487454132601571416e-03 9.073406465970995649e-01
5.040210007944585791e-03 9.506957643301321426e-01
-2.964829416437991067e-04 9.970979274004432291e-01
3.557795299725589715e-03 9.651859965367522998e-01
1.185931766575196427e-03 9.883920896866599248e-01
2.964829416437991284e-03 9.709855443841508560e-01
1.482414708218995642e-03 9.854903971587298805e-01
-8.894488249313974287e-04 9.912939342373472407e-01
-4.743727066300785708e-03 9.535926721610885615e-01
-6.522624716163580999e-03 9.362216548281087070e-01
-5.633175891232183354e-03 9.449039213268972670e-01
-9.190971190957773068e-03 9.102239267136499334e-01
-1.037690295753296993e-02 8.986982048648328725e-01
-1.245228354903956530e-02 8.785804286038754185e-01
-1.897490826520314283e-02 8.159145165192873694e-01
-2.223622062328493507e-02 7.849877489446721590e-01
-2.935181122273611623e-02 7.187259347034499202e-01
-3.617091888054349558e-02 6.571251923062654265e-01
-3.320608946410550516e-02 6.836549817031285503e-01
-3.468850417232450384e-02 6.703392096267499767e-01
-4.061816300520047773e-02 6.181285027002140220e-01
-4.862320242958305394e-02 5.506030392940450824e-01
-5.307044655424004997e-02 5.147101333126655742e-01
-5.484934420410284006e-02 5.006977743033890205e-01
-5.692472479560943543e-02 4.846066389624522630e-01
-5.247748067095245328e-02 5.194253481110322479e-01
-5.514582714574663841e-02 4.983820029128035456e-01
-5.900010538711602387e-02 4.687971665604988569e-01
-6.700514481149860702e-02 4.105441911274851918e-01
-7.145238893615558917e-02 3.801110307813641009e-01
-7.441721835259358653e-02 3.606066084965107166e-01
-7.530666717752497463e-02 3.548787408868433468e-01
-7.441721835259358653e-02 3.606066084965107166e-01
-7.530666717752497463e-02 3.548787408868433468e-01
-7.767853071067537529e-02 3.398843585695746627e-01
-7.471370129423737794e-02 3.586909702515078679e-01
-7.560315011916877992e-02 3.529821582142212977e-01
-7.619611600245639049e-02 3.492080766592342567e-01
-8.301522366026375943e-02 3.076417681216608302e-01
-8.331170660190755084e-02 3.059113150685330851e-01
-8.093984306875716406e-02 3.199342018916918606e-01
-7.856797953560677727e-02 3.343666959025654029e-01
-7.382425246930598983e-02 3.644569096425660515e-01
-7.501018423588118322e-02 3.567816796104619215e-01
-7.827149659396295811e-02 3.361995299905439216e-01
-8.064336012711337265e-02 3.217158712527454223e-01
-7.856797953560677727e-02 3.343666959025654029e-01
-8.271874071861996802e-02 3.093786230691373818e-01
-8.064336012711337265e-02 3.217158712527454223e-01
-8.123632601040095547e-02 3.181589335362122739e-01
-7.708556482738777860e-02 3.435947177508160699e-01
-7.026645716958039578e-02 3.880891952998221095e-01
-6.908052540300518851e-02 3.961675330162681696e-01
-6.730162775314239842e-02 4.084717983909711414e-01
-6.759811069478620371e-02 4.064055859092239320e-01
-6.819107657807380041e-02 4.022917372086682875e-01
-6.759811069478620371e-02 4.064055859092239320e-01
-6.641217892821101032e-02 4.147074807397599372e-01
-6.641217892821101032e-02 4.147074807397599372e-01
-6.255790068684162486e-02 4.423650702271484381e-01
-6.463328127834820636e-02 4.273446895722357031e-01
-6.166845186191022288e-02 4.488927865674418038e-01
-6.581921304492339975e-02 4.188953796157086629e-01
-6.255790068684162486e-02 4.423650702271484381e-01
-6.285438362848541627e-02 4.402011722932126503e-01
-5.988955421204742585e-02 4.621091904392963245e-01
-5.781417362054082354e-02 4.777963516192144100e-01
-5.040210007944585097e-02 5.361006550949052318e-01
-4.862320242958305394e-02 5.506030392940450824e-01
-4.506540712985746683e-02 5.801688633536490336e-01
-3.617091888054349558e-02 6.571251923062654265e-01
-3.261312358081790846e-02 6.890089730484230124e-01
-2.253270356492873341e-02 7.821920330317586600e-01
-1.719601061534034928e-02 8.329074296730538673e-01
-1.185931766575196514e-02 8.843210255678012333e-01
-1.067338589917677001e-02 8.958199811174174521e-01
-6.522624716163580999e-03 9.362216548281087070e-01
-5.040210007944585791e-03 9.506957643301321426e-01
-7.412073541094977777e-03 9.275468905428219113e-01
-4.150761183013188145e-03 9.593882714367604203e-01
-2.964829416437991284e-03 9.709855443841508560e-01
-1.778897649862794857e-03 9.825888946481970976e-01
1.185931766575196427e-03 9.883920896866599248e-01
1.778897649862794857e-03 9.825888946481970976e-01
2.964829416437991284e-03 9.709855443841508560e-01
1.778897649862794857e-03 9.825888946481970976e-01
3.261312358081790500e-03 9.680855615709162976e-01
1.778897649862794857e-03 9.825888946481970976e-01
1.778897649862794857e-03 9.825888946481970976e-01
3.261312358081790500e-03 9.680855615709162976e-01
0.000000000000000000e+00 1.000000000000000000e+00
-1.482414708218995642e-03 9.854903971587298805e-01
-2.964829416437991284e-03 9.709855443841508560e-01
-6.226141774519782651e-03 9.391149602969872667e-01
-6.522624716163580999e-03 9.362216548281087070e-01
-7.708556482738777860e-03 9.246571451663863073e-01
-7.115590599451179429e-03 9.304375823302792892e-01
-1.393469825725855878e-02 8.642571976626228780e-01
-1.778897649862794597e-02 8.272341186337420771e-01
-1.541711296547755572e-02 8.499779917054914868e-01
-1.808545944027174779e-02 8.244007875952082953e-01
-1.482414708218995555e-02 8.556841003043771376e-01
-1.541711296547755572e-02 8.499779917054914868e-01
-1.393469825725855878e-02 8.642571976626228780e-01
-1.156283472410816505e-02 8.871935995775296346e-01
-1.956787414849073953e-02 8.102687891826182431e-01
-1.393469825725855878e-02 8.642571976626228780e-01
-1.719601061534034928e-02 8.329074296730538673e-01
-1.897490826520314283e-02 8.159145165192873694e-01
-1.363821531561476043e-02 8.671184675178263968e-01
-1.037690295753296993e-02 8.986982048648328725e-01
-9.783937074245369764e-03 9.044585747676215925e-01
-6.819107657807380214e-03 9.333291829600072198e-01
-7.708556482738777860e-03 9.246571451663863073e-01
-9.487454132601571416e-03 9.073406465970995649e-01
-1.541711296547755572e-02 8.499779917054914868e-01
-1.541711296547755572e-02 8.499779917054914868e-01
-1.067338589917677001e-02 8.958199811174174521e-01
-9.487454132601571416e-03 9.073406465970995649e-01
-5.336692949588385006e-03 9.477995014573001864e-01
-5.633175891232183354e-03 9.449039213268972670e-01
-8.598005307670174638e-03 9.159939626331864426e-01
-9.783937074245369764e-03 9.044585747676215925e-01
-1.185931766575196514e-02 8.843210255678012333e-01
-1.660304473205275258e-02 8.385893692449536418e-01
-1.304524943232716200e-02 8.728461448268055589e-01
-1.541711296547755572e-02 8.499779917054914868e-01
-1.986435709013454134e-02 8.074495665615314399e-01
-1.719601061534034928e-02 8.329074296730538673e-01
-2.105028885670973821e-02 7.961977612492739942e-01
-2.431160121479152697e-02 7.654773585553373838e-01
-2.342215238986013193e-02 7.738217178513379091e-01
-2.134677179835354002e-02 7.933912541585084188e-01
-2.193973768164113672e-02 7.877862138133687742e-01
-2.460808415643532879e-02 7.627018295362357758e-01
-2.994477710602371293e-02 7.132898626942123510e-01
-3.706036770547489062e-02 6.492470972426016562e-01
-3.409553828903690020e-02 6.756535088032568082e-01
-3.646740182218729392e-02 6.544949118504775898e-01
-3.854278241369388930e-02 6.362031933163905251e-01
-3.024126004766751127e-02 7.105772022253978859e-01
-2.520105003972292548e-02 7.571598568220951897e-01
-2.253270356492873341e-02 7.821920330317586600e-01
-1.927139120684694465e-02 8.130904508085307070e-01
-1.719601061534034928e-02 8.329074296730538673e-01
-3.854278241369388930e-03 9.622868871938534685e-01
5.929658832875982135e-04 9.941958928102592186e-01
4.743727066300785708e-03 9.535926721610885615e-01
1.067338589917677001e-02 8.958199811174174521e-01
2.431160121479152697e-02 7.654773585553373838e-01
3.854278241369388930e-02 6.362031933163905251e-01
5.188451478766484964e-02 5.241625362563739898e-01
6.878404246136139710e-02 3.982027141488467814e-01
8.360818954355135613e-02 3.041872633676573900e-01
9.694992191752231647e-02 2.331904780420603340e-01
1.147388984161502451e-01 1.578700323126399907e-01
1.325278749147782154e-01 1.024590207738609038e-01
1.458696072887491757e-01 7.199551143277801990e-02
1.660304473205275189e-01 4.025723654299024484e-02
1.844123897024430581e-01 2.249189591798418306e-02
2.069450932673717880e-01 1.026940127652659594e-02
2.294777968323004902e-01 4.325612878569840523e-03
2.523069833388730809e-01 1.653303655822778310e-03
2.727643063122952016e-01 6.468773420267712919e-04
2.932216292857173223e-01 2.347038105499379111e-04
3.113070887259891117e-01 8.970972619499834532e-05
3.296890311079046509e-01 3.161033064441964402e-05
3.462920758399574139e-01 1.161380973652698265e-05
3.620056717470787611e-01 4.266338027075949324e-06
3.809805800122819108e-01 1.183849115237570264e-06
3.949152782695404817e-01 4.380292437260164161e-07
4.121112888848807998e-01 1.204152477666915869e-07
4.293072995002211178e-01 3.072914091913171843e-08
4.444279295240548544e-01 8.669819153164005846e-09
4.589555936646009804e-01 2.421935165260563840e-09
4.696289795637778597e-01 9.128876913333014990e-10
4.811918142878859328e-01 3.052244587835906066e-10
4.912722343037752015e-01 1.135269661378749566e-10
5.043174837361024121e-01 3.006570448493911989e-11
5.114330743355535169e-01 1.421987484807219504e-11
5.238853578845931169e-01 3.676269335471752398e-12
5.339657779004822746e-01 1.180311325145540171e-12
5.434532320330838218e-01 3.912331662572295305e-13
5.526442032240415081e-01 1.298048814716490156e-13
5.573879302903422817e-01 7.247728874621912991e-14
5.665789014813000790e-01 2.281736247513623314e-14
5.742874579640389054e-01 8.416837410710621866e-15
5.757698726722578764e-01 6.927145777047426685e-15
5.802171167969149002e-01 3.838826309284837611e-15
5.816995315051339821e-01 3.146877444466049276e-15
5.837749120966405636e-01 2.378466939184027061e-15
5.819960144467777319e-01 3.023873543356720023e-15
5.811065656218462605e-01 3.407686954679466997e-15
5.784382191470520684e-01 4.866386292645052642e-15
5.760663556139017372e-01 6.661687787460441373e-15
5.722120773725323239e-01 1.103747030129200015e-14
5.704331797226694922e-01 1.390327113884496308e-14
5.686542820728067715e-01 1.748895372465632924e-14
5.674683503062314394e-01 2.036402553670698427e-14
5.588703449985613636e-01 6.029568566438439089e-14
5.541266179322605900e-01 1.083004371216418783e-13
5.487899249826722059e-01 2.070155636410491801e-13
5.360411584919888561e-01 9.297577041034866640e-13
5.327798461339070535e-01 1.351746353300199303e-12
5.301114996591128614e-01 1.830549493255466780e-12
5.321868802506194429e-01 1.446300665097899438e-12
5.292220508341815011e-01 2.024050461103272323e-12
5.259607384760996984e-01 2.918437455283902500e-12
5.215134943514426746e-01 4.777018651968569298e-12
5.143979037519915698e-01 1.035551077128933018e-11
5.081717619774717143e-01 2.008478991969631021e-11
5.084682449191155751e-01 1.946700180539670684e-11
5.049104496193899116e-01 2.826566962109410489e-11
4.995737566698014720e-01 4.905954317817515399e-11
4.933476148952817830e-01 9.224012560992524097e-11
4.915687172454190068e-01 1.102181931007016066e-10
4.829707119377488200e-01 2.569408084930071362e-10
4.779305019298041857e-01 4.174634540301855934e-10
4.699254625054216095e-01 8.880501461554710964e-10
4.616239401393952280e-01 1.903652532846244567e-09
4.509505542402185152e-01 4.926610906997123373e-09
4.414631001076169126e-01 1.116575780181580148e-08
4.322721289166591707e-01 2.409367742555883566e-08
4.153726012429626024e-01 9.348066827684782370e-08
3.952117612111842870e-01 4.286461403839666961e-07
3.792016823624190791e-01 1.339679204422686818e-06
3.596338082139283188e-01 4.979601523302515548e-06
3.424377975985880007e-01 1.472815579535294902e-05
3.225734405084534906e-01 4.771651290107486472e-05
3.024126004766751197e-01 1.450977573563348288e-04
2.822517604448967488e-01 4.081148660799997123e-04
2.606085057048994624e-01 1.139836337591340707e-03
2.422265633229839232e-01 2.555741895238401902e-03
2.205833085829865536e-01 6.145364814622799286e-03
1.992365367846330448e-01 1.354854962857872727e-02
1.817440432276488660e-01 2.455243692887887352e-02
1.660304473205275189e-01 4.025723654299024484e-02
1.491309196468309783e-01 6.579434407797711548e-02
1.378645678643665995e-01 8.923809293696270684e-02
1.298595284399840233e-01 1.096245444906154970e-01
1.188896595991634497e-01 1.432703234095544509e-01
1.114775860580684702e-01 1.701028214865349941e-01
1.040655125169735046e-01 2.004952656344090867e-01
1.019901319254669092e-01 2.096688543504385827e-01
9.694992191752231647e-02 2.331904780420603340e-01
9.428157544272812440e-02 2.463668942986090571e-01
9.783937074245370458e-02 2.289103510540752284e-01
9.309564367615293101e-02 2.523858250901062639e-01
9.250267779286532044e-02 2.554330344410288833e-01
9.013081425971493366e-02 2.678745115430254953e-01
8.716598484327695018e-02 2.839975271296167336e-01
8.420115542683895282e-02 3.007583610275597064e-01
8.242225777697616274e-02 3.111218802869832323e-01
7.916094541889436009e-02 3.307201990489159193e-01
7.708556482738777860e-02 3.435947177508160699e-01
7.263832070273078256e-02 3.722334733269203610e-01
6.492976421999201164e-02 4.252231985377508128e-01
6.374383245341681825e-02 4.337456682186658918e-01
5.158803184602105130e-02 5.265393238943145704e-01
4.565837301314506352e-02 5.751904245813735939e-01
4.387947536328227344e-02 5.901852624462056163e-01
3.943223123862528434e-02 6.284297924686068626e-01
3.261312358081790846e-02 6.890089730484230124e-01
2.579401592301052565e-02 7.516302176940485857e-01
2.312566944821633011e-02 7.766089837084957370e-01
1.601007884876515242e-02 8.442796520983791853e-01
1.185931766575196514e-02 8.843210255678012333e-01
6.819107657807380214e-03 9.333291829600072198e-01
2.964829416437991284e-03 9.709855443841508560e-01
-2.371863533150392854e-03 9.767866116195857984e-01
-5.633175891232183354e-03 9.449039213268972670e-01
-6.819107657807380214e-03 9.333291829600072198e-01
-9.487454132601571416e-03 9.073406465970995649e-01
-1.185931766575196514e-02 8.843210255678012333e-01
-1.689952767369655093e-02 8.357473386901990153e-01
