0.000000000000000000e+00 6.674003601074218750e-01 7.148184180259704590e-01 6.895261406898498535e-01 6.752148270606994629e-01 7.022698521614074707e-01 6.788446903228759766e-01 7.293516993522644043e-01 6.699377894401550293e-01 7.013909816741943359e-01 6.256325840950012207e-01 7.004554867744445801e-01 6.310378909111022949e-01 6.649821400642395020e-01 5.840321183204650879e-01 7.771671414375305176e-01 6.983104944229125977e-01 6.890472173690795898e-01
6.674003601074218750e-01 0.000000000000000000e+00 7.473159432411193848e-01 7.011432051658630371e-01 6.969905495643615723e-01 7.355491518974304199e-01 7.148955464363098145e-01 7.276450991630554199e-01 6.934973597526550293e-01 6.699156165122985840e-01 6.982322335243225098e-01 7.532304525375366211e-01 7.402957081794738770e-01 6.520575881004333496e-01 7.165030837059020996e-01 7.788105010986328125e-01 7.330542206764221191e-01 7.122238278388977051e-01
7.148184180259704590e-01 7.473159432411193848e-01 0.000000000000000000e+00 6.440568566322326660e-01 7.110405564308166504e-01 6.662442684173583984e-01 6.839364767074584961e-01 7.195579409599304199e-01 6.821998953819274902e-01 6.889577507972717285e-01 7.132183313369750977e-01 7.218257784843444824e-01 7.255957722663879395e-01 7.334530353546142578e-01 6.936076879501342773e-01 7.951337099075317383e-01 7.701697349548339844e-01 7.679515480995178223e-01
6.895261406898498535e-01 7.011432051658630371e-01 6.440568566322326660e-01 0.000000000000000000e+00 6.454784274101257324e-01 6.590687036514282227e-01 6.683810949325561523e-01 7.138853073120117188e-01 6.594778895378112793e-01 6.666566729545593262e-01 7.095475196838378906e-01 6.871416568756103516e-01 7.066301107406616211e-01 6.332070827484130859e-01 6.348672509193420410e-01 7.071796655654907227e-01 6.653670072555541992e-01 7.220142483711242676e-01
6.752148270606994629e-01 6.969905495643615723e-01 7.110405564308166504e-01 6.454784274101257324e-01 0.000000000000000000e+00 6.888672709465026855e-01 6.395300626754760742e-01 6.986806392669677734e-01 6.924998760223388672e-01 6.899531483650207520e-01 6.842666864395141602e-01 7.716059684753417969e-01 6.777513623237609863e-01 6.806069016456604004e-01 6.909050345420837402e-01 7.339228391647338867e-01 6.857911348342895508e-01 7.108687758445739746e-01
7.022698521614074707e-01 7.355491518974304199e-01 6.662442684173583984e-01 6.590687036514282227e-01 6.888672709465026855e-01 0.000000000000000000e+00 6.658023595809936523e-01 6.875368356704711914e-01 7.241311073303222656e-01 7.197883129119873047e-01 6.774637699127197266e-01 6.899934411048889160e-01 6.749493479728698730e-01 7.129222750663757324e-01 6.641027927398681641e-01 7.403103709220886230e-01 6.645625233650207520e-01 6.856374740600585938e-01
6.788446903228759766e-01 7.148955464363098145e-01 6.839364767074584961e-01 6.683810949325561523e-01 6.395300626754760742e-01 6.658023595809936523e-01 0.000000000000000000e+00 7.078422307968139648e-01 6.640315651893615723e-01 6.576489210128784180e-01 6.885120868682861328e-01 7.039092779159545898e-01 6.761813163757324219e-01 6.584361791610717773e-01 6.998636722564697266e-01 7.112842202186584473e-01 7.375407814979553223e-01 6.849346756935119629e-01
7.293516993522644043e-01 7.276450991630554199e-01 7.195579409599304199e-01 7.138853073120117188e-01 6.986806392669677734e-01 6.875368356704711914e-01 7.078422307968139648e-01 0.000000000000000000e+00 6.791398525238037109e-01 6.806682348251342773e-01 6.281839609146118164e-01 6.710628271102905273e-01 7.591916918754577637e-01 7.035365700721740723e-01 6.885759234428405762e-01 7.248032093048095703e-01 6.967921853065490723e-01 6.817436814308166504e-01
6.699377894401550293e-01 6.934973597526550293e-01 6.821998953819274902e-01 6.594778895378112793e-01 6.924998760223388672e-01 7.241311073303222656e-01 6.640315651893615723e-01 6.791398525238037109e-01 0.000000000000000000e+00 6.775833964347839355e-01 6.841443777084350586e-01 6.834135055541992188e-01 6.939777731895446777e-01 6.670176982879638672e-01 7.030227780342102051e-01 7.053017616271972656e-01 7.298249602317810059e-01 6.758682131767272949e-01
7.013909816741943359e-01 6.699156165122985840e-01 6.889577507972717285e-01 6.666566729545593262e-01 6.899531483650207520e-01 7.197883129119873047e-01 6.576489210128784180e-01 6.806682348251342773e-01 6.775833964347839355e-01 0.000000000000000000e+00 6.872823238372802734e-01 6.962275505065917969e-01 6.476079821586608887e-01 6.906824707984924316e-01 6.705952286720275879e-01 7.285140156745910645e-01 7.071568965911865234e-01 7.325693368911743164e-01
6.256325840950012207e-01 6.982322335243225098e-01 7.132183313369750977e-01 7.095475196838378906e-01 6.842666864395141602e-01 6.774637699127197266e-01 6.885120868682861328e-01 6.281839609146118164e-01 6.841443777084350586e-01 6.872823238372802734e-01 0.000000000000000000e+00 7.204878330230712891e-01 7.426850795745849609e-01 6.949293613433837891e-01 6.904491782188415527e-01 7.661715149879455566e-01 6.981246471405029297e-01 6.853570342063903809e-01
7.004554867744445801e-01 7.532304525375366211e-01 7.218257784843444824e-01 6.871416568756103516e-01 7.716059684753417969e-01 6.899934411048889160e-01 7.039092779159545898e-01 6.710628271102905273e-01 6.834135055541992188e-01 6.962275505065917969e-01 7.204878330230712891e-01 0.000000000000000000e+00 6.825946569442749023e-01 7.354152202606201172e-01 6.831057667732238770e-01 6.971326470375061035e-01 6.738057136535644531e-01 7.337881922721862793e-01
6.310378909111022949e-01 7.402957081794738770e-01 7.255957722663879395e-01 7.066301107406616211e-01 6.777513623237609863e-01 6.749493479728698730e-01 6.761813163757324219e-01 7.591916918754577637e-01 6.939777731895446777e-01 6.476079821586608887e-01 7.426850795745849609e-01 6.825946569442749023e-01 0.000000000000000000e+00 7.392051219940185547e-01 6.550255417823791504e-01 6.852773427963256836e-01 6.896741390228271484e-01 7.176897525787353516e-01
6.649821400642395020e-01 6.520575881004333496e-01 7.334530353546142578e-01 6.332070827484130859e-01 6.806069016456604004e-01 7.129222750663757324e-01 6.584361791610717773e-01 7.035365700721740723e-01 6.670176982879638672e-01 6.906824707984924316e-01 6.949293613433837891e-01 7.354152202606201172e-01 7.392051219940185547e-01 0.000000000000000000e+00 6.970456838607788086e-01 7.345377802848815918e-01 7.433533668518066406e-01 6.491943597793579102e-01
5.840321183204650879e-01 7.165030837059020996e-01 6.936076879501342773e-01 6.348672509193420410e-01 6.909050345420837402e-01 6.641027927398681641e-01 6.998636722564697266e-01 6.885759234428405762e-01 7.030227780342102051e-01 6.705952286720275879e-01 6.904491782188415527e-01 6.831057667732238770e-01 6.550255417823791504e-01 6.970456838607788086e-01 0.000000000000000000e+00 6.920378208160400391e-01 6.841292977333068848e-01 6.899470686912536621e-01
7.771671414375305176e-01 7.788105010986328125e-01 7.951337099075317383e-01 7.071796655654907227e-01 7.339228391647338867e-01 7.403103709220886230e-01 7.112842202186584473e-01 7.248032093048095703e-01 7.053017616271972656e-01 7.285140156745910645e-01 7.661715149879455566e-01 6.971326470375061035e-01 6.852773427963256836e-01 7.345377802848815918e-01 6.920378208160400391e-01 0.000000000000000000e+00 7.077379822731018066e-01 6.801424622535705566e-01
6.983104944229125977e-01 7.330542206764221191e-01 7.701697349548339844e-01 6.653670072555541992e-01 6.857911348342895508e-01 6.645625233650207520e-01 7.375407814979553223e-01 6.967921853065490723e-01 7.298249602317810059e-01 7.071568965911865234e-01 6.981246471405029297e-01 6.738057136535644531e-01 6.896741390228271484e-01 7.433533668518066406e-01 6.841292977333068848e-01 7.077379822731018066e-01 0.000000000000000000e+00 7.124034166336059570e-01
6.890472173690795898e-01 7.122238278388977051e-01 7.679515480995178223e-01 7.220142483711242676e-01 7.108687758445739746e-01 6.856374740600585938e-01 6.849346756935119629e-01 6.817436814308166504e-01 6.758682131767272949e-01 7.325693368911743164e-01 6.853570342063903809e-01 7.337881922721862793e-01 7.176897525787353516e-01 6.491943597793579102e-01 6.899470686912536621e-01 6.801424622535705566e-01 7.124034166336059570e-01 0.000000000000000000e+00
