0.000000000000000000e+00 5.350422579795122147e-03 6.093031726777553558e-03 6.585612427443265915e-03 6.504743825644254684e-03 6.431023124605417252e-03 6.068568676710128784e-03 5.802014842629432678e-03 6.246267352253198624e-03 1.238757185637950897e-02 1.144482474774122238e-02 1.142866071313619614e-02 1.183350291103124619e-02 1.206089649349451065e-02 1.141371671110391617e-02 1.103679649531841278e-02 1.138320565223693848e-02 1.247620303183794022e-02
5.350422579795122147e-03 0.000000000000000000e+00 4.933057818561792374e-03 5.811464507132768631e-03 5.953667219728231430e-03 5.926867946982383728e-03 5.724865477532148361e-03 5.653053987771272659e-03 5.951423663645982742e-03 1.146267633885145187e-02 1.052599772810935974e-02 1.051275338977575302e-02 1.091609895229339600e-02 1.113831065595149994e-02 1.049701496958732605e-02 1.012190151959657669e-02 1.046543475240468979e-02 1.155187189579010010e-02
6.093031726777553558e-03 4.933057818561792374e-03 0.000000000000000000e+00 5.424459930509328842e-03 5.871181376278400421e-03 5.966719239950180054e-03 5.727325566112995148e-03 5.860731005668640137e-03 6.389206741005182266e-03 1.144632790237665176e-02 1.051260717213153839e-02 1.050063222646713257e-02 1.090320292860269547e-02 1.112313382327556610e-02 1.048461068421602249e-02 1.011039316654205322e-02 1.045253966003656387e-02 1.153573580086231232e-02
6.585612427443265915e-03 5.811464507132768631e-03 5.424459930509328842e-03 0.000000000000000000e+00 5.660699214786291122e-03 5.884956102818250656e-03 6.046334281563758850e-03 6.183224730193614960e-03 6.744066253304481506e-03 1.185004785656929016e-02 1.091485936194658279e-02 1.090213283896446228e-02 1.130507420748472214e-02 1.152638997882604599e-02 1.088641211390495300e-02 1.051173452287912369e-02 1.085455249994993210e-02 1.193930022418498993e-02
6.504743825644254684e-03 5.953667219728231430e-03 5.871181376278400421e-03 5.660699214786291122e-03 0.000000000000000000e+00 5.428094882518053055e-03 5.646943114697933197e-03 5.919864866882562637e-03 6.600006949156522751e-03 1.207653526216745377e-02 1.113606337457895279e-02 1.112104300409555435e-02 1.152541209012269974e-02 1.175098493695259094e-02 1.110603101551532745e-02 1.072969287633895874e-02 1.107492204755544662e-02 1.216539740562438965e-02
6.431023124605417252e-03 5.926867946982383728e-03 5.966719239950180054e-03 5.884956102818250656e-03 5.428094882518053055e-03 0.000000000000000000e+00 4.939420148730278015e-03 5.514174234122037888e-03 6.455203983932733536e-03 1.143432874232530594e-02 1.049974281340837479e-02 1.048746053129434586e-02 1.089034602046012878e-02 1.111103035509586334e-02 1.047172583639621735e-02 1.009715441614389420e-02 1.043960917741060257e-02 1.152370031923055649e-02
6.068568676710128784e-03 5.724865477532148361e-03 5.727325566112995148e-03 6.046334281563758850e-03 5.646943114697933197e-03 4.939420148730278015e-03 0.000000000000000000e+00 4.754679277539253235e-03 5.948454607278108597e-03 1.105491165071725845e-02 1.012222375720739365e-02 1.011086441576480865e-02 1.051326002925634384e-02 1.073223724961280823e-02 1.009478326886892319e-02 9.720807895064353943e-03 1.006239559501409531e-02 1.114446390420198441e-02
5.802014842629432678e-03 5.653053987771272659e-03 5.860731005668640137e-03 6.183224730193614960e-03 5.919864866882562637e-03 5.514174234122037888e-03 4.754679277539253235e-03 0.000000000000000000e+00 5.485116504132747650e-03 1.140474528074264526e-02 1.046915352344512939e-02 1.045640930533409119e-02 1.085949782282114029e-02 1.108086761087179184e-02 1.044060941785573959e-02 1.006579957902431488e-02 1.040879543870687485e-02 1.149403210729360580e-02
6.246267352253198624e-03 5.951423663645982742e-03 6.389206741005182266e-03 6.744066253304481506e-03 6.600006949156522751e-03 6.455203983932733536e-03 5.948454607278108597e-03 5.485116504132747650e-03 0.000000000000000000e+00 1.249049138277769089e-02 1.154825650155544281e-02 1.153227593749761581e-02 1.193697284907102585e-02 1.216403115540742874e-02 1.151730865240097046e-02 1.114054676145315170e-02 1.148671843111515045e-02 1.257914397865533829e-02
1.238757185637950897e-02 1.146267633885145187e-02 1.144632790237665176e-02 1.185004785656929016e-02 1.207653526216745377e-02 1.143432874232530594e-02 1.105491165071725845e-02 1.140474528074264526e-02 1.249049138277769089e-02 0.000000000000000000e+00 5.348536185920238495e-03 6.111335474997758865e-03 6.591298617422580719e-03 6.515668239444494247e-03 6.453113164752721786e-03 6.069511640816926956e-03 5.796598736196756363e-03 6.258527282625436783e-03
1.144482474774122238e-02 1.052599772810935974e-02 1.051260717213153839e-02 1.091485936194658279e-02 1.113606337457895279e-02 1.049974281340837479e-02 1.012222375720739365e-02 1.046915352344512939e-02 1.154825650155544281e-02 5.348536185920238495e-03 0.000000000000000000e+00 4.948598798364400864e-03 5.812488961964845657e-03 5.962389521300792694e-03 5.936618894338607788e-03 5.729029886424541473e-03 5.654366686940193176e-03 5.963142029941082001e-03
1.142866071313619614e-02 1.051275338977575302e-02 1.050063222646713257e-02 1.090213283896446228e-02 1.112104300409555435e-02 1.048746053129434586e-02 1.011086441576480865e-02 1.045640930533409119e-02 1.153227593749761581e-02 6.111335474997758865e-03 4.948598798364400864e-03 0.000000000000000000e+00 5.423098802566528320e-03 5.873925052583217621e-03 5.960570648312568665e-03 5.729020573198795319e-03 5.847846623510122299e-03 6.394898518919944763e-03
1.183350291103124619e-02 1.091609895229339600e-02 1.090320292860269547e-02 1.130507420748472214e-02 1.152541209012269974e-02 1.089034602046012878e-02 1.051326002925634384e-02 1.085949782282114029e-02 1.193697284907102585e-02 6.591298617422580719e-03 5.812488961964845657e-03 5.423098802566528320e-03 0.000000000000000000e+00 5.666479934006929398e-03 5.886133294552564621e-03 6.048302166163921356e-03 6.172158755362033844e-03 6.751189008355140686e-03
1.206089649349451065e-02 1.113831065595149994e-02 1.112313382327556610e-02 1.152638997882604599e-02 1.175098493695259094e-02 1.111103035509586334e-02 1.073223724961280823e-02 1.108086761087179184e-02 1.216403115540742874e-02 6.515668239444494247e-03 5.962389521300792694e-03 5.873925052583217621e-03 5.666479934006929398e-03 0.000000000000000000e+00 5.424141418188810349e-03 5.654296372085809708e-03 5.921914242208003998e-03 6.599382031708955765e-03
1.141371671110391617e-02 1.049701496958732605e-02 1.048461068421602249e-02 1.088641211390495300e-02 1.110603101551532745e-02 1.047172583639621735e-02 1.009478326886892319e-02 1.044060941785573959e-02 1.151730865240097046e-02 6.453113164752721786e-03 5.936618894338607788e-03 5.960570648312568665e-03 5.886133294552564621e-03 5.424141418188810349e-03 0.000000000000000000e+00 4.943524487316608429e-03 5.513817537575960159e-03 6.463808938860893250e-03
1.103679649531841278e-02 1.012190151959657669e-02 1.011039316654205322e-02 1.051173452287912369e-02 1.072969287633895874e-02 1.009715441614389420e-02 9.720807895064353943e-03 1.006579957902431488e-02 1.114054676145315170e-02 6.069511640816926956e-03 5.729029886424541473e-03 5.729020573198795319e-03 6.048302166163921356e-03 5.654296372085809708e-03 4.943524487316608429e-03 0.000000000000000000e+00 4.756379406899213791e-03 5.967281293123960495e-03
1.138320565223693848e-02 1.046543475240468979e-02 1.045253966003656387e-02 1.085455249994993210e-02 1.107492204755544662e-02 1.043960917741060257e-02 1.006239559501409531e-02 1.040879543870687485e-02 1.148671843111515045e-02 5.796598736196756363e-03 5.654366686940193176e-03 5.847846623510122299e-03 6.172158755362033844e-03 5.921914242208003998e-03 5.513817537575960159e-03 4.756379406899213791e-03 0.000000000000000000e+00 5.492688622325658798e-03
1.247620303183794022e-02 1.155187189579010010e-02 1.153573580086231232e-02 1.193930022418498993e-02 1.216539740562438965e-02 1.152370031923055649e-02 1.114446390420198441e-02 1.149403210729360580e-02 1.257914397865533829e-02 6.258527282625436783e-03 5.963142029941082001e-03 6.394898518919944763e-03 6.751189008355140686e-03 6.599382031708955765e-03 6.463808938860893250e-03 5.967281293123960495e-03 5.492688622325658798e-03 0.000000000000000000e+00
