3.861999999999999877e-01
2.806000000000000161e-01
2.097999999999999865e-01
1.900000000000000022e-01
1.923999999999999877e-01
1.145999999999999935e-01
8.939999999999999336e-02
3.119999999999999857e-02
3.760000000000000148e-02
4.379999999999999866e-02
1.080000000000000057e-02
5.639999999999999875e-02
6.539999999999999980e-02
6.419999999999999318e-02
8.780000000000000304e-02
9.800000000000000377e-02
8.019999999999999352e-02
6.719999999999999585e-02
4.920000000000000068e-02
4.299999999999999656e-02
3.660000000000000059e-02
3.239999999999999825e-02
3.819999999999999785e-02
3.740000000000000269e-02
8.000000000000000167e-02
1.436000000000000054e-01
2.336000000000000021e-01
2.847999999999999976e-01
2.417999999999999872e-01
1.791999999999999982e-01
1.484000000000000041e-01
2.817999999999999949e-01
4.739999999999999769e-01
4.853999999999999981e-01
5.046000000000000485e-01
4.355999999999999872e-01
3.353999999999999759e-01
3.556000000000000272e-01
4.299999999999999933e-01
9.919999999999999651e-02
4.560000000000000164e-02
2.380000000000000171e-02
1.280000000000000061e-02
2.060000000000000026e-02
7.799999999999999642e-03
5.799999999999999600e-03
7.000000000000000146e-03
8.000000000000000167e-03
1.000000000000000021e-02
2.580000000000000002e-02
7.580000000000000626e-02
9.959999999999999409e-02
1.585999999999999910e-01
2.548000000000000265e-01
2.872000000000000108e-01
3.396000000000000130e-01
3.688000000000000167e-01
3.956000000000000072e-01
3.917999999999999816e-01
3.356000000000000094e-01
2.627999999999999781e-01
1.859999999999999987e-01
1.487999999999999878e-01
1.542000000000000037e-01
1.880000000000000004e-01
2.394000000000000017e-01
2.763999999999999790e-01
3.237999999999999767e-01
2.020000000000000129e-01
1.602000000000000091e-01
9.360000000000000264e-02
8.119999999999999440e-02
8.379999999999999949e-02
1.150000000000000050e-01
3.377999999999999892e-01
4.593999999999999750e-01
3.808000000000000274e-01
4.056000000000000161e-01
3.135999999999999899e-01
4.501999999999999891e-01
5.043999999999999595e-01
4.964000000000000079e-01
5.033999999999999586e-01
5.043999999999999595e-01
4.872000000000000219e-01
4.524000000000000243e-01
4.238000000000000100e-01
2.651999999999999913e-01
2.192000000000000060e-01
2.156000000000000139e-01
2.164000000000000090e-01
2.076000000000000068e-01
2.998000000000000109e-01
3.025999999999999801e-01
3.605999999999999761e-01
4.385999999999999899e-01
4.577999999999999847e-01
3.115999999999999881e-01
1.620000000000000051e-01
7.159999999999999698e-02
3.099999999999999978e-02
2.659999999999999865e-02
5.199999999999999761e-02
7.420000000000000207e-02
1.073999999999999955e-01
1.363999999999999935e-01
1.335999999999999965e-01
2.195999999999999897e-01
3.245999999999999996e-01
3.568000000000000060e-01
2.906000000000000250e-01
4.146000000000000241e-01
4.304000000000000048e-01
4.643999999999999795e-01
4.743999999999999884e-01
4.460000000000000075e-01
4.265999999999999792e-01
3.981999999999999984e-01
3.924000000000000266e-01
3.579999999999999849e-01
2.746000000000000107e-01
2.525999999999999912e-01
3.526000000000000245e-01
4.252000000000000224e-01
3.951999999999999957e-01
3.904000000000000248e-01
4.802000000000000157e-01
3.623999999999999999e-01
3.247999999999999776e-01
2.792000000000000037e-01
2.664000000000000257e-01
2.600000000000000089e-01
2.746000000000000107e-01
2.429999999999999938e-01
2.308000000000000052e-01
2.126000000000000112e-01
2.442000000000000004e-01
2.570000000000000062e-01
2.787999999999999923e-01
2.646000000000000019e-01
2.856000000000000205e-01
3.019999999999999907e-01
3.331999999999999962e-01
3.638000000000000123e-01
3.834000000000000186e-01
4.128000000000000003e-01
4.292000000000000259e-01
4.282000000000000250e-01
4.188000000000000056e-01
4.516000000000000014e-01
4.501999999999999891e-01
3.887999999999999790e-01
3.565999999999999726e-01
2.726000000000000090e-01
2.076000000000000068e-01
1.990000000000000102e-01
2.109999999999999931e-01
2.311999999999999889e-01
2.497999999999999943e-01
2.701999999999999957e-01
2.676000000000000045e-01
2.677999999999999825e-01
2.411999999999999977e-01
2.056000000000000050e-01
2.129999999999999949e-01
2.255999999999999950e-01
2.886000000000000232e-01
3.145999999999999908e-01
4.123999999999999888e-01
3.926000000000000045e-01
1.743999999999999995e-01
5.559999999999999665e-02
2.440000000000000155e-02
1.460000000000000013e-02
1.720000000000000001e-02
1.319999999999999993e-02
2.400000000000000050e-02
3.640000000000000180e-02
4.179999999999999688e-02
5.120000000000000245e-02
5.899999999999999689e-02
4.540000000000000285e-02
4.159999999999999809e-02
3.640000000000000180e-02
3.799999999999999906e-02
4.139999999999999930e-02
4.939999999999999947e-02
5.140000000000000124e-02
2.740000000000000074e-02
1.119999999999999989e-02
1.899999999999999953e-02
8.340000000000000191e-02
8.980000000000000482e-02
1.481999999999999984e-01
1.262000000000000066e-01
1.282000000000000084e-01
1.458000000000000129e-01
9.260000000000000175e-02
8.859999999999999820e-02
1.255999999999999894e-01
1.257999999999999952e-01
1.361999999999999877e-01
1.804000000000000048e-01
2.162000000000000033e-01
2.908000000000000029e-01
3.287999999999999812e-01
3.634000000000000008e-01
3.608000000000000096e-01
4.209999999999999853e-01
4.471999999999999864e-01
3.548000000000000043e-01
4.868000000000000105e-01
3.099999999999999978e-01
2.134000000000000064e-01
3.115999999999999881e-01
1.904000000000000137e-01
1.348000000000000032e-01
6.660000000000000642e-02
6.779999999999999916e-02
6.619999999999999496e-02
7.299999999999999545e-02
6.959999999999999520e-02
6.119999999999999746e-02
7.979999999999999594e-02
1.039999999999999952e-01
2.006000000000000005e-01
3.247999999999999776e-01
4.294000000000000039e-01
4.570000000000000173e-01
3.665999999999999814e-01
2.330000000000000127e-01
1.845999999999999863e-01
1.781999999999999973e-01
2.776000000000000134e-01
4.374000000000000110e-01
4.319999999999999951e-01
1.824000000000000066e-01
9.959999999999999409e-02
6.140000000000000319e-02
4.540000000000000285e-02
2.620000000000000107e-02
1.580000000000000154e-02
1.439999999999999961e-02
1.319999999999999993e-02
1.359999999999999924e-02
1.280000000000000061e-02
1.159999999999999920e-02
9.639999999999999958e-02
2.900000000000000147e-02
2.740000000000000074e-02
1.092000000000000054e-01
2.285999999999999976e-01
3.953999999999999737e-01
4.349999999999999978e-01
4.252000000000000224e-01
4.262000000000000233e-01
3.871999999999999886e-01
4.359999999999999987e-01
4.358000000000000207e-01
3.553999999999999937e-01
3.439999999999999725e-01
2.371999999999999942e-01
2.300000000000000100e-01
1.814000000000000057e-01
1.680000000000000104e-01
1.847999999999999921e-01
1.409999999999999865e-01
1.350000000000000089e-01
1.778000000000000136e-01
2.001999999999999891e-01
1.761999999999999955e-01
2.056000000000000050e-01
1.741999999999999937e-01
1.612000000000000099e-01
1.486000000000000099e-01
1.487999999999999878e-01
1.305999999999999939e-01
9.760000000000000620e-02
8.000000000000000167e-02
1.285999999999999921e-01
1.836000000000000132e-01
2.386000000000000065e-01
3.572000000000000175e-01
2.959999999999999853e-01
2.167999999999999927e-01
6.439999999999999891e-02
5.179999999999999882e-02
1.477999999999999869e-01
2.620000000000000107e-02
3.620000000000000301e-02
2.129999999999999949e-01
3.161999999999999811e-01
2.978000000000000091e-01
3.870000000000000107e-01
3.970000000000000195e-01
4.677999999999999936e-01
4.556000000000000050e-01
4.699999999999999734e-01
4.527999999999999803e-01
4.126000000000000223e-01
3.245999999999999996e-01
2.837999999999999967e-01
2.386000000000000065e-01
2.169999999999999984e-01
1.648000000000000020e-01
1.368000000000000049e-01
1.232000000000000040e-01
9.220000000000000417e-02
7.739999999999999658e-02
9.619999999999999385e-02
1.451999999999999957e-01
5.439999999999999697e-02
3.379999999999999671e-02
3.020000000000000115e-02
3.099999999999999978e-02
5.779999999999999721e-02
1.418000000000000094e-01
7.979999999999999594e-02
5.759999999999999842e-02
1.516000000000000125e-01
2.637999999999999790e-01
1.390000000000000124e-01
1.691999999999999893e-01
2.300000000000000100e-01
3.108000000000000207e-01
3.664000000000000035e-01
4.133999999999999897e-01
4.776000000000000245e-01
4.249999999999999889e-01
3.197999999999999732e-01
2.280000000000000082e-01
1.812000000000000000e-01
1.678000000000000047e-01
1.696000000000000008e-01
1.787999999999999867e-01
2.343999999999999972e-01
2.200000000000000011e-01
3.155999999999999917e-01
4.086000000000000187e-01
4.650000000000000244e-01
3.654000000000000026e-01
2.737999999999999878e-01
2.023999999999999966e-01
1.690000000000000113e-01
1.123999999999999999e-01
8.740000000000000546e-02
5.419999999999999818e-02
4.259999999999999898e-02
3.400000000000000244e-02
2.400000000000000050e-02
2.920000000000000026e-02
2.440000000000000155e-02
3.660000000000000059e-02
2.779999999999999832e-02
4.379999999999999866e-02
7.140000000000000513e-02
1.388000000000000067e-01
3.634000000000000008e-01
4.812000000000000166e-01
3.981999999999999984e-01
3.190000000000000058e-01
3.886000000000000010e-01
4.112000000000000099e-01
4.112000000000000099e-01
3.508000000000000007e-01
2.690000000000000169e-01
2.823999999999999844e-01
3.214000000000000190e-01
3.360000000000000209e-01
2.889999999999999791e-01
1.292000000000000093e-01
8.240000000000000102e-02
4.619999999999999801e-02
5.040000000000000036e-02
5.639999999999999875e-02
1.015999999999999959e-01
1.406000000000000028e-01
1.897999999999999965e-01
2.615999999999999992e-01
2.626000000000000001e-01
2.756000000000000116e-01
2.770000000000000240e-01
1.962000000000000133e-01
1.178000000000000019e-01
7.520000000000000295e-02
5.899999999999999689e-02
5.079999999999999793e-02
5.140000000000000124e-02
5.659999999999999754e-02
7.340000000000000691e-02
9.639999999999999958e-02
1.965999999999999970e-01
3.815999999999999948e-01
4.702000000000000068e-01
3.694000000000000061e-01
4.762000000000000122e-01
3.002000000000000224e-01
2.179999999999999993e-01
2.926000000000000267e-01
4.148000000000000020e-01
4.939999999999999947e-01
4.905999999999999805e-01
4.828000000000000069e-01
3.770000000000000018e-01
2.636000000000000010e-01
2.766000000000000125e-01
3.069999999999999951e-01
2.787999999999999923e-01
2.933999999999999941e-01
2.139999999999999958e-01
1.768000000000000127e-01
2.137999999999999901e-01
2.190000000000000002e-01
2.361999999999999933e-01
2.214000000000000135e-01
1.953999999999999904e-01
2.620000000000000107e-01
2.554000000000000159e-01
2.504000000000000115e-01
2.132000000000000006e-01
2.172000000000000042e-01
2.311999999999999889e-01
2.710000000000000187e-01
2.687999999999999834e-01
3.151999999999999802e-01
3.780000000000000027e-01
4.676000000000000156e-01
4.833999999999999964e-01
4.964000000000000079e-01
3.946000000000000063e-01
3.014000000000000012e-01
2.162000000000000033e-01
1.839999999999999969e-01
1.671999999999999875e-01
1.612000000000000099e-01
1.612000000000000099e-01
2.446000000000000119e-01
2.550000000000000044e-01
1.605999999999999928e-01
2.624000000000000221e-01
3.306000000000000050e-01
2.999999999999999889e-01
2.803999999999999826e-01
2.051999999999999935e-01
1.575999999999999901e-01
8.699999999999999400e-02
7.059999999999999609e-02
5.580000000000000238e-02
5.800000000000000294e-02
8.820000000000000062e-02
1.202000000000000013e-01
2.162000000000000033e-01
1.685999999999999999e-01
1.113999999999999990e-01
1.121999999999999942e-01
8.959999999999999909e-02
7.739999999999999658e-02
7.660000000000000142e-02
6.519999999999999407e-02
6.819999999999999674e-02
6.300000000000000044e-02
6.819999999999999674e-02
9.619999999999999385e-02
1.107999999999999957e-01
1.474000000000000032e-01
2.179999999999999993e-01
3.019999999999999907e-01
4.209999999999999853e-01
4.918000000000000149e-01
3.634000000000000008e-01
3.081999999999999740e-01
2.803999999999999826e-01
2.406000000000000083e-01
2.088000000000000134e-01
2.101999999999999980e-01
2.157999999999999918e-01
2.223999999999999866e-01
1.945999999999999952e-01
1.766000000000000070e-01
1.343999999999999917e-01
1.192000000000000004e-01
1.028000000000000025e-01
1.127999999999999975e-01
1.123999999999999999e-01
1.312000000000000111e-01
1.610000000000000042e-01
1.993999999999999939e-01
2.096000000000000085e-01
2.565999999999999948e-01
3.780000000000000027e-01
4.143999999999999906e-01
4.726000000000000201e-01
4.305999999999999828e-01
4.063999999999999835e-01
3.204000000000000181e-01
3.164000000000000146e-01
2.833999999999999853e-01
2.730000000000000204e-01
3.039999999999999925e-01
3.420000000000000262e-01
3.755999999999999894e-01
4.717999999999999972e-01
3.632000000000000228e-01
2.313999999999999946e-01
2.524000000000000132e-01
1.545999999999999874e-01
5.999999999999999778e-02
2.680000000000000090e-02
7.340000000000000691e-02
8.859999999999999820e-02
7.520000000000000295e-02
1.527999999999999914e-01
1.554000000000000103e-01
1.713999999999999968e-01
9.719999999999999474e-02
6.819999999999999674e-02
1.454000000000000015e-01
1.748000000000000109e-01
2.179999999999999993e-01
2.469999999999999973e-01
3.402000000000000024e-01
4.305999999999999828e-01
5.008000000000000229e-01
4.662000000000000033e-01
4.143999999999999906e-01
3.960000000000000187e-01
4.243999999999999995e-01
3.900000000000000133e-01
4.295999999999999819e-01
3.931999999999999940e-01
3.961999999999999966e-01
3.559999999999999831e-01
3.430000000000000271e-01
2.903999999999999915e-01
2.617999999999999772e-01
2.003999999999999948e-01
1.794000000000000039e-01
1.584000000000000130e-01
1.527999999999999914e-01
1.287999999999999978e-01
1.228000000000000064e-01
1.320000000000000062e-01
1.499999999999999944e-01
1.736000000000000043e-01
2.051999999999999935e-01
2.462000000000000022e-01
2.786000000000000143e-01
3.497999999999999998e-01
4.717999999999999972e-01
4.739999999999999769e-01
3.715999999999999859e-01
2.793999999999999817e-01
2.584000000000000186e-01
2.303999999999999937e-01
2.051999999999999935e-01
1.935999999999999943e-01
1.607999999999999985e-01
1.416000000000000036e-01
1.474000000000000032e-01
1.874000000000000110e-01
2.136000000000000121e-01
2.472000000000000031e-01
2.620000000000000107e-01
2.839999999999999747e-01
3.881999999999999895e-01
4.922000000000000264e-01
3.851999999999999869e-01
2.472000000000000031e-01
1.126000000000000056e-01
5.999999999999999778e-02
2.659999999999999865e-02
1.220000000000000077e-02
7.400000000000000328e-03
3.399999999999999811e-03
3.399999999999999811e-03
4.000000000000000083e-03
8.600000000000000006e-03
1.359999999999999924e-02
1.540000000000000049e-02
3.200000000000000153e-03
2.000000000000000096e-04
5.999999999999999474e-04
1.399999999999999986e-03
2.399999999999999790e-03
7.000000000000000146e-03
1.000000000000000021e-02
1.039999999999999952e-02
2.939999999999999905e-02
8.160000000000000586e-02
2.787999999999999923e-01
4.530000000000000138e-01
3.363999999999999768e-01
3.648000000000000131e-01
4.199999999999999845e-01
4.408000000000000251e-01
4.782000000000000139e-01
4.148000000000000020e-01
4.103999999999999870e-01
3.326000000000000068e-01
3.039999999999999925e-01
2.419999999999999929e-01
1.859999999999999987e-01
1.990000000000000102e-01
2.242000000000000104e-01
1.741999999999999937e-01
1.978000000000000036e-01
2.252000000000000113e-01
2.038000000000000089e-01
3.058000000000000163e-01
4.471999999999999864e-01
4.888000000000000123e-01
4.010000000000000231e-01
4.172000000000000153e-01
4.225999999999999757e-01
5.003999999999999559e-01
4.786000000000000254e-01
4.852000000000000202e-01
4.905999999999999805e-01
4.938000000000000167e-01
4.878000000000000114e-01
4.087999999999999967e-01
2.857999999999999985e-01
1.774000000000000021e-01
1.262000000000000066e-01
2.369999999999999885e-01
3.473999999999999866e-01
4.305999999999999828e-01
4.554000000000000270e-01
3.963999999999999746e-01
3.665999999999999814e-01
3.115999999999999881e-01
3.079999999999999960e-01
2.862000000000000099e-01
2.676000000000000045e-01
2.812000000000000055e-01
2.876000000000000223e-01
3.503999999999999893e-01
4.471999999999999864e-01
4.557999999999999829e-01
5.003999999999999559e-01
4.139999999999999791e-01
3.493999999999999884e-01
3.795999999999999930e-01
4.444000000000000172e-01
3.997999999999999887e-01
1.628000000000000003e-01
1.265999999999999903e-01
1.117999999999999966e-01
1.072000000000000036e-01
1.126000000000000056e-01
9.360000000000000264e-02
1.021999999999999992e-01
1.102000000000000063e-01
1.575999999999999901e-01
1.829999999999999960e-01
2.136000000000000121e-01
2.676000000000000045e-01
3.261999999999999900e-01
3.483999999999999875e-01
3.991999999999999993e-01
4.471999999999999864e-01
4.974000000000000088e-01
5.006000000000000449e-01
4.802000000000000157e-01
4.642000000000000015e-01
4.467999999999999750e-01
4.355999999999999872e-01
4.520000000000000129e-01
4.875999999999999779e-01
4.341999999999999749e-01
3.340000000000000191e-01
2.773999999999999799e-01
1.968000000000000027e-01
1.370000000000000107e-01
9.760000000000000620e-02
4.760000000000000342e-02
3.559999999999999970e-02
4.939999999999999947e-02
9.500000000000000111e-02
1.116000000000000048e-01
1.539999999999999980e-01
1.130000000000000032e-01
8.880000000000000393e-02
5.399999999999999939e-02
4.240000000000000019e-02
3.059999999999999873e-02
3.180000000000000188e-02
2.580000000000000002e-02
4.599999999999999922e-02
6.219999999999999835e-02
9.579999999999999627e-02
1.378000000000000058e-01
9.719999999999999474e-02
1.307999999999999996e-01
1.123999999999999999e-01
1.151999999999999968e-01
1.021999999999999992e-01
9.560000000000000442e-02
1.250000000000000000e-01
1.469999999999999918e-01
1.743999999999999995e-01
2.066000000000000059e-01
2.842000000000000082e-01
2.446000000000000119e-01
2.782000000000000028e-01
2.129999999999999949e-01
2.089999999999999913e-01
2.823999999999999844e-01
3.672000000000000264e-01
4.839999999999999858e-01
4.007999999999999896e-01
2.356000000000000039e-01
1.796000000000000096e-01
1.423999999999999988e-01
1.426000000000000045e-01
1.650000000000000078e-01
1.685999999999999999e-01
1.451999999999999957e-01
1.202000000000000013e-01
1.426000000000000045e-01
1.902000000000000079e-01
4.146000000000000241e-01
3.075999999999999845e-01
1.675999999999999990e-01
1.267999999999999960e-01
8.659999999999999643e-02
9.279999999999999361e-02
1.320000000000000062e-01
3.951999999999999957e-01
2.310000000000000109e-01
4.467999999999999750e-01
4.112000000000000099e-01
3.214000000000000190e-01
2.792000000000000037e-01
2.525999999999999912e-01
2.214000000000000135e-01
2.129999999999999949e-01
2.041999999999999926e-01
2.121999999999999997e-01
2.031999999999999917e-01
2.202000000000000068e-01
2.594000000000000195e-01
2.518000000000000238e-01
2.389999999999999902e-01
2.630000000000000115e-01
2.132000000000000006e-01
1.978000000000000036e-01
1.874000000000000110e-01
1.580000000000000016e-01
1.005999999999999950e-01
6.079999999999999988e-02
2.699999999999999969e-02
7.599999999999999985e-03
3.559999999999999970e-02
1.102000000000000063e-01
2.316000000000000003e-01
3.795999999999999930e-01
4.027999999999999914e-01
3.583999999999999964e-01
3.896000000000000019e-01
4.365999999999999881e-01
4.292000000000000259e-01
3.784000000000000141e-01
2.670000000000000151e-01
2.059999999999999887e-01
1.932000000000000106e-01
1.388000000000000067e-01
1.188000000000000028e-01
1.252000000000000057e-01
9.719999999999999474e-02
9.900000000000000466e-02
1.063999999999999946e-01
1.264000000000000123e-01
2.356000000000000039e-01
4.182000000000000162e-01
4.623999999999999777e-01
4.815999999999999726e-01
4.941999999999999726e-01
4.305999999999999828e-01
4.464000000000000190e-01
4.516000000000000014e-01
4.849999999999999867e-01
4.133999999999999897e-01
3.493999999999999884e-01
2.982000000000000206e-01
2.857999999999999985e-01
2.511999999999999789e-01
2.591999999999999860e-01
2.177999999999999936e-01
1.675999999999999990e-01
1.990000000000000102e-01
2.016000000000000014e-01
1.942000000000000115e-01
2.139999999999999958e-01
1.955999999999999961e-01
2.165999999999999870e-01
2.636000000000000010e-01
3.174000000000000155e-01
3.261999999999999900e-01
3.469999999999999751e-01
3.412000000000000033e-01
3.402000000000000024e-01
3.609999999999999876e-01
4.506000000000000005e-01
4.268000000000000127e-01
3.074000000000000066e-01
1.019999999999999934e-01
3.559999999999999970e-02
4.560000000000000164e-02
2.800000000000000058e-02
4.120000000000000051e-02
3.239999999999999825e-02
6.320000000000000617e-02
1.025999999999999968e-01
9.840000000000000135e-02
3.099999999999999978e-02
1.499999999999999944e-02
1.280000000000000061e-02
1.899999999999999953e-02
6.099999999999999867e-02
8.359999999999999376e-02
1.343999999999999917e-01
1.718000000000000083e-01
1.675999999999999990e-01
2.119999999999999940e-01
2.316000000000000003e-01
3.130000000000000004e-01
4.914000000000000035e-01
2.615999999999999992e-01
2.265999999999999959e-01
1.968000000000000027e-01
1.605999999999999928e-01
1.418000000000000094e-01
9.819999999999999563e-02
2.000000000000000042e-02
5.799999999999999600e-03
8.600000000000000006e-03
1.839999999999999969e-02
6.219999999999999835e-02
6.119999999999999746e-02
6.180000000000000077e-02
1.617999999999999994e-01
1.940000000000000058e-01
2.348000000000000087e-01
2.545999999999999930e-01
3.009999999999999898e-01
2.800000000000000266e-01
3.175999999999999934e-01
4.017999999999999905e-01
5.000000000000000000e-01
4.500000000000000111e-01
