2.614000000000000212e-01
3.731999999999999762e-01
4.808000000000000052e-01
4.495999999999999996e-01
4.116000000000000214e-01
3.987999999999999878e-01
3.402000000000000024e-01
2.508000000000000229e-01
2.381999999999999951e-01
2.081999999999999962e-01
1.948000000000000009e-01
2.409999999999999920e-01
3.486000000000000210e-01
3.917999999999999816e-01
2.368000000000000105e-01
7.820000000000000562e-02
6.579999999999999738e-02
1.759999999999999898e-01
4.455999999999999961e-01
1.968000000000000027e-01
1.145999999999999935e-01
1.233999999999999958e-01
2.414000000000000035e-01
2.424000000000000044e-01
2.833999999999999853e-01
3.184000000000000163e-01
3.479999999999999760e-01
3.251999999999999891e-01
2.813999999999999835e-01
2.646000000000000019e-01
4.464000000000000190e-01
3.738000000000000211e-01
3.652000000000000246e-01
4.112000000000000099e-01
3.632000000000000228e-01
4.793999999999999928e-01
4.292000000000000259e-01
4.066000000000000170e-01
3.937999999999999834e-01
1.988000000000000045e-01
7.119999999999999940e-02
8.800000000000000530e-03
5.400000000000000286e-03
4.199999999999999740e-03
3.000000000000000062e-03
5.199999999999999761e-03
1.519999999999999997e-02
8.999999999999999667e-02
4.223999999999999977e-01
4.056000000000000161e-01
2.706000000000000072e-01
2.336000000000000021e-01
2.053999999999999992e-01
1.150000000000000050e-01
7.699999999999999900e-02
5.759999999999999842e-02
1.029999999999999943e-01
1.615999999999999936e-01
2.369999999999999885e-01
3.025999999999999801e-01
3.131999999999999784e-01
3.416000000000000147e-01
3.761999999999999789e-01
4.380000000000000004e-01
4.746000000000000218e-01
4.646000000000000130e-01
5.038000000000000256e-01
4.729999999999999760e-01
3.941999999999999948e-01
3.509999999999999787e-01
3.542000000000000148e-01
3.808000000000000274e-01
4.480000000000000093e-01
3.896000000000000019e-01
3.181999999999999829e-01
2.753999999999999782e-01
1.816000000000000114e-01
1.703999999999999959e-01
2.061999999999999944e-01
2.431999999999999995e-01
2.876000000000000223e-01
3.245999999999999996e-01
4.308000000000000163e-01
4.232000000000000206e-01
4.623999999999999777e-01
4.746000000000000218e-01
4.279999999999999916e-01
4.657999999999999918e-01
4.447999999999999732e-01
4.941999999999999726e-01
4.358000000000000207e-01
3.854000000000000203e-01
3.453999999999999848e-01
2.866000000000000214e-01
3.433999999999999830e-01
2.760000000000000231e-01
2.843999999999999861e-01
3.015999999999999792e-01
2.466000000000000136e-01
2.096000000000000085e-01
2.079999999999999905e-01
1.844000000000000083e-01
1.940000000000000058e-01
1.519999999999999962e-01
9.460000000000000353e-02
3.880000000000000115e-02
3.479999999999999760e-02
4.560000000000000164e-02
9.439999999999999780e-02
1.726000000000000034e-01
1.855999999999999872e-01
2.013999999999999957e-01
2.243999999999999884e-01
3.227999999999999758e-01
3.578000000000000069e-01
3.956000000000000072e-01
4.702000000000000068e-01
4.825999999999999734e-01
4.186000000000000276e-01
3.602000000000000202e-01
4.673999999999999821e-01
4.603999999999999759e-01
4.822000000000000175e-01
4.736000000000000210e-01
4.610000000000000209e-01
4.835999999999999743e-01
3.357999999999999874e-01
1.867999999999999938e-01
8.300000000000000433e-02
4.920000000000000068e-02
3.459999999999999881e-02
3.339999999999999913e-02
3.459999999999999881e-02
4.220000000000000140e-02
5.460000000000000270e-02
6.740000000000000158e-02
6.859999999999999432e-02
1.087999999999999939e-01
1.222000000000000031e-01
1.577999999999999958e-01
1.822000000000000008e-01
1.429999999999999882e-01
1.178000000000000019e-01
1.087999999999999939e-01
1.110000000000000014e-01
1.055999999999999994e-01
2.117999999999999883e-01
2.154000000000000081e-01
2.452000000000000013e-01
3.719999999999999973e-01
3.887999999999999790e-01
4.524000000000000243e-01
4.888000000000000123e-01
5.040000000000000036e-01
4.949999999999999956e-01
3.589999999999999858e-01
2.922000000000000153e-01
2.747999999999999887e-01
3.509999999999999787e-01
3.788000000000000256e-01
2.962000000000000188e-01
4.053999999999999826e-01
3.356000000000000094e-01
4.163999999999999924e-01
4.485999999999999988e-01
2.988000000000000100e-01
4.086000000000000187e-01
3.220000000000000084e-01
2.773999999999999799e-01
2.010000000000000120e-01
2.162000000000000033e-01
2.290000000000000091e-01
2.531999999999999806e-01
1.993999999999999939e-01
2.978000000000000091e-01
2.620000000000000107e-01
2.687999999999999834e-01
2.631999999999999895e-01
2.757999999999999896e-01
2.800000000000000266e-01
3.035999999999999810e-01
3.068000000000000171e-01
3.210000000000000075e-01
3.476000000000000201e-01
3.901999999999999913e-01
4.007999999999999896e-01
3.976000000000000090e-01
4.249999999999999889e-01
4.309999999999999942e-01
4.683999999999999830e-01
3.864000000000000212e-01
3.538000000000000034e-01
3.158000000000000251e-01
2.906000000000000250e-01
2.703999999999999737e-01
2.469999999999999973e-01
1.824000000000000066e-01
1.981999999999999873e-01
2.442000000000000004e-01
2.459999999999999964e-01
2.457999999999999907e-01
2.707999999999999852e-01
2.888000000000000012e-01
3.221999999999999864e-01
3.820000000000000062e-01
4.285999999999999810e-01
4.632000000000000006e-01
4.636000000000000121e-01
4.620000000000000218e-01
4.040000000000000258e-01
4.245999999999999774e-01
4.385999999999999899e-01
4.457999999999999741e-01
3.565999999999999726e-01
2.530000000000000027e-01
1.877999999999999947e-01
1.378000000000000058e-01
1.307999999999999996e-01
1.072000000000000036e-01
9.719999999999999474e-02
1.024000000000000049e-01
1.082000000000000045e-01
1.333999999999999908e-01
1.428000000000000103e-01
1.809999999999999942e-01
1.864000000000000101e-01
1.973999999999999921e-01
2.416000000000000092e-01
2.157999999999999918e-01
2.832000000000000073e-01
3.914000000000000257e-01
3.795999999999999930e-01
4.063999999999999835e-01
3.983999999999999764e-01
3.874000000000000221e-01
3.497999999999999998e-01
3.512000000000000122e-01
3.366000000000000103e-01
3.861999999999999877e-01
4.475999999999999979e-01
3.950000000000000178e-01
3.274000000000000243e-01
2.866000000000000214e-01
3.301999999999999935e-01
3.111999999999999766e-01
3.744000000000000106e-01
4.756000000000000227e-01
4.530000000000000138e-01
3.941999999999999948e-01
3.347999999999999865e-01
2.717999999999999861e-01
2.701999999999999957e-01
2.644000000000000239e-01
3.105999999999999872e-01
3.553999999999999937e-01
4.557999999999999829e-01
4.012000000000000011e-01
3.371999999999999997e-01
2.878000000000000003e-01
2.210000000000000020e-01
1.791999999999999982e-01
1.340000000000000080e-01
1.370000000000000107e-01
1.481999999999999984e-01
1.476000000000000090e-01
1.539999999999999980e-01
1.423999999999999988e-01
1.701999999999999902e-01
2.018000000000000071e-01
2.442000000000000004e-01
2.565999999999999948e-01
3.085999999999999854e-01
3.336000000000000076e-01
3.579999999999999849e-01
3.134000000000000119e-01
3.038000000000000145e-01
2.631999999999999895e-01
1.905999999999999917e-01
1.882000000000000062e-01
1.471999999999999975e-01
1.285999999999999921e-01
1.590000000000000024e-01
2.164000000000000090e-01
3.071999999999999731e-01
3.718000000000000194e-01
4.683999999999999830e-01
3.805999999999999939e-01
4.087999999999999967e-01
4.223999999999999977e-01
4.455999999999999961e-01
4.000000000000000222e-01
3.155999999999999917e-01
2.409999999999999920e-01
1.630000000000000060e-01
1.222000000000000031e-01
1.361999999999999877e-01
1.260000000000000009e-01
1.243999999999999967e-01
1.257999999999999952e-01
1.592000000000000082e-01
1.542000000000000037e-01
1.418000000000000094e-01
1.082000000000000045e-01
7.480000000000000537e-02
6.079999999999999988e-02
9.160000000000000087e-02
1.014000000000000040e-01
1.635999999999999954e-01
2.528000000000000247e-01
3.432000000000000051e-01
4.808000000000000052e-01
4.193999999999999950e-01
2.540000000000000036e-01
2.225999999999999923e-01
2.078000000000000125e-01
1.920000000000000040e-01
2.305999999999999994e-01
2.154000000000000081e-01
2.059999999999999887e-01
2.832000000000000073e-01
2.912000000000000144e-01
3.333999999999999742e-01
3.936000000000000054e-01
4.825999999999999734e-01
3.830000000000000071e-01
3.290000000000000147e-01
2.790000000000000258e-01
2.696000000000000063e-01
2.333999999999999964e-01
3.811999999999999833e-01
4.670000000000000262e-01
3.191999999999999837e-01
2.666000000000000036e-01
2.909999999999999809e-01
4.089999999999999747e-01
2.505999999999999894e-01
3.578000000000000069e-01
4.289999999999999925e-01
4.278000000000000136e-01
4.516000000000000014e-01
3.638000000000000123e-01
3.154000000000000137e-01
2.902000000000000135e-01
3.311999999999999944e-01
2.872000000000000108e-01
3.025999999999999801e-01
3.346000000000000085e-01
3.572000000000000175e-01
3.983999999999999764e-01
4.385999999999999899e-01
4.258000000000000118e-01
4.464000000000000190e-01
4.089999999999999747e-01
3.804000000000000159e-01
2.955999999999999739e-01
2.504000000000000115e-01
1.885999999999999899e-01
1.484000000000000041e-01
1.134000000000000008e-01
9.800000000000000377e-02
1.000000000000000056e-01
1.303999999999999881e-01
1.325999999999999956e-01
1.293999999999999873e-01
9.879999999999999893e-02
1.144000000000000017e-01
1.408000000000000085e-01
1.446000000000000063e-01
1.958000000000000018e-01
2.281999999999999862e-01
2.107999999999999874e-01
2.159999999999999976e-01
2.580000000000000071e-01
2.711999999999999966e-01
2.399999999999999911e-01
2.535999999999999921e-01
2.684000000000000274e-01
2.827999999999999958e-01
3.155999999999999917e-01
2.717999999999999861e-01
2.700000000000000178e-01
3.125999999999999890e-01
3.513999999999999901e-01
4.268000000000000127e-01
4.865999999999999770e-01
4.597999999999999865e-01
3.851999999999999869e-01
3.118000000000000216e-01
2.923999999999999932e-01
2.409999999999999920e-01
1.960000000000000075e-01
1.638000000000000012e-01
1.429999999999999882e-01
1.246000000000000024e-01
1.198000000000000037e-01
1.092000000000000054e-01
1.126000000000000056e-01
1.059999999999999970e-01
1.102000000000000063e-01
1.208000000000000046e-01
1.958000000000000018e-01
2.601999999999999869e-01
3.678000000000000158e-01
4.932000000000000273e-01
3.708000000000000185e-01
3.393999999999999795e-01
2.459999999999999964e-01
1.474000000000000032e-01
1.343999999999999917e-01
2.071999999999999953e-01
1.555999999999999883e-01
1.739999999999999880e-01
1.360000000000000098e-01
1.388000000000000067e-01
1.778000000000000136e-01
1.900000000000000022e-01
2.099999999999999922e-01
2.200000000000000011e-01
2.713999999999999746e-01
3.180000000000000049e-01
3.956000000000000072e-01
4.722000000000000086e-01
4.371999999999999775e-01
3.990000000000000213e-01
3.914000000000000257e-01
3.254000000000000226e-01
2.333999999999999964e-01
1.285999999999999921e-01
8.079999999999999682e-02
1.018000000000000016e-01
1.116000000000000048e-01
1.373999999999999944e-01
1.940000000000000058e-01
1.313999999999999890e-01
1.418000000000000094e-01
1.053999999999999937e-01
7.380000000000000449e-02
5.779999999999999721e-02
4.279999999999999777e-02
3.760000000000000148e-02
4.179999999999999688e-02
5.879999999999999810e-02
1.400000000000000133e-01
1.731999999999999929e-01
2.766000000000000125e-01
3.887999999999999790e-01
4.534000000000000252e-01
4.428000000000000269e-01
4.537999999999999812e-01
3.980000000000000204e-01
4.772000000000000131e-01
4.067999999999999949e-01
3.741999999999999771e-01
3.109999999999999987e-01
2.479999999999999982e-01
2.474000000000000088e-01
2.975999999999999757e-01
2.843999999999999861e-01
3.340000000000000191e-01
3.350000000000000200e-01
3.134000000000000119e-01
3.038000000000000145e-01
3.221999999999999864e-01
2.741999999999999993e-01
2.886000000000000232e-01
3.034000000000000030e-01
3.078000000000000180e-01
3.300000000000000155e-01
3.467999999999999972e-01
3.771999999999999797e-01
4.182000000000000162e-01
4.822000000000000175e-01
5.021999999999999797e-01
4.799999999999999822e-01
4.440000000000000058e-01
4.312000000000000277e-01
4.444000000000000172e-01
4.878000000000000114e-01
4.855999999999999761e-01
4.152000000000000135e-01
4.159999999999999809e-01
3.552000000000000157e-01
3.877999999999999781e-01
4.012000000000000011e-01
4.146000000000000241e-01
3.750000000000000000e-01
3.034000000000000030e-01
3.042000000000000259e-01
4.153999999999999915e-01
3.896000000000000019e-01
3.479999999999999760e-01
3.044000000000000039e-01
3.151999999999999802e-01
3.715999999999999859e-01
4.279999999999999916e-01
4.258000000000000118e-01
4.989999999999999991e-01
5.018000000000000238e-01
4.978000000000000203e-01
4.672000000000000042e-01
3.420000000000000262e-01
2.823999999999999844e-01
2.783999999999999808e-01
1.593999999999999861e-01
1.565999999999999892e-01
2.152000000000000024e-01
1.829999999999999960e-01
1.489999999999999936e-01
1.807999999999999885e-01
1.514000000000000068e-01
1.632000000000000117e-01
1.502000000000000002e-01
1.083999999999999964e-01
8.480000000000000038e-02
7.380000000000000449e-02
4.499999999999999833e-02
4.420000000000000318e-02
5.000000000000000278e-02
9.500000000000000111e-02
1.205999999999999989e-01
1.333999999999999908e-01
1.351999999999999869e-01
1.474000000000000032e-01
1.597999999999999976e-01
2.023999999999999966e-01
2.184000000000000108e-01
1.890000000000000013e-01
2.381999999999999951e-01
3.768000000000000238e-01
4.652000000000000024e-01
4.696000000000000174e-01
4.274000000000000021e-01
3.876000000000000001e-01
3.608000000000000096e-01
3.231999999999999873e-01
2.285999999999999976e-01
1.572000000000000064e-01
1.257999999999999952e-01
8.840000000000000635e-02
8.119999999999999440e-02
5.539999999999999786e-02
3.980000000000000204e-02
4.819999999999999979e-02
3.799999999999999906e-02
4.680000000000000132e-02
7.140000000000000513e-02
1.089999999999999997e-01
1.092000000000000054e-01
1.441999999999999948e-01
2.457999999999999907e-01
3.125999999999999890e-01
3.588000000000000078e-01
4.325999999999999845e-01
4.932000000000000273e-01
4.474000000000000199e-01
3.642000000000000237e-01
2.295999999999999985e-01
1.625999999999999945e-01
8.019999999999999352e-02
5.659999999999999754e-02
4.939999999999999947e-02
4.839999999999999858e-02
4.900000000000000189e-02
4.900000000000000189e-02
7.299999999999999545e-02
4.240000000000000019e-02
2.060000000000000026e-02
6.599999999999999964e-03
3.799999999999999992e-03
1.660000000000000017e-02
2.000000000000000096e-04
5.999999999999999474e-04
5.999999999999999474e-04
6.000000000000000125e-03
1.580000000000000154e-02
3.219999999999999946e-02
3.379999999999999671e-02
4.200000000000000261e-02
3.660000000000000059e-02
7.359999999999999876e-02
1.185999999999999971e-01
1.758000000000000118e-01
2.069999999999999896e-01
2.472000000000000031e-01
2.626000000000000001e-01
3.301999999999999935e-01
3.317999999999999838e-01
3.377999999999999892e-01
3.131999999999999784e-01
2.922000000000000153e-01
2.763999999999999790e-01
1.628000000000000003e-01
9.379999999999999449e-02
5.020000000000000157e-02
1.359999999999999924e-02
1.039999999999999952e-02
9.599999999999999159e-03
1.260000000000000009e-02
9.400000000000000369e-03
8.399999999999999481e-03
1.200000000000000025e-02
2.220000000000000098e-02
4.859999999999999737e-02
5.380000000000000060e-02
1.236000000000000015e-01
2.058000000000000107e-01
2.713999999999999746e-01
2.680000000000000160e-01
2.298000000000000043e-01
2.640000000000000124e-01
2.391999999999999960e-01
2.902000000000000135e-01
3.781999999999999806e-01
4.213999999999999968e-01
4.922000000000000264e-01
4.848000000000000087e-01
4.475999999999999979e-01
4.282000000000000250e-01
4.961999999999999744e-01
4.954000000000000070e-01
4.497999999999999776e-01
3.691999999999999726e-01
3.138000000000000234e-01
2.159999999999999976e-01
1.532000000000000028e-01
1.048000000000000043e-01
8.019999999999999352e-02
5.179999999999999882e-02
4.920000000000000068e-02
5.380000000000000060e-02
5.120000000000000245e-02
6.140000000000000319e-02
1.127999999999999975e-01
2.737999999999999878e-01
4.057999999999999940e-01
2.555999999999999939e-01
1.529999999999999971e-01
1.175999999999999962e-01
9.779999999999999805e-02
8.880000000000000393e-02
9.099999999999999756e-02
1.350000000000000089e-01
1.826000000000000123e-01
1.962000000000000133e-01
2.614000000000000212e-01
2.611999999999999877e-01
2.611999999999999877e-01
3.529999999999999805e-01
4.919999999999999929e-01
4.566000000000000059e-01
4.359999999999999987e-01
3.897999999999999798e-01
3.682000000000000273e-01
3.217999999999999750e-01
1.880000000000000004e-01
1.181999999999999995e-01
6.740000000000000158e-02
8.359999999999999376e-02
9.299999999999999933e-02
1.215999999999999998e-01
1.615999999999999936e-01
3.128000000000000225e-01
3.602000000000000202e-01
4.129999999999999782e-01
4.497999999999999776e-01
3.476000000000000201e-01
3.326000000000000068e-01
3.195999999999999952e-01
3.311999999999999944e-01
3.390000000000000235e-01
2.657999999999999807e-01
1.078000000000000069e-01
6.239999999999999714e-02
4.220000000000000140e-02
3.200000000000000067e-02
3.640000000000000180e-02
4.700000000000000011e-02
3.620000000000000301e-02
4.859999999999999737e-02
4.959999999999999826e-02
7.280000000000000360e-02
1.272000000000000075e-01
2.006000000000000005e-01
3.201999999999999846e-01
4.066000000000000170e-01
4.507999999999999785e-01
4.822000000000000175e-01
4.717999999999999972e-01
4.278000000000000136e-01
4.126000000000000223e-01
3.705999999999999850e-01
3.619999999999999885e-01
3.672000000000000264e-01
4.173999999999999932e-01
4.769999999999999796e-01
4.530000000000000138e-01
3.280000000000000138e-01
2.796000000000000152e-01
2.806000000000000161e-01
3.360000000000000209e-01
3.437999999999999945e-01
3.357999999999999874e-01
3.801999999999999824e-01
4.159999999999999809e-01
4.924000000000000044e-01
4.769999999999999796e-01
4.596000000000000085e-01
3.835999999999999965e-01
2.968000000000000083e-01
2.214000000000000135e-01
1.829999999999999960e-01
1.532000000000000028e-01
9.420000000000000595e-02
5.800000000000000294e-02
4.780000000000000221e-02
5.319999999999999729e-02
1.127999999999999975e-01
1.155999999999999944e-01
1.209999999999999964e-01
1.102000000000000063e-01
1.645999999999999963e-01
1.874000000000000110e-01
2.205999999999999905e-01
2.508000000000000229e-01
2.898000000000000020e-01
2.773999999999999799e-01
2.770000000000000240e-01
2.736000000000000099e-01
3.503999999999999893e-01
3.775999999999999912e-01
2.948000000000000065e-01
2.167999999999999927e-01
2.436000000000000110e-01
2.426000000000000101e-01
2.417999999999999872e-01
2.177999999999999936e-01
2.630000000000000115e-01
2.434000000000000052e-01
2.336000000000000021e-01
2.003999999999999948e-01
1.652000000000000135e-01
1.491999999999999993e-01
1.630000000000000060e-01
1.683999999999999941e-01
1.446000000000000063e-01
1.708000000000000074e-01
1.365999999999999992e-01
1.373999999999999944e-01
1.502000000000000002e-01
1.524000000000000077e-01
1.602000000000000091e-01
1.509999999999999953e-01
2.078000000000000125e-01
2.323999999999999955e-01
2.909999999999999809e-01
3.538000000000000034e-01
3.901999999999999913e-01
4.092000000000000082e-01
4.511999999999999900e-01
4.534000000000000252e-01
4.832000000000000184e-01
4.799999999999999822e-01
4.773999999999999910e-01
4.324000000000000066e-01
4.285999999999999810e-01
3.412000000000000033e-01
2.510000000000000009e-01
1.723999999999999977e-01
1.106000000000000039e-01
1.015999999999999959e-01
9.059999999999999998e-02
1.018000000000000016e-01
1.257999999999999952e-01
1.390000000000000124e-01
1.559999999999999998e-01
1.721999999999999920e-01
2.097999999999999865e-01
2.121999999999999997e-01
2.942000000000000171e-01
2.983999999999999986e-01
3.241999999999999882e-01
3.648000000000000131e-01
4.156000000000000250e-01
4.647999999999999909e-01
3.805999999999999939e-01
3.235999999999999988e-01
2.882000000000000117e-01
2.194000000000000117e-01
2.906000000000000250e-01
3.150000000000000022e-01
3.075999999999999845e-01
2.657999999999999807e-01
2.320000000000000118e-01
2.111999999999999988e-01
2.270000000000000073e-01
2.111999999999999988e-01
1.769999999999999907e-01
1.335999999999999965e-01
1.001999999999999974e-01
5.000000000000000278e-02
2.620000000000000107e-02
2.079999999999999905e-02
7.760000000000000231e-02
2.318000000000000060e-01
1.778000000000000136e-01
1.688000000000000056e-01
2.048000000000000098e-01
2.558000000000000274e-01
3.174000000000000155e-01
4.783999999999999919e-01
1.746000000000000052e-01
8.640000000000000457e-02
7.699999999999999900e-02
6.140000000000000319e-02
3.459999999999999881e-02
1.899999999999999953e-02
1.080000000000000057e-02
1.020000000000000073e-02
6.000000000000000125e-03
5.599999999999999943e-03
6.599999999999999964e-03
4.799999999999999580e-03
8.000000000000000167e-03
3.479999999999999760e-02
6.300000000000000044e-02
1.097999999999999948e-01
1.940000000000000058e-01
2.541999999999999815e-01
3.181999999999999829e-01
4.421999999999999820e-01
4.766000000000000236e-01
4.985999999999999877e-01
4.667999999999999927e-01
4.334000000000000075e-01
4.183999999999999941e-01
3.931999999999999940e-01
4.400000000000000022e-01
5.083999999999999631e-01
4.788000000000000034e-01
4.010000000000000231e-01
3.784000000000000141e-01
3.983999999999999764e-01
3.804000000000000159e-01
3.539999999999999813e-01
3.980000000000000204e-01
4.776000000000000245e-01
5.040000000000000036e-01
3.412000000000000033e-01
3.148000000000000242e-01
3.014000000000000012e-01
2.893999999999999906e-01
