1.665999999999999981e-01
1.055999999999999994e-01
6.479999999999999649e-02
1.297999999999999987e-01
4.388000000000000234e-01
1.854000000000000092e-01
1.154000000000000026e-01
1.330000000000000071e-01
1.852000000000000035e-01
3.423999999999999821e-01
2.676000000000000045e-01
2.475999999999999868e-01
3.237999999999999767e-01
2.230000000000000038e-01
3.993999999999999773e-01
3.811999999999999833e-01
3.694000000000000061e-01
4.789999999999999813e-01
3.483999999999999875e-01
2.091999999999999971e-01
2.273999999999999910e-01
2.283999999999999919e-01
2.525999999999999912e-01
1.607999999999999985e-01
6.740000000000000158e-02
4.000000000000000083e-02
2.019999999999999921e-02
1.600000000000000033e-02
5.720000000000000084e-02
4.657999999999999918e-01
3.565999999999999726e-01
1.113999999999999990e-01
7.159999999999999698e-02
2.194000000000000117e-01
3.761999999999999789e-01
4.727999999999999980e-01
4.662000000000000033e-01
4.117999999999999994e-01
3.811999999999999833e-01
3.914000000000000257e-01
4.729999999999999760e-01
4.772000000000000131e-01
4.723999999999999866e-01
4.852000000000000202e-01
4.884000000000000008e-01
4.069999999999999729e-01
1.516000000000000125e-01
4.213999999999999968e-01
4.338000000000000189e-01
2.099999999999999922e-01
9.840000000000000135e-02
3.254000000000000226e-01
4.060000000000000275e-01
4.384000000000000119e-01
1.935999999999999943e-01
2.259999999999999856e-02
2.620000000000000107e-02
3.699999999999999817e-02
9.719999999999999474e-02
1.454000000000000015e-01
1.396000000000000019e-01
1.905999999999999917e-01
1.436000000000000054e-01
2.691999999999999948e-01
8.840000000000000635e-02
1.120000000000000023e-01
1.303999999999999881e-01
2.973999999999999977e-01
3.572000000000000175e-01
2.772000000000000020e-01
2.674000000000000266e-01
2.531999999999999806e-01
1.829999999999999960e-01
1.019999999999999934e-01
1.171999999999999986e-01
2.386000000000000065e-01
4.032000000000000028e-01
4.470000000000000084e-01
3.439999999999999725e-01
3.174000000000000155e-01
3.361999999999999988e-01
3.840000000000000080e-01
4.818000000000000060e-01
3.089999999999999969e-01
7.799999999999999989e-02
1.602000000000000091e-01
3.069999999999999951e-01
3.613999999999999990e-01
1.703999999999999959e-01
1.315999999999999948e-01
3.579999999999999849e-02
4.019999999999999962e-02
1.497999999999999887e-01
4.763999999999999901e-01
4.043999999999999817e-01
2.918000000000000038e-01
2.452000000000000013e-01
1.373999999999999944e-01
9.959999999999999409e-02
8.580000000000000127e-02
1.255999999999999894e-01
2.723999999999999755e-01
4.400000000000000022e-01
4.455999999999999961e-01
3.012000000000000233e-01
5.020000000000000157e-02
2.100000000000000130e-02
1.720000000000000001e-02
2.740000000000000074e-02
6.199999999999999782e-03
2.239999999999999977e-02
1.270000000000000018e-01
2.836000000000000187e-01
4.002000000000000002e-01
2.530000000000000027e-01
7.259999999999999787e-02
9.400000000000000369e-03
4.580000000000000043e-02
4.159999999999999809e-02
3.860000000000000236e-02
5.739999999999999963e-02
8.599999999999999312e-02
6.279999999999999472e-02
4.080000000000000293e-02
3.020000000000000115e-02
5.160000000000000003e-02
2.295999999999999985e-01
3.549999999999999822e-01
3.340000000000000191e-01
4.358000000000000207e-01
4.607999999999999874e-01
3.321999999999999953e-01
2.631999999999999895e-01
2.587999999999999745e-01
4.570000000000000173e-01
4.126000000000000223e-01
4.460000000000000075e-02
7.019999999999999851e-02
2.528000000000000247e-01
4.073999999999999844e-01
2.726000000000000090e-01
3.573999999999999955e-01
4.809999999999999831e-01
4.818000000000000060e-01
4.106000000000000205e-01
3.589999999999999858e-01
2.621999999999999886e-01
2.204000000000000126e-01
1.842000000000000026e-01
2.079999999999999905e-01
2.162000000000000033e-01
2.421999999999999986e-01
4.680000000000000271e-01
2.348000000000000087e-01
2.001999999999999891e-01
2.528000000000000247e-01
2.156000000000000139e-01
1.721999999999999920e-01
6.800000000000000488e-02
1.170000000000000068e-01
6.300000000000000044e-02
1.102000000000000063e-01
1.232000000000000040e-01
3.200000000000000067e-02
4.059999999999999720e-02
5.360000000000000181e-02
1.161999999999999977e-01
1.703999999999999959e-01
1.801999999999999991e-01
1.784000000000000030e-01
1.272000000000000075e-01
3.936000000000000054e-01
2.654000000000000248e-01
3.161999999999999811e-01
3.503999999999999893e-01
4.597999999999999865e-01
4.361999999999999766e-01
4.046000000000000152e-01
3.376000000000000112e-01
1.111999999999999933e-01
2.139999999999999958e-01
1.066000000000000003e-01
1.958000000000000018e-01
3.351999999999999980e-01
2.647999999999999798e-01
1.350000000000000089e-01
3.699999999999999817e-02
5.140000000000000124e-02
9.400000000000000022e-02
1.741999999999999937e-01
1.728000000000000091e-01
3.370000000000000218e-01
4.050000000000000266e-01
4.934000000000000052e-01
4.193999999999999950e-01
4.593999999999999750e-01
3.529999999999999805e-01
4.030000000000000249e-01
4.514000000000000234e-01
4.544000000000000261e-01
4.838000000000000078e-01
7.639999999999999569e-02
4.420000000000000318e-02
6.239999999999999714e-02
7.779999999999999416e-02
6.260000000000000286e-02
7.080000000000000182e-02
6.300000000000000044e-02
1.194000000000000061e-01
3.062000000000000277e-01
3.483999999999999875e-01
4.450000000000000067e-01
4.756000000000000227e-01
4.384000000000000119e-01
2.584000000000000186e-01
3.290000000000000147e-01
4.470000000000000084e-01
4.809999999999999831e-01
4.269999999999999907e-01
3.436000000000000165e-01
5.639999999999999875e-02
2.740000000000000074e-02
2.179999999999999993e-02
1.919999999999999832e-02
4.839999999999999858e-02
1.756000000000000061e-01
3.105999999999999872e-01
3.479999999999999760e-01
1.985999999999999988e-01
1.981999999999999873e-01
1.335999999999999965e-01
2.174000000000000099e-01
1.995999999999999996e-01
2.146000000000000130e-01
2.394000000000000017e-01
1.993999999999999939e-01
1.456000000000000072e-01
3.089999999999999969e-01
3.980000000000000204e-01
3.598000000000000087e-01
3.946000000000000063e-01
5.011999999999999789e-01
4.218000000000000083e-01
4.617999999999999883e-01
4.455999999999999961e-01
3.808000000000000274e-01
3.479999999999999760e-01
3.380000000000000226e-01
2.417999999999999872e-01
4.593999999999999750e-01
2.948000000000000065e-01
2.217999999999999972e-01
3.346000000000000085e-01
4.965999999999999859e-01
1.855999999999999872e-01
5.840000000000000052e-02
6.379999999999999560e-02
5.759999999999999842e-02
3.020000000000000115e-02
4.660000000000000253e-02
1.480000000000000066e-02
6.799999999999999621e-03
1.179999999999999973e-02
8.600000000000000006e-03
5.799999999999999600e-03
8.600000000000000006e-03
6.000000000000000125e-03
1.600000000000000077e-03
1.959999999999999937e-02
7.299999999999999545e-02
1.620000000000000051e-01
1.625999999999999945e-01
5.099999999999999672e-02
2.560000000000000123e-02
1.280000000000000061e-02
7.599999999999999985e-03
7.400000000000000328e-03
1.799999999999999864e-02
3.960000000000000325e-02
3.119999999999999857e-02
2.220000000000000098e-02
1.379999999999999977e-02
1.039999999999999952e-02
2.879999999999999921e-02
1.420000000000000082e-02
1.299999999999999940e-02
1.959999999999999937e-02
1.628000000000000003e-01
3.168000000000000260e-01
2.600000000000000089e-01
3.556000000000000272e-01
4.742000000000000104e-01
3.260000000000000120e-01
2.656000000000000028e-01
3.558000000000000052e-01
1.751999999999999946e-01
4.981999999999999762e-01
4.852000000000000202e-01
4.106000000000000205e-01
3.774000000000000132e-01
1.265999999999999903e-01
3.940000000000000169e-01
4.374000000000000110e-01
4.571999999999999953e-01
4.424000000000000155e-01
2.783999999999999808e-01
3.479999999999999760e-01
4.561999999999999944e-01
4.537999999999999812e-01
3.605999999999999761e-01
3.406000000000000139e-01
2.521999999999999797e-01
7.019999999999999851e-02
8.939999999999999336e-02
2.210000000000000020e-01
1.411999999999999922e-01
1.025999999999999968e-01
3.679999999999999938e-02
4.460000000000000075e-02
9.619999999999999385e-02
1.716000000000000025e-01
2.091999999999999971e-01
2.701999999999999957e-01
9.400000000000000022e-02
2.939999999999999905e-02
3.359999999999999792e-02
1.902000000000000079e-01
3.499999999999999778e-01
4.225999999999999757e-01
3.881999999999999895e-01
1.913999999999999868e-01
6.079999999999999988e-02
7.620000000000000384e-02
1.535999999999999865e-01
8.599999999999999312e-02
2.028000000000000080e-01
4.808000000000000052e-01
4.796000000000000263e-01
4.925999999999999823e-01
3.519999999999999796e-01
2.687999999999999834e-01
2.290000000000000091e-01
1.736000000000000043e-01
1.403999999999999970e-01
1.920000000000000040e-01
2.152000000000000024e-01
2.952000000000000179e-01
4.587999999999999856e-01
3.704000000000000070e-01
1.990000000000000102e-01
3.467999999999999972e-01
2.597999999999999754e-01
3.140000000000000013e-01
4.865999999999999770e-01
3.164000000000000146e-01
3.904000000000000248e-01
5.006000000000000449e-01
4.823999999999999955e-01
2.972000000000000197e-01
6.019999999999999657e-02
1.899999999999999953e-02
1.159999999999999920e-02
4.120000000000000051e-02
1.145999999999999935e-01
4.719999999999999890e-02
1.039999999999999952e-02
1.140000000000000041e-02
1.619999999999999912e-02
4.479999999999999954e-02
1.068000000000000060e-01
1.087999999999999939e-01
2.300000000000000100e-01
2.681999999999999940e-01
2.730000000000000204e-01
1.884000000000000119e-01
4.173999999999999932e-01
4.166000000000000258e-01
3.371999999999999997e-01
3.930000000000000160e-01
3.602000000000000202e-01
4.969999999999999973e-01
2.926000000000000267e-01
3.277999999999999803e-01
3.558000000000000052e-01
4.223999999999999977e-01
4.556000000000000050e-01
1.786000000000000087e-01
1.613999999999999879e-01
4.783999999999999919e-01
4.959999999999999964e-01
3.931999999999999940e-01
2.371999999999999942e-01
2.013999999999999957e-01
4.843999999999999972e-01
4.107999999999999985e-01
4.305999999999999828e-01
4.023999999999999799e-01
3.977999999999999869e-01
4.365999999999999881e-01
1.464000000000000024e-01
5.299999999999999850e-02
6.539999999999999980e-02
6.759999999999999343e-02
6.160000000000000198e-02
7.779999999999999416e-02
3.215999999999999970e-01
1.409999999999999865e-01
4.511999999999999900e-01
4.540000000000000147e-01
2.615999999999999992e-01
1.168000000000000010e-01
1.799999999999999933e-01
1.103999999999999981e-01
2.295999999999999985e-01
3.392000000000000015e-01
3.556000000000000272e-01
3.323999999999999733e-01
4.062000000000000055e-01
4.713999999999999857e-01
4.719999999999999751e-01
3.966000000000000081e-01
4.985999999999999877e-01
4.082000000000000073e-01
3.194000000000000172e-01
3.896000000000000019e-01
4.414000000000000146e-01
4.076000000000000179e-01
2.021999999999999909e-01
1.862000000000000044e-01
1.236000000000000015e-01
3.839999999999999664e-02
1.134000000000000008e-01
8.840000000000000635e-02
1.494000000000000050e-01
1.685999999999999999e-01
2.182000000000000051e-01
2.119999999999999940e-01
3.181999999999999829e-01
3.861999999999999877e-01
3.987999999999999878e-01
4.646000000000000130e-01
4.673999999999999821e-01
4.052000000000000046e-01
2.886000000000000232e-01
1.995999999999999996e-01
1.376000000000000001e-01
7.699999999999999900e-02
4.580000000000000043e-02
3.479999999999999760e-02
3.323999999999999733e-01
2.551999999999999824e-01
2.953999999999999959e-01
4.945999999999999841e-01
1.079999999999999988e-01
2.659999999999999865e-02
2.199999999999999872e-02
6.840000000000000246e-02
1.439999999999999891e-01
3.679999999999999938e-02
5.820000000000000173e-02
9.859999999999999321e-02
1.198000000000000037e-01
5.999999999999999778e-02
1.600000000000000077e-03
1.000000000000000021e-02
6.400000000000000307e-03
1.000000000000000021e-03
2.399999999999999790e-03
1.199999999999999895e-03
2.000000000000000096e-04
1.060000000000000005e-02
5.260000000000000092e-02
3.400000000000000244e-02
2.195999999999999897e-01
4.032000000000000028e-01
4.440000000000000058e-01
3.081999999999999740e-01
2.223999999999999866e-01
1.487999999999999878e-01
1.902000000000000079e-01
3.184000000000000163e-01
3.778000000000000247e-01
3.039999999999999925e-01
2.311999999999999889e-01
4.195999999999999730e-01
4.951999999999999735e-01
3.785999999999999921e-01
3.346000000000000085e-01
3.467999999999999972e-01
3.266000000000000014e-01
2.016000000000000014e-01
5.879999999999999810e-02
5.999999999999999474e-04
5.799999999999999600e-03
2.999999999999999889e-02
1.439999999999999961e-02
3.330000000000000182e-01
1.749999999999999889e-01
1.486000000000000099e-01
3.956000000000000072e-01
4.520000000000000129e-01
3.512000000000000122e-01
3.168000000000000260e-01
3.901999999999999913e-01
4.484000000000000208e-01
4.047999999999999932e-01
1.255999999999999894e-01
1.330000000000000071e-01
2.222000000000000086e-01
4.567999999999999838e-01
2.627999999999999781e-01
3.135999999999999899e-01
1.255999999999999894e-01
1.045999999999999985e-01
4.265999999999999792e-01
1.935999999999999943e-01
2.120000000000000009e-02
2.321999999999999897e-01
3.618000000000000105e-01
3.522000000000000131e-01
9.800000000000000377e-02
2.197999999999999954e-01
1.038000000000000034e-01
7.080000000000000182e-02
6.719999999999999585e-02
2.827999999999999958e-01
4.006000000000000116e-01
3.373999999999999777e-01
4.375999999999999890e-01
4.862000000000000210e-01
4.053999999999999826e-01
4.136000000000000232e-01
4.918000000000000149e-01
4.541999999999999926e-01
1.743999999999999995e-01
2.318000000000000060e-01
1.099999999999999936e-02
1.140000000000000041e-02
1.315999999999999948e-01
2.003999999999999948e-01
7.480000000000000537e-02
9.859999999999999321e-02
2.440000000000000155e-02
1.460000000000000013e-02
4.240000000000000019e-02
2.127999999999999892e-01
2.159999999999999976e-01
2.424000000000000044e-01
4.428000000000000269e-01
5.016000000000000458e-01
3.367999999999999883e-01
2.253999999999999893e-01
1.147999999999999993e-01
2.829999999999999738e-01
2.109999999999999931e-01
4.842000000000000193e-01
1.807999999999999885e-01
2.338000000000000078e-01
3.234000000000000208e-01
1.820000000000000090e-02
2.707999999999999852e-01
2.000000000000000042e-02
8.600000000000000006e-03
5.799999999999999600e-03
8.000000000000000167e-03
1.642000000000000126e-01
4.803999999999999937e-01
4.848000000000000087e-01
4.302000000000000268e-01
4.941999999999999726e-01
2.746000000000000107e-01
2.278000000000000025e-01
3.397999999999999909e-01
2.200000000000000011e-01
2.819999999999999937e-02
4.200000000000000261e-02
1.935999999999999943e-01
2.204000000000000126e-01
2.059999999999999887e-01
2.109999999999999931e-01
1.376000000000000001e-01
1.756000000000000061e-01
3.927999999999999825e-01
3.901999999999999913e-01
2.796000000000000152e-01
1.913999999999999868e-01
1.178000000000000019e-01
1.648000000000000020e-01
3.148000000000000242e-01
4.699999999999999734e-01
2.346000000000000030e-01
2.446000000000000119e-01
3.221999999999999864e-01
4.494000000000000217e-01
2.912000000000000144e-01
5.940000000000000141e-02
5.000000000000000104e-03
1.359999999999999924e-02
2.960000000000000131e-02
2.639999999999999986e-02
2.999999999999999889e-02
2.489999999999999991e-01
7.380000000000000449e-02
3.479999999999999760e-01
3.477999999999999980e-01
4.132000000000000117e-01
3.967999999999999861e-01
4.033999999999999808e-01
3.628000000000000114e-01
2.520000000000000018e-02
3.139999999999999736e-02
1.720000000000000001e-02
1.199999999999999895e-03
1.633999999999999897e-01
3.658000000000000140e-01
3.794000000000000150e-01
2.477999999999999925e-01
2.839999999999999747e-01
3.874000000000000221e-01
4.878000000000000114e-01
3.044000000000000039e-01
3.688000000000000167e-01
4.331999999999999740e-01
4.284000000000000030e-01
2.504000000000000115e-01
2.959999999999999853e-01
2.656000000000000028e-01
2.127999999999999892e-01
2.059999999999999887e-01
2.268000000000000016e-01
2.899999999999999800e-01
3.559999999999999831e-01
4.865999999999999770e-01
3.492000000000000104e-01
4.593999999999999750e-01
2.137999999999999901e-01
2.528000000000000247e-01
4.773999999999999910e-01
2.933999999999999941e-01
6.079999999999999988e-02
1.275999999999999912e-01
1.619999999999999912e-02
1.092000000000000054e-01
4.772000000000000131e-01
7.420000000000000207e-02
4.599999999999999922e-03
4.299999999999999656e-02
2.467999999999999916e-01
3.339999999999999913e-02
4.739999999999999769e-02
2.985999999999999766e-01
4.368000000000000216e-01
3.628000000000000114e-01
8.939999999999999336e-02
2.359999999999999876e-01
3.619999999999999885e-01
2.906000000000000250e-01
4.507999999999999785e-01
4.938000000000000167e-01
3.907999999999999807e-01
4.178000000000000047e-01
4.616000000000000103e-01
4.813999999999999946e-01
4.713999999999999857e-01
3.814000000000000168e-01
4.218000000000000083e-01
3.301999999999999935e-01
2.943999999999999950e-01
2.538000000000000256e-01
1.102000000000000063e-01
4.319999999999999951e-01
4.912000000000000255e-01
1.751999999999999946e-01
3.477999999999999980e-01
2.922000000000000153e-01
1.963999999999999913e-01
3.698000000000000176e-01
3.764000000000000123e-01
2.521999999999999797e-01
3.439999999999999725e-01
4.732000000000000095e-01
2.369999999999999885e-01
2.750000000000000222e-01
6.579999999999999738e-02
2.560000000000000123e-02
3.699999999999999817e-02
2.169999999999999984e-01
2.565999999999999948e-01
3.780000000000000027e-01
4.677999999999999936e-01
4.733999999999999875e-01
4.742000000000000104e-01
2.621999999999999886e-01
0.000000000000000000e+00
2.799999999999999972e-03
8.980000000000000482e-02
3.920000000000000151e-01
3.144000000000000128e-01
3.801999999999999824e-01
3.835999999999999965e-01
4.052000000000000046e-01
3.549999999999999822e-01
1.307999999999999996e-01
1.123999999999999999e-01
1.116000000000000048e-01
7.199999999999999803e-03
5.439999999999999697e-02
4.440000000000000197e-02
2.359999999999999945e-02
5.040000000000000036e-02
1.018000000000000016e-01
3.044000000000000039e-01
1.154000000000000026e-01
2.680000000000000160e-01
2.558000000000000274e-01
4.056000000000000161e-01
3.442000000000000060e-01
4.803999999999999937e-01
4.739999999999999769e-01
4.052000000000000046e-01
1.390000000000000124e-01
5.399999999999999939e-02
2.288000000000000034e-01
4.610000000000000209e-01
3.568000000000000060e-01
3.250000000000000111e-01
1.769999999999999907e-01
3.967999999999999861e-01
1.865999999999999881e-01
2.018000000000000071e-01
3.644000000000000017e-01
4.093999999999999861e-01
3.353999999999999759e-01
4.182000000000000162e-01
3.845999999999999974e-01
3.071999999999999731e-01
2.985999999999999766e-01
3.270000000000000129e-01
4.621999999999999997e-01
3.145999999999999908e-01
4.556000000000000050e-01
4.279999999999999916e-01
4.613999999999999768e-01
4.892000000000000237e-01
3.012000000000000233e-01
3.111999999999999766e-01
3.901999999999999913e-01
1.799999999999999933e-01
5.013999999999999568e-01
3.864000000000000212e-01
1.764000000000000012e-01
2.807999999999999940e-01
3.947999999999999843e-01
4.541999999999999926e-01
4.677999999999999936e-01
4.573999999999999733e-01
3.168000000000000260e-01
3.800000000000000044e-01
9.199999999999999845e-02
9.959999999999999409e-02
7.799999999999999989e-02
1.738000000000000100e-01
5.053999999999999604e-01
1.378000000000000058e-01
4.934000000000000052e-01
2.767999999999999905e-01
4.099999999999999756e-01
4.580000000000000043e-02
1.980000000000000163e-02
1.069999999999999979e-01
4.324000000000000066e-01
2.505999999999999894e-01
3.755999999999999894e-01
1.545999999999999874e-01
4.116000000000000214e-01
1.208000000000000046e-01
1.789999999999999925e-01
1.147999999999999993e-01
4.949999999999999956e-01
4.516000000000000014e-01
2.086000000000000076e-01
3.520000000000000212e-02
2.400000000000000050e-02
8.000000000000000383e-04
2.000000000000000042e-03
1.400000000000000029e-02
9.679999999999999716e-02
1.499999999999999944e-01
1.668000000000000038e-01
1.019999999999999934e-01
1.638000000000000012e-01
2.973999999999999977e-01
4.772000000000000131e-01
5.023999999999999577e-01
3.864000000000000212e-01
3.054000000000000048e-01
1.580000000000000016e-01
5.639999999999999875e-02
1.559999999999999928e-02
2.319999999999999840e-02
1.058000000000000052e-01
3.108000000000000207e-01
2.763999999999999790e-01
6.180000000000000077e-02
2.680000000000000090e-02
3.799999999999999906e-02
7.399999999999999634e-02
8.079999999999999682e-02
1.107999999999999957e-01
1.776000000000000079e-01
3.539999999999999813e-01
4.865999999999999770e-01
4.971999999999999753e-01
4.411999999999999811e-01
4.139999999999999791e-01
2.144000000000000072e-01
3.645999999999999797e-01
4.806000000000000272e-01
4.030000000000000249e-01
3.194000000000000172e-01
4.858000000000000096e-01
1.380000000000000115e-01
1.797999999999999876e-01
2.401999999999999968e-01
2.620000000000000107e-02
1.220000000000000077e-02
2.799999999999999972e-03
1.679999999999999896e-02
2.400000000000000050e-02
4.379999999999999866e-02
4.199999999999999740e-03
4.000000000000000192e-04
1.199999999999999895e-03
1.919999999999999832e-02
1.202000000000000013e-01
2.913999999999999924e-01
3.453999999999999848e-01
4.912000000000000255e-01
4.136000000000000232e-01
2.832000000000000073e-01
1.310000000000000053e-01
3.939999999999999752e-02
2.120000000000000009e-02
5.759999999999999842e-02
1.441999999999999948e-01
3.138000000000000234e-01
4.441999999999999837e-01
4.537999999999999812e-01
4.259999999999999898e-01
3.154000000000000137e-01
1.469999999999999918e-01
