2.245999999999999941e-01
9.160000000000000087e-02
2.245999999999999941e-01
1.796000000000000096e-01
1.985999999999999988e-01
2.462000000000000022e-01
1.703999999999999959e-01
4.228000000000000091e-01
1.927999999999999992e-01
3.111999999999999766e-01
7.520000000000000295e-02
9.420000000000000595e-02
1.069999999999999979e-01
1.042000000000000010e-01
8.699999999999999400e-02
1.076000000000000012e-01
1.980000000000000093e-01
3.629999999999999893e-01
4.823999999999999955e-01
2.013999999999999957e-01
1.145999999999999935e-01
1.995999999999999996e-01
4.339999999999999969e-01
1.678000000000000047e-01
1.008000000000000007e-01
1.059999999999999970e-01
3.542000000000000148e-01
2.030000000000000138e-01
1.499999999999999944e-01
2.899999999999999800e-01
2.856000000000000205e-01
3.158000000000000251e-01
4.879999999999999893e-01
3.821999999999999842e-01
4.082000000000000073e-01
3.900000000000000133e-01
4.258000000000000118e-01
4.312000000000000277e-01
4.012000000000000011e-01
1.393999999999999961e-01
3.970000000000000195e-01
4.229999999999999871e-01
3.062000000000000277e-01
1.748000000000000109e-01
1.121999999999999942e-01
2.716000000000000081e-01
4.192000000000000171e-01
3.645999999999999797e-01
2.030000000000000138e-01
2.631999999999999895e-01
2.446000000000000119e-01
3.264000000000000234e-01
4.017999999999999905e-01
1.822000000000000008e-01
6.679999999999999827e-02
3.339999999999999913e-02
3.320000000000000034e-02
1.938000000000000000e-01
2.036000000000000032e-01
1.865999999999999881e-01
3.437999999999999945e-01
4.556000000000000050e-01
4.408000000000000251e-01
4.501999999999999891e-01
3.380000000000000226e-01
2.843999999999999861e-01
3.871999999999999886e-01
4.546000000000000041e-01
2.611999999999999877e-01
1.136000000000000065e-01
5.680000000000000326e-02
1.093999999999999972e-01
4.660000000000000253e-02
7.480000000000000537e-02
1.701999999999999902e-01
4.650000000000000244e-01
2.109999999999999931e-01
2.636000000000000010e-01
4.143999999999999906e-01
2.501999999999999780e-01
3.247999999999999776e-01
4.454000000000000181e-01
4.455999999999999961e-01
4.686000000000000165e-01
2.982000000000000206e-01
2.998000000000000109e-01
1.188000000000000028e-01
3.219999999999999946e-02
6.799999999999999621e-03
1.799999999999999951e-03
6.799999999999999621e-03
1.044000000000000067e-01
6.819999999999999674e-02
9.940000000000000224e-02
1.461999999999999966e-01
1.509999999999999953e-01
2.099999999999999922e-01
2.081999999999999962e-01
2.495999999999999885e-01
4.063999999999999835e-01
4.567999999999999838e-01
3.225999999999999979e-01
5.056000000000000494e-01
4.465999999999999970e-01
1.943999999999999895e-01
3.357999999999999874e-01
7.439999999999999392e-02
8.519999999999999796e-02
1.136000000000000065e-01
9.120000000000000329e-02
1.409999999999999865e-01
1.650000000000000078e-01
2.240000000000000047e-01
2.776000000000000134e-01
2.696000000000000063e-01
3.452000000000000068e-01
4.524000000000000243e-01
4.968000000000000194e-01
4.152000000000000135e-01
2.793999999999999817e-01
2.137999999999999901e-01
2.230000000000000038e-01
2.351999999999999924e-01
3.701999999999999735e-01
2.903999999999999915e-01
2.172000000000000042e-01
1.836000000000000132e-01
3.357999999999999874e-01
4.621999999999999997e-01
2.687999999999999834e-01
5.299999999999999850e-02
4.039999999999999841e-02
3.440000000000000002e-02
1.039999999999999952e-02
1.220000000000000077e-02
2.000000000000000042e-03
2.599999999999999881e-03
1.119999999999999989e-02
1.460000000000000013e-02
1.580000000000000154e-02
3.899999999999999994e-02
9.719999999999999474e-02
9.460000000000000353e-02
8.740000000000000546e-02
4.639999999999999680e-02
6.160000000000000198e-02
9.579999999999999627e-02
1.542000000000000037e-01
2.363999999999999990e-01
2.969999999999999862e-01
3.815999999999999948e-01
4.912000000000000255e-01
4.663999999999999813e-01
4.163999999999999924e-01
4.712000000000000077e-01
3.987999999999999878e-01
2.786000000000000143e-01
1.847999999999999921e-01
4.868000000000000105e-01
4.202000000000000179e-01
2.886000000000000232e-01
2.975999999999999757e-01
3.311999999999999944e-01
1.454000000000000015e-01
2.048000000000000098e-01
2.727999999999999869e-01
4.445999999999999952e-01
4.550000000000000155e-01
3.960000000000000187e-01
2.454000000000000070e-01
1.882000000000000062e-01
2.159999999999999976e-01
2.723999999999999755e-01
2.998000000000000109e-01
3.785999999999999921e-01
4.384000000000000119e-01
4.305999999999999828e-01
3.084000000000000075e-01
2.406000000000000083e-01
1.494000000000000050e-01
1.373999999999999944e-01
1.433999999999999997e-01
1.373999999999999944e-01
1.559999999999999998e-01
2.175999999999999879e-01
3.327999999999999847e-01
4.511999999999999900e-01
4.484000000000000208e-01
3.296000000000000041e-01
3.363999999999999768e-01
8.699999999999999400e-02
3.980000000000000204e-02
2.179999999999999993e-02
3.839999999999999664e-02
5.319999999999999729e-02
6.900000000000000577e-02
1.252000000000000057e-01
8.699999999999999400e-02
6.940000000000000335e-02
7.900000000000000078e-02
2.719999999999999848e-02
5.940000000000000141e-02
7.159999999999999698e-02
5.999999999999999778e-02
5.120000000000000245e-02
3.300000000000000155e-02
3.799999999999999906e-02
1.640000000000000138e-02
8.160000000000000586e-02
1.431999999999999940e-01
1.749999999999999889e-01
1.668000000000000038e-01
1.355999999999999983e-01
1.290000000000000036e-01
8.759999999999999731e-02
9.439999999999999780e-02
1.693999999999999950e-01
3.457999999999999963e-01
4.819999999999999840e-01
4.289999999999999925e-01
4.173999999999999932e-01
2.467999999999999916e-01
3.963999999999999746e-01
1.670000000000000095e-01
1.451999999999999957e-01
1.574000000000000121e-01
7.299999999999999545e-02
7.180000000000000271e-02
9.919999999999999651e-02
1.330000000000000071e-01
1.842000000000000026e-01
2.500000000000000000e-01
3.791999999999999815e-01
3.821999999999999842e-01
4.802000000000000157e-01
4.158000000000000029e-01
2.978000000000000091e-01
2.664000000000000257e-01
4.172000000000000153e-01
3.635999999999999788e-01
3.014000000000000012e-01
4.471999999999999864e-01
4.274000000000000021e-01
4.314000000000000057e-01
4.524000000000000243e-01
3.125999999999999890e-01
3.483999999999999875e-01
3.089999999999999969e-01
2.945999999999999730e-01
2.142000000000000015e-01
2.926000000000000267e-01
4.812000000000000166e-01
3.728000000000000203e-01
3.291999999999999926e-01
3.420000000000000262e-01
3.005999999999999783e-01
3.462000000000000077e-01
3.148000000000000242e-01
4.249999999999999889e-01
3.301999999999999935e-01
3.280000000000000138e-01
3.071999999999999731e-01
2.852000000000000091e-01
3.533999999999999919e-01
2.555999999999999939e-01
1.970000000000000084e-01
3.320000000000000173e-01
4.477999999999999758e-01
3.038000000000000145e-01
5.000000000000000000e-01
4.033999999999999808e-01
3.294000000000000261e-01
4.544000000000000261e-01
3.966000000000000081e-01
4.934000000000000052e-01
3.977999999999999869e-01
3.065999999999999837e-01
3.569999999999999840e-01
2.285999999999999976e-01
1.293999999999999873e-01
1.223999999999999949e-01
9.239999999999999603e-02
5.160000000000000003e-02
4.479999999999999954e-02
5.020000000000000157e-02
9.020000000000000240e-02
2.308000000000000052e-01
3.768000000000000238e-01
4.209999999999999853e-01
2.796000000000000152e-01
1.680000000000000104e-01
2.611999999999999877e-01
4.305999999999999828e-01
2.886000000000000232e-01
4.531999999999999917e-01
3.469999999999999751e-01
4.576000000000000068e-01
2.561999999999999833e-01
1.189999999999999947e-01
3.009999999999999898e-01
4.743999999999999884e-01
4.192000000000000171e-01
3.141999999999999793e-01
1.923999999999999877e-01
1.872000000000000053e-01
3.264000000000000234e-01
3.449999999999999734e-01
2.847999999999999976e-01
2.384000000000000008e-01
2.440000000000000155e-02
8.600000000000000006e-03
4.799999999999999580e-03
1.200000000000000025e-02
5.380000000000000060e-02
1.582000000000000073e-01
2.504000000000000115e-01
3.934000000000000274e-01
4.835999999999999743e-01
2.857999999999999985e-01
3.261999999999999900e-01
4.603999999999999759e-01
3.569999999999999840e-01
1.438000000000000111e-01
1.960000000000000075e-01
3.632000000000000228e-01
4.858000000000000096e-01
3.760000000000000009e-01
2.747999999999999887e-01
2.099999999999999922e-01
2.721999999999999975e-01
3.980000000000000204e-01
2.340000000000000135e-01
2.525999999999999912e-01
4.480000000000000093e-01
1.638000000000000012e-01
3.760000000000000009e-01
4.083999999999999853e-01
4.359999999999999987e-01
3.469999999999999751e-01
3.323999999999999733e-01
2.456000000000000127e-01
3.861999999999999877e-01
4.507999999999999785e-01
3.150000000000000022e-01
4.056000000000000161e-01
4.693999999999999839e-01
4.918000000000000149e-01
4.550000000000000155e-01
3.562000000000000166e-01
3.739999999999999991e-01
4.636000000000000121e-01
4.786000000000000254e-01
4.390000000000000013e-01
2.030000000000000138e-01
1.111999999999999933e-01
1.466000000000000081e-01
3.239999999999999825e-02
1.959999999999999937e-02
1.068000000000000060e-01
1.008000000000000007e-01
1.028000000000000025e-01
1.131999999999999951e-01
4.619999999999999801e-02
6.579999999999999738e-02
7.760000000000000231e-02
1.620000000000000051e-01
9.679999999999999716e-02
7.380000000000000449e-02
2.510000000000000009e-01
4.431999999999999829e-01
4.484000000000000208e-01
4.371999999999999775e-01
4.425999999999999934e-01
3.180000000000000049e-01
1.140000000000000041e-01
1.198000000000000037e-01
2.421999999999999986e-01
1.005999999999999950e-01
7.480000000000000537e-02
6.279999999999999472e-02
2.699999999999999969e-02
4.619999999999999801e-02
4.519999999999999712e-02
1.892000000000000071e-01
3.961999999999999966e-01
3.271999999999999909e-01
4.066000000000000170e-01
2.134000000000000064e-01
1.409999999999999865e-01
1.140000000000000041e-01
2.879999999999999782e-01
4.650000000000000244e-01
3.721999999999999753e-01
4.717999999999999972e-01
2.807999999999999940e-01
1.781999999999999973e-01
2.386000000000000065e-01
2.922000000000000153e-01
2.988000000000000100e-01
4.583999999999999742e-01
4.344000000000000083e-01
3.245999999999999996e-01
1.905999999999999917e-01
1.519999999999999962e-01
1.522000000000000020e-01
4.379999999999999866e-02
5.360000000000000181e-02
1.820000000000000090e-02
6.000000000000000125e-03
1.660000000000000017e-02
1.254000000000000115e-01
3.121999999999999775e-01
1.393999999999999961e-01
9.160000000000000087e-02
7.620000000000000384e-02
2.989999999999999880e-01
1.653999999999999915e-01
3.185999999999999943e-01
4.799999999999999822e-01
4.563999999999999724e-01
3.497999999999999998e-01
4.670000000000000262e-01
3.402000000000000024e-01
2.793999999999999817e-01
2.733999999999999764e-01
3.048000000000000154e-01
2.893999999999999906e-01
3.603999999999999981e-01
4.620000000000000218e-01
4.042000000000000037e-01
4.978000000000000203e-01
1.764000000000000012e-01
4.652000000000000024e-01
4.139999999999999791e-01
4.381999999999999784e-01
4.348000000000000198e-01
4.305999999999999828e-01
4.122000000000000108e-01
3.649999999999999911e-01
4.570000000000000173e-01
3.857999999999999763e-01
2.321999999999999897e-01
5.041999999999999815e-01
4.779999999999999805e-01
4.806000000000000272e-01
4.823999999999999955e-01
4.693999999999999839e-01
4.242000000000000215e-01
3.430000000000000271e-01
2.106000000000000094e-01
2.726000000000000090e-01
2.316000000000000003e-01
1.300000000000000044e-01
1.496000000000000107e-01
1.416000000000000036e-01
1.000000000000000021e-02
4.519999999999999712e-02
2.926000000000000267e-01
3.887999999999999790e-01
1.895999999999999908e-01
1.971999999999999864e-01
3.562000000000000166e-01
4.699999999999999734e-01
4.109999999999999765e-01
1.963999999999999913e-01
1.042000000000000010e-01
1.218000000000000055e-01
2.142000000000000015e-01
3.274000000000000243e-01
4.285999999999999810e-01
4.842000000000000193e-01
3.462000000000000077e-01
4.435999999999999943e-01
4.838000000000000078e-01
5.018000000000000238e-01
4.514000000000000234e-01
4.746000000000000218e-01
3.739999999999999991e-01
4.484000000000000208e-01
4.692000000000000060e-01
4.798000000000000043e-01
3.745999999999999885e-01
2.467999999999999916e-01
1.303999999999999881e-01
8.799999999999999489e-02
9.379999999999999449e-02
1.915999999999999925e-01
2.149999999999999967e-01
7.560000000000000053e-02
6.260000000000000286e-02
3.699999999999999817e-02
9.339999999999999691e-02
2.525999999999999912e-01
1.981999999999999873e-01
4.116000000000000214e-01
3.930000000000000160e-01
4.616000000000000103e-01
4.717999999999999972e-01
4.309999999999999942e-01
2.604000000000000203e-01
3.055999999999999828e-01
2.426000000000000101e-01
2.028000000000000080e-01
4.859999999999999737e-02
2.079999999999999905e-02
3.685999999999999832e-01
3.546000000000000263e-01
3.002000000000000224e-01
2.134000000000000064e-01
2.049999999999999878e-01
1.292000000000000093e-01
1.154000000000000026e-01
2.278000000000000025e-01
9.099999999999999756e-02
8.680000000000000215e-02
1.913999999999999868e-01
4.481999999999999873e-01
4.414000000000000146e-01
3.237999999999999767e-01
2.760000000000000231e-01
2.149999999999999967e-01
5.899999999999999689e-02
1.005999999999999950e-01
8.039999999999999925e-02
3.839999999999999664e-02
4.000000000000000083e-02
9.859999999999999321e-02
3.135999999999999899e-01
3.900000000000000133e-01
1.633999999999999897e-01
1.449999999999999900e-01
2.096000000000000085e-01
2.585999999999999965e-01
2.515999999999999903e-01
1.312000000000000111e-01
1.423999999999999988e-01
3.187999999999999723e-01
4.380000000000000004e-01
3.316000000000000059e-01
2.386000000000000065e-01
2.038000000000000089e-01
4.215999999999999748e-01
1.303999999999999881e-01
2.019999999999999921e-02
1.212000000000000022e-01
3.804000000000000159e-01
3.658000000000000140e-01
4.474000000000000199e-01
3.270000000000000129e-01
4.749999999999999778e-01
2.816000000000000170e-01
2.298000000000000043e-01
2.960000000000000131e-02
1.602000000000000091e-01
4.325999999999999845e-01
3.662000000000000255e-01
4.252000000000000224e-01
4.179999999999999827e-01
4.375999999999999890e-01
3.432000000000000051e-01
2.016000000000000014e-01
1.343999999999999917e-01
7.000000000000000666e-02
4.440000000000000197e-02
4.979999999999999705e-02
1.303999999999999881e-01
3.075999999999999845e-01
3.953999999999999737e-01
3.366000000000000103e-01
4.672000000000000042e-01
4.504000000000000226e-01
1.243999999999999967e-01
7.660000000000000142e-02
5.279999999999999971e-02
1.791999999999999982e-01
3.565999999999999726e-01
3.131999999999999784e-01
3.648000000000000131e-01
3.180000000000000188e-02
5.319999999999999729e-02
7.140000000000000513e-02
1.237999999999999934e-01
4.929999999999999938e-01
2.066000000000000059e-01
4.819999999999999979e-02
2.126000000000000112e-01
3.500000000000000333e-02
2.657999999999999807e-01
3.971999999999999975e-01
2.351999999999999924e-01
2.094000000000000028e-01
3.835999999999999965e-01
1.159999999999999920e-02
2.457999999999999907e-01
4.812000000000000166e-01
1.615999999999999936e-01
1.880000000000000004e-01
1.643999999999999906e-01
3.961999999999999966e-01
1.904000000000000137e-01
2.194000000000000117e-01
2.969999999999999862e-01
2.190000000000000002e-01
1.106000000000000039e-01
2.639999999999999986e-02
2.259999999999999856e-02
1.842000000000000026e-01
2.772000000000000020e-01
3.927999999999999825e-01
2.137999999999999901e-01
1.228000000000000064e-01
9.039999999999999425e-02
9.160000000000000087e-02
2.812000000000000055e-01
4.833999999999999964e-01
2.701999999999999957e-01
3.012000000000000233e-01
4.540000000000000147e-01
4.451999999999999846e-01
1.661999999999999866e-01
2.857999999999999985e-01
3.887999999999999790e-01
2.899999999999999800e-01
2.124000000000000055e-01
2.217999999999999972e-01
1.962000000000000133e-01
5.580000000000000238e-02
4.000000000000000192e-04
2.000000000000000096e-04
4.799999999999999580e-03
4.519999999999999712e-02
7.699999999999999900e-02
1.171999999999999986e-01
2.534000000000000141e-01
1.086000000000000021e-01
8.179999999999999771e-02
2.747999999999999887e-01
4.016000000000000125e-01
4.773999999999999910e-01
1.524000000000000077e-01
9.080000000000000571e-02
2.555999999999999939e-01
3.827999999999999736e-01
3.595999999999999752e-01
2.336000000000000021e-01
3.054000000000000048e-01
3.622000000000000219e-01
3.709999999999999964e-01
3.271999999999999909e-01
3.382000000000000006e-01
3.930000000000000160e-01
4.497999999999999776e-01
2.810000000000000275e-01
2.631999999999999895e-01
4.788000000000000034e-01
2.525999999999999912e-01
1.401999999999999913e-01
1.246000000000000024e-01
1.373999999999999944e-01
8.000000000000000383e-04
3.399999999999999811e-03
1.980000000000000163e-02
3.660000000000000059e-02
1.955999999999999961e-01
4.002000000000000002e-01
2.281999999999999862e-01
3.538000000000000034e-01
3.876000000000000001e-01
3.575999999999999734e-01
2.217999999999999972e-01
1.188000000000000028e-01
1.320000000000000062e-01
1.338000000000000023e-01
3.881999999999999895e-01
5.759999999999999842e-02
6.199999999999999956e-02
1.215999999999999998e-01
4.163999999999999924e-01
3.005999999999999783e-01
4.914000000000000035e-01
3.256000000000000005e-01
4.524000000000000243e-01
3.088000000000000189e-01
3.191999999999999837e-01
2.636000000000000010e-01
4.454000000000000181e-01
2.797999999999999932e-01
9.360000000000000264e-02
2.999999999999999889e-01
8.400000000000000522e-02
9.180000000000000659e-02
1.970000000000000084e-01
1.073999999999999955e-01
9.579999999999999627e-02
6.900000000000000577e-02
1.049999999999999961e-01
2.932000000000000162e-01
4.666000000000000147e-01
4.067999999999999949e-01
2.786000000000000143e-01
4.067999999999999949e-01
3.695999999999999841e-01
3.815999999999999948e-01
2.331999999999999906e-01
3.665999999999999814e-01
4.732000000000000095e-01
4.003999999999999782e-01
2.127999999999999892e-01
1.809999999999999942e-01
1.845999999999999863e-01
1.318000000000000005e-01
1.363999999999999935e-01
3.336000000000000076e-01
3.528000000000000025e-01
4.434000000000000163e-01
2.349999999999999867e-01
4.032000000000000028e-01
1.645999999999999963e-01
2.535999999999999921e-01
3.881999999999999895e-01
4.455999999999999961e-01
4.813999999999999946e-01
3.900000000000000133e-01
1.605999999999999928e-01
3.044000000000000039e-01
3.880000000000000115e-02
1.701999999999999902e-01
1.348000000000000032e-01
2.429999999999999938e-01
4.541999999999999926e-01
4.454000000000000181e-01
4.803999999999999937e-01
1.749999999999999889e-01
4.991999999999999771e-01
3.538000000000000034e-01
2.192000000000000060e-01
1.034000000000000058e-01
1.630000000000000060e-01
2.270000000000000073e-01
9.639999999999999958e-02
4.776000000000000245e-01
1.570000000000000007e-01
2.727999999999999869e-01
4.637999999999999901e-01
4.640000000000000235e-01
2.059999999999999887e-01
2.796000000000000152e-01
2.091999999999999971e-01
3.270000000000000129e-01
3.715999999999999859e-01
4.361999999999999766e-01
3.804000000000000159e-01
2.172000000000000042e-01
2.948000000000000065e-01
4.186000000000000276e-01
4.928000000000000158e-01
4.128000000000000003e-01
8.359999999999999376e-02
4.199999999999999740e-03
6.799999999999999621e-03
5.279999999999999971e-02
4.220000000000000140e-02
1.184000000000000052e-01
4.159999999999999809e-01
1.836000000000000132e-01
6.800000000000000488e-02
5.879999999999999810e-02
7.499999999999999722e-02
9.400000000000000369e-03
8.880000000000000393e-02
1.834000000000000075e-01
1.466000000000000081e-01
4.709999999999999742e-01
4.563999999999999724e-01
2.945999999999999730e-01
1.920000000000000040e-01
1.749999999999999889e-01
1.353999999999999926e-01
1.890000000000000013e-01
2.624000000000000221e-01
3.559999999999999831e-01
3.310000000000000164e-01
4.304000000000000048e-01
4.153999999999999915e-01
2.341999999999999915e-01
2.124000000000000055e-01
1.456000000000000072e-01
1.519999999999999962e-01
2.184000000000000108e-01
2.091999999999999971e-01
2.076000000000000068e-01
4.597999999999999865e-01
4.133999999999999897e-01
4.938000000000000167e-01
4.573999999999999733e-01
3.655999999999999805e-01
2.624000000000000221e-01
4.146000000000000241e-01
5.439999999999999697e-02
8.079999999999999682e-02
8.820000000000000062e-02
7.900000000000000078e-02
2.508000000000000229e-01
3.906000000000000028e-01
2.459999999999999964e-01
6.239999999999999714e-02
1.554000000000000103e-01
1.361999999999999877e-01
1.506000000000000116e-01
1.333999999999999908e-01
1.807999999999999885e-01
2.561999999999999833e-01
2.690000000000000169e-01
2.993999999999999995e-01
2.787999999999999923e-01
3.705999999999999850e-01
2.641999999999999904e-01
1.383999999999999952e-01
2.494000000000000106e-01
4.268000000000000127e-01
2.617999999999999772e-01
2.371999999999999942e-01
3.678000000000000158e-01
3.108000000000000207e-01
1.748000000000000109e-01
1.826000000000000123e-01
1.454000000000000015e-01
1.716000000000000025e-01
3.390000000000000235e-01
3.350000000000000200e-01
2.942000000000000171e-01
4.375999999999999890e-01
2.716000000000000081e-01
1.526000000000000134e-01
2.137999999999999901e-01
1.116000000000000048e-01
8.160000000000000586e-02
5.979999999999999899e-02
8.799999999999999489e-02
2.235999999999999932e-01
3.986000000000000099e-01
3.399999999999999811e-03
2.000000000000000042e-03
4.000000000000000192e-04
2.419999999999999929e-02
2.293999999999999928e-01
4.958000000000000185e-01
3.635999999999999788e-01
4.030000000000000249e-01
2.139999999999999958e-01
1.603999999999999870e-01
