3.320000000000000173e-01
2.601999999999999869e-01
3.310000000000000164e-01
3.629999999999999893e-01
4.677999999999999936e-01
4.428000000000000269e-01
4.941999999999999726e-01
4.965999999999999859e-01
4.205999999999999739e-01
4.042000000000000037e-01
3.260000000000000120e-01
2.753999999999999782e-01
1.902000000000000079e-01
1.829999999999999960e-01
1.287999999999999978e-01
1.322000000000000119e-01
1.275999999999999912e-01
1.544000000000000095e-01
2.349999999999999867e-01
2.932000000000000162e-01
4.405999999999999917e-01
4.773999999999999910e-01
3.538000000000000034e-01
3.483999999999999875e-01
4.577999999999999847e-01
4.309999999999999942e-01
4.845999999999999752e-01
3.983999999999999764e-01
3.897999999999999798e-01
4.524000000000000243e-01
4.243999999999999995e-01
4.076000000000000179e-01
4.504000000000000226e-01
4.418000000000000260e-01
4.621999999999999997e-01
4.642000000000000015e-01
4.179999999999999827e-01
3.121999999999999775e-01
2.245999999999999941e-01
2.270000000000000073e-01
2.601999999999999869e-01
2.384000000000000008e-01
3.422000000000000042e-01
4.359999999999999987e-01
4.454000000000000181e-01
4.026000000000000134e-01
4.434000000000000163e-01
3.628000000000000114e-01
2.300000000000000100e-01
3.028000000000000136e-01
2.508000000000000229e-01
2.607999999999999763e-01
2.963999999999999968e-01
2.531999999999999806e-01
1.973999999999999921e-01
1.701999999999999902e-01
1.824000000000000066e-01
2.359999999999999876e-01
2.945999999999999730e-01
3.649999999999999911e-01
4.173999999999999932e-01
3.134000000000000119e-01
2.485999999999999877e-01
2.043999999999999984e-01
1.703999999999999959e-01
1.539999999999999980e-01
1.675999999999999990e-01
1.343999999999999917e-01
1.486000000000000099e-01
1.756000000000000061e-01
1.685999999999999999e-01
2.396000000000000074e-01
3.678000000000000158e-01
3.765999999999999903e-01
4.540000000000000147e-01
4.305999999999999828e-01
4.195999999999999730e-01
3.573999999999999955e-01
4.087999999999999967e-01
3.744000000000000106e-01
4.516000000000000014e-01
4.560000000000000164e-01
4.348000000000000198e-01
3.472000000000000086e-01
3.615999999999999770e-01
2.899999999999999800e-01
1.900000000000000022e-01
1.446000000000000063e-01
9.279999999999999361e-02
7.939999999999999836e-02
4.359999999999999987e-02
3.939999999999999752e-02
3.780000000000000027e-02
3.280000000000000276e-02
5.240000000000000213e-02
6.539999999999999980e-02
9.420000000000000595e-02
1.761999999999999955e-01
2.111999999999999988e-01
2.456000000000000127e-01
2.270000000000000073e-01
1.882000000000000062e-01
1.661999999999999866e-01
1.066000000000000003e-01
1.228000000000000064e-01
2.580000000000000071e-01
3.619999999999999885e-01
2.866000000000000214e-01
2.949999999999999845e-01
2.993999999999999995e-01
3.111999999999999766e-01
4.667999999999999927e-01
3.724000000000000088e-01
3.071999999999999731e-01
2.666000000000000036e-01
2.524000000000000132e-01
2.104000000000000037e-01
1.794000000000000039e-01
1.859999999999999987e-01
1.779999999999999916e-01
2.144000000000000072e-01
2.776000000000000134e-01
2.886000000000000232e-01
3.509999999999999787e-01
4.411999999999999811e-01
4.842000000000000193e-01
4.056000000000000161e-01
3.583999999999999964e-01
3.512000000000000122e-01
3.294000000000000261e-01
3.160000000000000031e-01
3.094000000000000083e-01
3.402000000000000024e-01
3.493999999999999884e-01
4.415999999999999925e-01
4.510000000000000120e-01
3.755999999999999894e-01
3.108000000000000207e-01
2.878000000000000003e-01
2.263999999999999901e-01
1.900000000000000022e-01
1.794000000000000039e-01
1.640000000000000069e-01
1.633999999999999897e-01
1.587999999999999967e-01
1.577999999999999958e-01
2.272000000000000131e-01
3.264000000000000234e-01
4.255999999999999783e-01
4.959999999999999964e-01
2.913999999999999924e-01
1.355999999999999983e-01
9.760000000000000620e-02
7.679999999999999327e-02
1.010000000000000064e-01
1.145999999999999935e-01
1.363999999999999935e-01
1.542000000000000037e-01
1.716000000000000025e-01
1.643999999999999906e-01
2.356000000000000039e-01
2.644000000000000239e-01
3.151999999999999802e-01
4.142000000000000126e-01
4.022000000000000020e-01
4.576000000000000068e-01
3.565999999999999726e-01
4.726000000000000201e-01
4.050000000000000266e-01
2.731999999999999984e-01
2.000000000000000111e-01
1.776000000000000079e-01
1.884000000000000119e-01
1.411999999999999922e-01
1.575999999999999901e-01
1.832000000000000017e-01
1.683999999999999941e-01
1.913999999999999868e-01
2.003999999999999948e-01
2.094000000000000028e-01
2.255999999999999950e-01
2.802000000000000046e-01
3.171999999999999820e-01
4.308000000000000163e-01
4.954000000000000070e-01
4.205999999999999739e-01
3.250000000000000111e-01
2.819999999999999729e-01
2.707999999999999852e-01
2.965999999999999748e-01
2.700000000000000178e-01
2.497999999999999943e-01
2.263999999999999901e-01
1.776000000000000079e-01
1.685999999999999999e-01
1.203999999999999931e-01
7.240000000000000602e-02
5.059999999999999915e-02
3.760000000000000148e-02
3.459999999999999881e-02
2.900000000000000147e-02
3.180000000000000188e-02
3.579999999999999849e-02
7.480000000000000537e-02
1.063999999999999946e-01
1.978000000000000036e-01
3.623999999999999999e-01
4.882000000000000228e-01
4.361999999999999766e-01
3.897999999999999798e-01
3.532000000000000139e-01
3.024000000000000021e-01
2.902000000000000135e-01
3.075999999999999845e-01
3.573999999999999955e-01
4.097999999999999976e-01
4.842000000000000193e-01
4.487999999999999767e-01
3.688000000000000167e-01
2.703999999999999737e-01
2.000000000000000111e-01
1.423999999999999988e-01
1.150000000000000050e-01
8.859999999999999820e-02
5.759999999999999842e-02
7.119999999999999940e-02
6.579999999999999738e-02
7.539999999999999480e-02
7.739999999999999658e-02
8.740000000000000546e-02
8.599999999999999312e-02
7.380000000000000449e-02
5.279999999999999971e-02
3.960000000000000325e-02
3.799999999999999906e-02
3.099999999999999978e-02
5.639999999999999875e-02
1.340000000000000080e-01
1.265999999999999903e-01
1.111999999999999933e-01
8.400000000000000522e-02
1.547999999999999932e-01
2.524000000000000132e-01
3.824000000000000177e-01
4.451999999999999846e-01
4.583999999999999742e-01
4.305999999999999828e-01
3.729999999999999982e-01
3.224000000000000199e-01
2.644000000000000239e-01
2.449999999999999956e-01
2.515999999999999903e-01
2.684000000000000274e-01
3.145999999999999908e-01
3.045999999999999819e-01
2.701999999999999957e-01
2.544000000000000150e-01
2.411999999999999977e-01
2.225999999999999923e-01
2.129999999999999949e-01
2.376000000000000056e-01
1.297999999999999987e-01
7.939999999999999836e-02
4.560000000000000164e-02
5.000000000000000278e-02
4.599999999999999922e-03
2.699999999999999969e-02
3.359999999999999792e-02
3.039999999999999994e-02
1.345999999999999974e-01
2.237999999999999989e-01
3.276000000000000023e-01
3.619999999999999885e-01
3.605999999999999761e-01
2.680000000000000160e-01
1.738000000000000100e-01
1.066000000000000003e-01
6.500000000000000222e-02
6.880000000000000004e-02
5.779999999999999721e-02
6.140000000000000319e-02
6.759999999999999343e-02
1.028000000000000025e-01
7.439999999999999392e-02
1.880000000000000074e-02
2.440000000000000155e-02
2.000000000000000042e-02
1.660000000000000017e-02
2.920000000000000026e-02
6.300000000000000044e-02
7.340000000000000691e-02
8.300000000000000433e-02
1.089999999999999997e-01
1.454000000000000015e-01
2.126000000000000112e-01
2.565999999999999948e-01
3.140000000000000013e-01
2.995999999999999774e-01
3.473999999999999866e-01
3.363999999999999768e-01
3.638000000000000123e-01
2.973999999999999977e-01
2.369999999999999885e-01
1.801999999999999991e-01
1.607999999999999985e-01
1.481999999999999984e-01
1.461999999999999966e-01
1.905999999999999917e-01
2.225999999999999923e-01
2.796000000000000152e-01
3.469999999999999751e-01
4.010000000000000231e-01
3.967999999999999861e-01
3.473999999999999866e-01
3.284000000000000252e-01
3.523999999999999910e-01
3.718000000000000194e-01
4.043999999999999817e-01
3.698000000000000176e-01
4.298000000000000154e-01
4.768000000000000016e-01
4.779999999999999805e-01
4.444000000000000172e-01
4.188000000000000056e-01
3.861999999999999877e-01
4.232000000000000206e-01
4.299999999999999933e-01
4.002000000000000002e-01
3.595999999999999752e-01
2.447999999999999898e-01
1.154000000000000026e-01
9.279999999999999361e-02
9.080000000000000571e-02
1.293999999999999873e-01
2.091999999999999971e-01
2.626000000000000001e-01
2.723999999999999755e-01
3.170000000000000040e-01
3.417999999999999927e-01
3.623999999999999999e-01
3.750000000000000000e-01
3.237999999999999767e-01
2.816000000000000170e-01
3.549999999999999822e-01
4.199999999999999845e-01
4.561999999999999944e-01
4.768000000000000016e-01
5.068000000000000282e-01
4.842000000000000193e-01
4.431999999999999829e-01
3.973999999999999755e-01
3.467999999999999972e-01
3.563999999999999946e-01
2.497999999999999943e-01
1.345999999999999974e-01
7.679999999999999327e-02
4.880000000000000310e-02
4.179999999999999688e-02
3.320000000000000034e-02
2.380000000000000171e-02
2.520000000000000018e-02
2.500000000000000139e-02
2.960000000000000131e-02
2.400000000000000050e-02
2.900000000000000147e-02
1.779999999999999985e-02
1.359999999999999924e-02
2.259999999999999856e-02
4.259999999999999898e-02
4.560000000000000164e-02
7.159999999999999698e-02
9.900000000000000466e-02
1.323999999999999899e-01
1.794000000000000039e-01
2.690000000000000169e-01
3.316000000000000059e-01
3.466000000000000192e-01
4.838000000000000078e-01
4.404000000000000137e-01
3.135999999999999899e-01
2.703999999999999737e-01
2.194000000000000117e-01
1.824000000000000066e-01
1.282000000000000084e-01
1.066000000000000003e-01
1.194000000000000061e-01
8.459999999999999465e-02
9.099999999999999756e-02
8.759999999999999731e-02
1.058000000000000052e-01
1.209999999999999964e-01
1.161999999999999977e-01
1.145999999999999935e-01
1.218000000000000055e-01
1.351999999999999869e-01
1.178000000000000019e-01
1.456000000000000072e-01
1.794000000000000039e-01
2.139999999999999958e-01
2.456000000000000127e-01
2.852000000000000091e-01
3.855999999999999983e-01
4.922000000000000264e-01
4.430000000000000049e-01
4.892000000000000237e-01
4.046000000000000152e-01
4.461999999999999855e-01
4.324000000000000066e-01
4.096000000000000196e-01
4.302000000000000268e-01
3.981999999999999984e-01
3.827999999999999736e-01
4.243999999999999995e-01
4.331999999999999740e-01
4.623999999999999777e-01
4.623999999999999777e-01
4.643999999999999795e-01
4.759999999999999787e-01
4.829999999999999849e-01
4.782000000000000139e-01
4.793999999999999928e-01
4.792000000000000148e-01
4.351999999999999758e-01
4.314000000000000057e-01
2.713999999999999746e-01
2.494000000000000106e-01
2.313999999999999946e-01
1.474000000000000032e-01
2.298000000000000043e-01
2.369999999999999885e-01
2.575999999999999956e-01
2.696000000000000063e-01
2.097999999999999865e-01
2.129999999999999949e-01
2.169999999999999984e-01
1.748000000000000109e-01
1.497999999999999887e-01
1.360000000000000098e-01
1.042000000000000010e-01
6.339999999999999802e-02
4.359999999999999987e-02
9.199999999999999845e-03
3.399999999999999811e-03
3.799999999999999992e-03
3.399999999999999811e-03
2.000000000000000042e-03
4.599999999999999922e-03
7.400000000000000328e-03
3.599999999999999728e-02
1.110000000000000014e-01
1.845999999999999863e-01
3.904000000000000248e-01
4.136000000000000232e-01
2.656000000000000028e-01
2.051999999999999935e-01
2.174000000000000099e-01
1.991999999999999882e-01
2.245999999999999941e-01
2.636000000000000010e-01
3.005999999999999783e-01
3.573999999999999955e-01
3.821999999999999842e-01
4.451999999999999846e-01
4.390000000000000013e-01
3.064000000000000057e-01
2.028000000000000080e-01
1.371999999999999886e-01
1.120000000000000023e-01
8.519999999999999796e-02
6.819999999999999674e-02
5.879999999999999810e-02
5.859999999999999931e-02
5.659999999999999754e-02
5.619999999999999996e-02
6.219999999999999835e-02
6.040000000000000230e-02
7.539999999999999480e-02
1.130000000000000032e-01
1.549999999999999989e-01
2.066000000000000059e-01
2.504000000000000115e-01
2.656000000000000028e-01
2.912000000000000144e-01
2.963999999999999968e-01
2.273999999999999910e-01
1.827999999999999903e-01
1.361999999999999877e-01
8.599999999999999312e-02
3.740000000000000269e-02
2.500000000000000139e-02
3.880000000000000115e-02
4.159999999999999809e-02
1.820000000000000090e-02
6.199999999999999782e-03
3.399999999999999811e-03
2.200000000000000133e-03
1.199999999999999895e-03
4.799999999999999580e-03
1.660000000000000017e-02
4.359999999999999987e-02
8.400000000000000522e-02
1.092000000000000054e-01
1.212000000000000022e-01
1.223999999999999949e-01
1.072000000000000036e-01
9.779999999999999805e-02
8.980000000000000482e-02
5.639999999999999875e-02
5.299999999999999850e-02
3.160000000000000309e-02
4.100000000000000172e-02
6.460000000000000464e-02
1.222000000000000031e-01
2.898000000000000020e-01
3.648000000000000131e-01
4.828000000000000069e-01
4.885999999999999788e-01
3.841999999999999860e-01
1.728000000000000091e-01
1.776000000000000079e-01
1.313999999999999890e-01
1.867999999999999938e-01
2.626000000000000001e-01
3.443999999999999839e-01
4.537999999999999812e-01
4.450000000000000067e-01
4.060000000000000275e-01
3.644000000000000017e-01
2.134000000000000064e-01
1.252000000000000057e-01
1.213999999999999940e-01
2.215999999999999914e-01
2.139999999999999958e-01
7.979999999999999594e-02
1.781999999999999973e-01
3.190000000000000058e-01
2.230000000000000038e-01
1.847999999999999921e-01
1.454000000000000015e-01
1.400000000000000133e-01
1.655999999999999972e-01
2.273999999999999910e-01
2.340000000000000135e-01
1.930000000000000049e-01
2.394000000000000017e-01
3.492000000000000104e-01
4.778000000000000025e-01
3.191999999999999837e-01
3.088000000000000189e-01
2.217999999999999972e-01
1.418000000000000094e-01
1.120000000000000023e-01
9.320000000000000506e-02
7.420000000000000207e-02
5.979999999999999899e-02
4.560000000000000164e-02
4.259999999999999898e-02
3.640000000000000180e-02
2.699999999999999969e-02
3.039999999999999994e-02
3.320000000000000034e-02
3.620000000000000301e-02
3.819999999999999785e-02
4.299999999999999656e-02
6.160000000000000198e-02
6.260000000000000286e-02
5.960000000000000020e-02
3.620000000000000301e-02
3.280000000000000276e-02
3.839999999999999664e-02
4.739999999999999769e-02
6.579999999999999738e-02
1.322000000000000119e-01
1.814000000000000057e-01
2.514000000000000123e-01
3.320000000000000173e-01
3.728000000000000203e-01
4.964000000000000079e-01
4.292000000000000259e-01
3.775999999999999912e-01
3.316000000000000059e-01
2.505999999999999894e-01
2.293999999999999928e-01
2.227999999999999980e-01
2.164000000000000090e-01
2.886000000000000232e-01
3.052000000000000268e-01
3.639999999999999902e-01
4.087999999999999967e-01
4.798000000000000043e-01
4.444000000000000172e-01
4.547999999999999821e-01
4.092000000000000082e-01
2.417999999999999872e-01
2.046000000000000041e-01
1.990000000000000102e-01
2.136000000000000121e-01
1.670000000000000095e-01
2.172000000000000042e-01
3.095999999999999863e-01
3.432000000000000051e-01
3.665999999999999814e-01
4.294000000000000039e-01
4.012000000000000011e-01
4.030000000000000249e-01
3.689999999999999947e-01
4.198000000000000065e-01
4.159999999999999809e-01
4.341999999999999749e-01
4.580000000000000182e-01
4.249999999999999889e-01
4.477999999999999758e-01
4.172000000000000153e-01
3.831999999999999851e-01
2.928000000000000047e-01
2.129999999999999949e-01
1.421999999999999931e-01
1.489999999999999936e-01
1.136000000000000065e-01
9.740000000000000047e-02
8.619999999999999885e-02
9.779999999999999805e-02
8.160000000000000586e-02
1.181999999999999995e-01
1.827999999999999903e-01
1.807999999999999885e-01
2.097999999999999865e-01
2.817999999999999949e-01
2.511999999999999789e-01
2.285999999999999976e-01
1.708000000000000074e-01
1.401999999999999913e-01
2.003999999999999948e-01
2.010000000000000120e-01
1.948000000000000009e-01
1.690000000000000113e-01
1.971999999999999864e-01
1.817999999999999894e-01
2.046000000000000041e-01
2.607999999999999763e-01
3.516000000000000236e-01
5.036000000000000476e-01
2.637999999999999790e-01
2.101999999999999980e-01
1.396000000000000019e-01
9.900000000000000466e-02
1.345999999999999974e-01
2.437999999999999889e-01
3.141999999999999793e-01
3.343999999999999750e-01
4.955999999999999850e-01
3.744000000000000106e-01
1.471999999999999975e-01
5.659999999999999754e-02
4.619999999999999801e-02
6.679999999999999827e-02
5.800000000000000294e-02
7.979999999999999594e-02
1.008000000000000007e-01
7.320000000000000118e-02
5.099999999999999672e-02
6.619999999999999496e-02
5.399999999999999939e-02
1.055999999999999994e-01
1.857999999999999929e-01
2.525999999999999912e-01
1.854000000000000092e-01
3.699999999999999817e-02
2.520000000000000018e-02
2.620000000000000107e-02
2.819999999999999937e-02
1.899999999999999953e-02
5.380000000000000060e-02
1.086000000000000021e-01
2.631999999999999895e-01
4.348000000000000198e-01
2.903999999999999915e-01
3.079999999999999960e-01
3.658000000000000140e-01
2.338000000000000078e-01
8.459999999999999465e-02
5.059999999999999915e-02
2.879999999999999921e-02
2.460000000000000034e-02
1.940000000000000058e-02
3.320000000000000034e-02
7.480000000000000537e-02
1.110000000000000014e-01
7.580000000000000626e-02
2.225999999999999923e-01
3.612000000000000210e-01
1.953999999999999904e-01
1.968000000000000027e-01
2.366000000000000048e-01
1.981999999999999873e-01
1.938000000000000000e-01
1.834000000000000075e-01
1.806000000000000105e-01
2.378000000000000114e-01
1.965999999999999970e-01
2.117999999999999883e-01
2.939999999999999836e-01
4.959999999999999964e-01
3.148000000000000242e-01
1.935999999999999943e-01
1.469999999999999918e-01
1.859999999999999987e-01
2.174000000000000099e-01
2.449999999999999956e-01
3.071999999999999731e-01
3.595999999999999752e-01
4.046000000000000152e-01
4.961999999999999744e-01
4.888000000000000123e-01
4.882000000000000228e-01
4.242000000000000215e-01
4.047999999999999932e-01
3.709999999999999964e-01
3.877999999999999781e-01
3.701999999999999735e-01
4.504000000000000226e-01
4.208000000000000074e-01
1.680000000000000104e-01
5.260000000000000092e-02
6.339999999999999802e-02
2.479999999999999913e-02
3.760000000000000148e-02
4.959999999999999826e-02
5.539999999999999786e-02
5.419999999999999818e-02
4.340000000000000108e-02
2.419999999999999929e-02
1.159999999999999920e-02
7.599999999999999985e-03
7.799999999999999642e-03
1.400000000000000029e-02
4.839999999999999858e-02
1.035999999999999976e-01
1.648000000000000020e-01
2.743999999999999773e-01
3.492000000000000104e-01
3.473999999999999866e-01
3.983999999999999764e-01
4.355999999999999872e-01
4.868000000000000105e-01
4.822000000000000175e-01
4.819999999999999840e-01
4.046000000000000152e-01
3.593999999999999972e-01
2.822000000000000064e-01
2.310000000000000109e-01
1.973999999999999921e-01
1.635999999999999954e-01
9.239999999999999603e-02
7.220000000000000029e-02
6.119999999999999746e-02
3.719999999999999696e-02
3.119999999999999857e-02
1.940000000000000058e-02
1.119999999999999989e-02
5.799999999999999600e-03
3.200000000000000153e-03
3.599999999999999901e-03
4.000000000000000083e-03
4.799999999999999580e-03
4.000000000000000083e-03
4.599999999999999922e-03
1.039999999999999952e-02
1.899999999999999953e-02
2.100000000000000130e-02
1.980000000000000163e-02
1.559999999999999928e-02
8.399999999999999481e-03
1.119999999999999989e-02
1.359999999999999924e-02
3.640000000000000180e-02
2.319999999999999840e-02
8.000000000000000167e-03
4.199999999999999740e-03
6.000000000000000125e-03
6.000000000000000125e-03
2.799999999999999972e-03
3.200000000000000153e-03
1.399999999999999986e-03
5.999999999999999474e-04
4.000000000000000192e-04
2.000000000000000096e-04
3.399999999999999811e-03
2.120000000000000009e-02
6.400000000000000133e-02
5.820000000000000173e-02
8.079999999999999682e-02
1.121999999999999942e-01
1.663999999999999924e-01
1.733999999999999986e-01
1.884000000000000119e-01
1.001999999999999974e-01
3.280000000000000276e-02
1.220000000000000077e-02
2.120000000000000009e-02
3.479999999999999760e-02
7.920000000000000651e-02
1.155999999999999944e-01
1.768000000000000127e-01
2.129999999999999949e-01
2.515999999999999903e-01
3.367999999999999883e-01
5.018000000000000238e-01
3.805999999999999939e-01
2.839999999999999747e-01
2.703999999999999737e-01
1.952000000000000124e-01
1.661999999999999866e-01
1.295999999999999930e-01
1.107999999999999957e-01
8.680000000000000215e-02
5.260000000000000092e-02
5.519999999999999907e-02
4.680000000000000132e-02
4.139999999999999930e-02
5.260000000000000092e-02
6.260000000000000286e-02
5.519999999999999907e-02
8.899999999999999578e-02
1.005999999999999950e-01
1.136000000000000065e-01
1.322000000000000119e-01
1.477999999999999869e-01
1.102000000000000063e-01
1.137999999999999984e-01
1.557999999999999940e-01
2.097999999999999865e-01
2.611999999999999877e-01
2.846000000000000196e-01
4.537999999999999812e-01
3.044000000000000039e-01
1.839999999999999969e-01
1.685999999999999999e-01
2.485999999999999877e-01
2.998000000000000109e-01
3.851999999999999869e-01
4.822000000000000175e-01
4.534000000000000252e-01
3.436000000000000165e-01
3.009999999999999898e-01
4.017999999999999905e-01
5.038000000000000256e-01
4.116000000000000214e-01
3.487999999999999989e-01
2.472000000000000031e-01
1.877999999999999947e-01
