2.777999999999999914e-01
2.253999999999999893e-01
2.134000000000000064e-01
2.677999999999999825e-01
3.456000000000000183e-01
3.977999999999999869e-01
3.674000000000000044e-01
3.519999999999999796e-01
3.827999999999999736e-01
4.268000000000000127e-01
4.138000000000000012e-01
4.806000000000000272e-01
4.918000000000000149e-01
4.929999999999999938e-01
4.454000000000000181e-01
3.837999999999999745e-01
3.628000000000000114e-01
2.746000000000000107e-01
4.611999999999999988e-01
4.183999999999999941e-01
2.505999999999999894e-01
1.663999999999999924e-01
1.226000000000000006e-01
8.379999999999999949e-02
7.040000000000000424e-02
5.539999999999999786e-02
3.640000000000000180e-02
4.179999999999999688e-02
4.200000000000000261e-02
5.480000000000000149e-02
5.160000000000000003e-02
4.819999999999999979e-02
4.039999999999999841e-02
3.320000000000000034e-02
2.740000000000000074e-02
4.819999999999999979e-02
6.800000000000000488e-02
1.008000000000000007e-01
1.597999999999999976e-01
2.126000000000000112e-01
2.462000000000000022e-01
3.054000000000000048e-01
4.782000000000000139e-01
4.106000000000000205e-01
3.506000000000000227e-01
3.257999999999999785e-01
3.831999999999999851e-01
4.385999999999999899e-01
4.693999999999999839e-01
4.819999999999999840e-01
4.274000000000000021e-01
3.886000000000000010e-01
3.583999999999999964e-01
2.857999999999999985e-01
2.879999999999999782e-01
3.158000000000000251e-01
3.443999999999999839e-01
4.803999999999999937e-01
3.234000000000000208e-01
2.152000000000000024e-01
1.678000000000000047e-01
3.118000000000000216e-01
3.714000000000000079e-01
3.469999999999999751e-01
2.674000000000000266e-01
2.376000000000000056e-01
2.827999999999999958e-01
2.416000000000000092e-01
2.068000000000000116e-01
1.396000000000000019e-01
8.100000000000000255e-02
8.039999999999999925e-02
1.218000000000000055e-01
2.010000000000000120e-01
2.540000000000000036e-01
3.148000000000000242e-01
3.337999999999999856e-01
3.135999999999999899e-01
2.969999999999999862e-01
3.516000000000000236e-01
4.954000000000000070e-01
4.935999999999999832e-01
4.259999999999999898e-01
3.785999999999999921e-01
2.945999999999999730e-01
3.443999999999999839e-01
3.973999999999999755e-01
4.672000000000000042e-01
4.929999999999999938e-01
4.143999999999999906e-01
4.527999999999999803e-01
3.477999999999999980e-01
3.357999999999999874e-01
3.135999999999999899e-01
3.094000000000000083e-01
3.373999999999999777e-01
4.430000000000000049e-01
3.734000000000000097e-01
3.205999999999999961e-01
3.887999999999999790e-01
4.431999999999999829e-01
4.653999999999999804e-01
4.954000000000000070e-01
4.769999999999999796e-01
4.889999999999999902e-01
4.587999999999999856e-01
2.195999999999999897e-01
8.640000000000000457e-02
9.679999999999999716e-02
9.059999999999999998e-02
9.779999999999999805e-02
9.400000000000000022e-02
9.979999999999999982e-02
1.151999999999999968e-01
1.393999999999999961e-01
1.275999999999999912e-01
1.844000000000000083e-01
2.106000000000000094e-01
1.602000000000000091e-01
1.487999999999999878e-01
7.939999999999999836e-02
3.180000000000000188e-02
1.619999999999999912e-02
2.699999999999999969e-02
3.459999999999999881e-02
4.979999999999999705e-02
8.619999999999999885e-02
1.194000000000000061e-01
1.178000000000000019e-01
1.103999999999999981e-01
1.015999999999999959e-01
9.539999999999999869e-02
1.066000000000000003e-01
1.140000000000000041e-01
1.643999999999999906e-01
2.262000000000000122e-01
2.419999999999999929e-01
2.504000000000000115e-01
4.862000000000000210e-01
2.972000000000000197e-01
4.832000000000000184e-01
3.578000000000000069e-01
3.357999999999999874e-01
4.245999999999999774e-01
4.676000000000000156e-01
4.670000000000000262e-01
5.043999999999999595e-01
4.576000000000000068e-01
4.717999999999999972e-01
4.971999999999999753e-01
4.238000000000000100e-01
4.696000000000000174e-01
4.716000000000000192e-01
4.766000000000000236e-01
4.971999999999999753e-01
4.813999999999999946e-01
3.523999999999999910e-01
2.928000000000000047e-01
2.011999999999999900e-01
1.524000000000000077e-01
1.287999999999999978e-01
1.168000000000000010e-01
1.489999999999999936e-01
1.532000000000000028e-01
1.612000000000000099e-01
2.129999999999999949e-01
2.561999999999999833e-01
3.487999999999999989e-01
3.790000000000000036e-01
4.742000000000000104e-01
4.626000000000000112e-01
4.793999999999999928e-01
4.243999999999999995e-01
3.931999999999999940e-01
3.947999999999999843e-01
2.965999999999999748e-01
1.784000000000000030e-01
1.179999999999999938e-01
5.059999999999999915e-02
4.100000000000000172e-02
1.480000000000000066e-02
1.340000000000000045e-02
1.220000000000000077e-02
8.600000000000000006e-03
1.559999999999999928e-02
1.660000000000000017e-02
1.899999999999999953e-02
1.499999999999999944e-02
9.199999999999999845e-03
6.400000000000000307e-03
1.439999999999999961e-02
1.460000000000000013e-02
2.699999999999999969e-02
2.759999999999999953e-02
4.519999999999999712e-02
4.680000000000000132e-02
5.340000000000000302e-02
4.739999999999999769e-02
5.739999999999999963e-02
5.920000000000000262e-02
5.680000000000000326e-02
9.520000000000000684e-02
1.140000000000000041e-01
1.353999999999999926e-01
2.300000000000000100e-01
3.144000000000000128e-01
3.784000000000000141e-01
3.052000000000000268e-01
1.706000000000000016e-01
7.359999999999999876e-02
1.080000000000000057e-02
7.199999999999999803e-03
5.199999999999999761e-03
3.599999999999999901e-03
1.760000000000000106e-02
5.600000000000000117e-02
1.072000000000000036e-01
6.539999999999999980e-02
4.179999999999999688e-02
3.520000000000000212e-02
4.939999999999999947e-02
7.059999999999999609e-02
1.456000000000000072e-01
2.561999999999999833e-01
4.696000000000000174e-01
4.435999999999999943e-01
4.912000000000000255e-01
4.371999999999999775e-01
4.351999999999999758e-01
4.879999999999999893e-01
4.722000000000000086e-01
4.596000000000000085e-01
4.016000000000000125e-01
4.345999999999999863e-01
4.421999999999999820e-01
3.719999999999999973e-01
3.121999999999999775e-01
2.903999999999999915e-01
3.155999999999999917e-01
4.819999999999999840e-01
3.598000000000000087e-01
2.985999999999999766e-01
2.172000000000000042e-01
2.650000000000000133e-01
3.751999999999999780e-01
4.122000000000000108e-01
4.480000000000000093e-01
3.817999999999999727e-01
3.251999999999999891e-01
3.639999999999999902e-01
3.881999999999999895e-01
4.262000000000000233e-01
4.948000000000000176e-01
3.125999999999999890e-01
1.486000000000000099e-01
7.480000000000000537e-02
6.219999999999999835e-02
5.960000000000000020e-02
8.119999999999999440e-02
1.049999999999999961e-01
1.834000000000000075e-01
2.985999999999999766e-01
2.575999999999999956e-01
2.743999999999999773e-01
4.076000000000000179e-01
4.057999999999999940e-01
2.595999999999999974e-01
8.780000000000000304e-02
7.000000000000000666e-02
4.800000000000000100e-02
4.440000000000000197e-02
4.399999999999999745e-02
1.359999999999999924e-02
6.199999999999999782e-03
3.200000000000000153e-03
1.060000000000000005e-02
3.219999999999999946e-02
9.039999999999999425e-02
1.526000000000000134e-01
1.593999999999999861e-01
1.137999999999999984e-01
1.213999999999999940e-01
1.381999999999999895e-01
1.049999999999999961e-01
1.322000000000000119e-01
1.267999999999999960e-01
9.879999999999999893e-02
1.277999999999999969e-01
1.208000000000000046e-01
8.719999999999999973e-02
1.073999999999999955e-01
1.355999999999999983e-01
3.323999999999999733e-01
3.593999999999999972e-01
2.839999999999999747e-01
3.811999999999999833e-01
3.916000000000000036e-01
3.963999999999999746e-01
4.905999999999999805e-01
2.245999999999999941e-01
1.670000000000000095e-01
2.053999999999999992e-01
1.970000000000000084e-01
1.433999999999999997e-01
6.579999999999999738e-02
1.178000000000000019e-01
7.320000000000000118e-02
9.940000000000000224e-02
1.401999999999999913e-01
2.273999999999999910e-01
3.652000000000000246e-01
4.829999999999999849e-01
2.782000000000000028e-01
2.018000000000000071e-01
2.260000000000000064e-01
1.789999999999999925e-01
1.804000000000000048e-01
1.360000000000000098e-01
1.265999999999999903e-01
1.469999999999999918e-01
1.391999999999999904e-01
1.365999999999999992e-01
1.514000000000000068e-01
1.804000000000000048e-01
2.089999999999999913e-01
2.446000000000000119e-01
2.607999999999999763e-01
2.793999999999999817e-01
2.842000000000000082e-01
3.005999999999999783e-01
2.873999999999999888e-01
3.024000000000000021e-01
2.716000000000000081e-01
2.340000000000000135e-01
2.318000000000000060e-01
2.273999999999999910e-01
1.706000000000000016e-01
2.159999999999999976e-01
2.843999999999999861e-01
4.083999999999999853e-01
4.368000000000000216e-01
2.913999999999999924e-01
3.224000000000000199e-01
4.440000000000000058e-01
4.683999999999999830e-01
3.709999999999999964e-01
2.667999999999999816e-01
2.146000000000000130e-01
2.671999999999999931e-01
4.148000000000000020e-01
4.727999999999999980e-01
4.692000000000000060e-01
4.853999999999999981e-01
4.411999999999999811e-01
4.027999999999999914e-01
3.921999999999999931e-01
4.597999999999999865e-01
4.077999999999999958e-01
4.318000000000000171e-01
4.457999999999999741e-01
3.361999999999999988e-01
2.524000000000000132e-01
2.021999999999999909e-01
1.587999999999999967e-01
1.250000000000000000e-01
9.700000000000000289e-02
8.419999999999999707e-02
9.120000000000000329e-02
9.139999999999999514e-02
1.365999999999999992e-01
1.580000000000000016e-01
1.449999999999999900e-01
1.348000000000000032e-01
1.011999999999999983e-01
9.579999999999999627e-02
1.015999999999999959e-01
1.471999999999999975e-01
2.464000000000000079e-01
2.521999999999999797e-01
2.207999999999999963e-01
1.205999999999999989e-01
6.759999999999999343e-02
4.120000000000000051e-02
3.699999999999999817e-02
3.440000000000000002e-02
3.219999999999999946e-02
8.260000000000000675e-02
1.590000000000000024e-01
4.904000000000000026e-01
2.832000000000000073e-01
2.156000000000000139e-01
1.882000000000000062e-01
2.916000000000000258e-01
4.852000000000000202e-01
3.603999999999999981e-01
2.617999999999999772e-01
2.681999999999999940e-01
3.256000000000000005e-01
3.890000000000000124e-01
4.839999999999999858e-01
4.789999999999999813e-01
4.259999999999999898e-01
2.409999999999999920e-01
1.597999999999999976e-01
3.005999999999999783e-01
4.480000000000000093e-01
4.269999999999999907e-01
4.875999999999999779e-01
4.692000000000000060e-01
2.743999999999999773e-01
9.840000000000000135e-02
5.059999999999999915e-02
5.380000000000000060e-02
9.539999999999999869e-02
1.801999999999999991e-01
2.477999999999999925e-01
2.565999999999999948e-01
2.288000000000000034e-01
2.167999999999999927e-01
1.683999999999999941e-01
1.844000000000000083e-01
1.431999999999999940e-01
1.059999999999999970e-01
9.339999999999999691e-02
1.948000000000000009e-01
2.852000000000000091e-01
4.299999999999999933e-01
3.437999999999999945e-01
2.686000000000000054e-01
1.857999999999999929e-01
1.670000000000000095e-01
1.519999999999999962e-01
2.028000000000000080e-01
2.620000000000000107e-01
3.244000000000000217e-01
4.722000000000000086e-01
4.444000000000000172e-01
5.090000000000000080e-01
4.712000000000000077e-01
4.984000000000000097e-01
4.451999999999999846e-01
4.591999999999999971e-01
4.657999999999999918e-01
4.504000000000000226e-01
4.218000000000000083e-01
4.534000000000000252e-01
3.150000000000000022e-01
2.800000000000000266e-01
2.584000000000000186e-01
2.179999999999999993e-01
2.144000000000000072e-01
2.212000000000000077e-01
2.752000000000000002e-01
2.736000000000000099e-01
3.094000000000000083e-01
4.208000000000000074e-01
4.660000000000000253e-01
4.219999999999999862e-01
4.556000000000000050e-01
4.288000000000000145e-01
4.591999999999999971e-01
4.682000000000000051e-01
4.696000000000000174e-01
4.646000000000000130e-01
4.788000000000000034e-01
4.954000000000000070e-01
4.428000000000000269e-01
4.122000000000000108e-01
3.754000000000000115e-01
3.841999999999999860e-01
4.591999999999999971e-01
4.179999999999999827e-01
3.934000000000000274e-01
3.034000000000000030e-01
2.690000000000000169e-01
2.993999999999999995e-01
3.144000000000000128e-01
4.563999999999999724e-01
4.411999999999999811e-01
3.235999999999999988e-01
3.270000000000000129e-01
2.929999999999999827e-01
3.548000000000000043e-01
3.659999999999999920e-01
3.840000000000000080e-01
3.976000000000000090e-01
3.337999999999999856e-01
2.406000000000000083e-01
2.442000000000000004e-01
1.952000000000000124e-01
1.847999999999999921e-01
1.650000000000000078e-01
1.557999999999999940e-01
1.703999999999999959e-01
2.711999999999999966e-01
2.316000000000000003e-01
3.044000000000000039e-01
3.015999999999999792e-01
2.187999999999999945e-01
2.731999999999999984e-01
4.052000000000000046e-01
3.578000000000000069e-01
2.097999999999999865e-01
1.988000000000000045e-01
2.142000000000000015e-01
1.907999999999999974e-01
1.610000000000000042e-01
1.718000000000000083e-01
1.335999999999999965e-01
1.433999999999999997e-01
1.343999999999999917e-01
1.834000000000000075e-01
2.149999999999999967e-01
2.574000000000000177e-01
3.887999999999999790e-01
4.484000000000000208e-01
4.437999999999999723e-01
4.077999999999999958e-01
3.290000000000000147e-01
2.353999999999999981e-01
1.958000000000000018e-01
1.257999999999999952e-01
6.980000000000000093e-02
6.640000000000000069e-02
9.740000000000000047e-02
5.879999999999999810e-02
3.640000000000000180e-02
3.459999999999999881e-02
3.540000000000000091e-02
3.320000000000000034e-02
3.080000000000000099e-02
2.539999999999999897e-02
3.579999999999999849e-02
3.080000000000000099e-02
3.059999999999999873e-02
1.280000000000000061e-02
1.140000000000000041e-02
1.720000000000000001e-02
1.980000000000000163e-02
1.839999999999999969e-02
1.480000000000000066e-02
2.000000000000000042e-02
2.139999999999999888e-02
3.500000000000000333e-02
3.259999999999999704e-02
3.280000000000000276e-02
3.139999999999999736e-02
2.220000000000000098e-02
2.319999999999999840e-02
3.119999999999999857e-02
3.219999999999999946e-02
4.939999999999999947e-02
6.260000000000000286e-02
7.799999999999999989e-02
1.192000000000000004e-01
1.628000000000000003e-01
2.031999999999999917e-01
2.666000000000000036e-01
3.230000000000000093e-01
3.990000000000000213e-01
4.640000000000000235e-01
4.566000000000000059e-01
3.346000000000000085e-01
3.961999999999999966e-01
2.938000000000000056e-01
2.995999999999999774e-01
4.746000000000000218e-01
4.113999999999999879e-01
2.807999999999999940e-01
8.100000000000000255e-02
3.880000000000000115e-02
5.639999999999999875e-02
2.544000000000000150e-01
2.212000000000000077e-01
2.388000000000000123e-01
2.945999999999999730e-01
2.913999999999999924e-01
3.946000000000000063e-01
2.949999999999999845e-01
2.030000000000000138e-01
1.431999999999999940e-01
8.060000000000000497e-02
8.780000000000000304e-02
6.479999999999999649e-02
7.439999999999999392e-02
4.460000000000000075e-02
5.380000000000000060e-02
4.920000000000000068e-02
2.340000000000000066e-02
4.259999999999999898e-02
1.333999999999999908e-01
1.318000000000000005e-01
1.353999999999999926e-01
1.393999999999999961e-01
1.864000000000000101e-01
1.884000000000000119e-01
2.404000000000000026e-01
3.141999999999999793e-01
3.151999999999999802e-01
2.926000000000000267e-01
3.004000000000000004e-01
3.101999999999999758e-01
4.163999999999999924e-01
3.622000000000000219e-01
4.289999999999999925e-01
4.747999999999999998e-01
4.169999999999999818e-01
3.973999999999999755e-01
3.699999999999999956e-01
2.945999999999999730e-01
3.062000000000000277e-01
3.655999999999999805e-01
4.842000000000000193e-01
4.855999999999999761e-01
4.692000000000000060e-01
4.702000000000000068e-01
4.862000000000000210e-01
4.245999999999999774e-01
3.489999999999999769e-01
3.098000000000000198e-01
3.406000000000000139e-01
3.861999999999999877e-01
4.707999999999999963e-01
2.869999999999999774e-01
1.971999999999999864e-01
1.502000000000000002e-01
1.481999999999999984e-01
1.668000000000000038e-01
1.681999999999999884e-01
1.723999999999999977e-01
1.302000000000000102e-01
1.303999999999999881e-01
1.708000000000000074e-01
1.774000000000000021e-01
2.217999999999999972e-01
3.321999999999999953e-01
4.428000000000000269e-01
4.905999999999999805e-01
4.806000000000000272e-01
4.813999999999999946e-01
4.136000000000000232e-01
4.763999999999999901e-01
4.702000000000000068e-01
4.172000000000000153e-01
4.195999999999999730e-01
4.093999999999999861e-01
3.910000000000000142e-01
3.449999999999999734e-01
4.719999999999999751e-01
4.282000000000000250e-01
3.598000000000000087e-01
2.800000000000000266e-01
3.519999999999999796e-01
4.128000000000000003e-01
4.965999999999999859e-01
5.110000000000000098e-01
4.520000000000000129e-01
4.673999999999999821e-01
3.750000000000000000e-01
2.624000000000000221e-01
1.130000000000000032e-01
4.760000000000000342e-02
2.359999999999999945e-02
1.319999999999999993e-02
7.799999999999999642e-03
8.000000000000000167e-03
4.799999999999999580e-03
3.599999999999999901e-03
4.599999999999999922e-03
5.799999999999999600e-03
7.199999999999999803e-03
1.239999999999999956e-02
3.440000000000000002e-02
4.540000000000000285e-02
6.119999999999999746e-02
8.500000000000000611e-02
1.330000000000000071e-01
2.076000000000000068e-01
3.341999999999999971e-01
4.717999999999999972e-01
4.941999999999999726e-01
4.838000000000000078e-01
4.304000000000000048e-01
4.355999999999999872e-01
4.806000000000000272e-01
3.774000000000000132e-01
1.867999999999999938e-01
4.819999999999999979e-02
7.380000000000000449e-02
1.086000000000000021e-01
2.253999999999999893e-01
3.416000000000000147e-01
4.434000000000000163e-01
4.153999999999999915e-01
3.778000000000000247e-01
3.207999999999999741e-01
2.812000000000000055e-01
2.260000000000000064e-01
2.584000000000000186e-01
2.647999999999999798e-01
3.353999999999999759e-01
4.610000000000000209e-01
4.027999999999999914e-01
3.811999999999999833e-01
3.442000000000000060e-01
2.614000000000000212e-01
2.908000000000000029e-01
2.939999999999999836e-01
1.648000000000000020e-01
8.640000000000000457e-02
5.539999999999999786e-02
4.059999999999999720e-02
2.699999999999999969e-02
4.120000000000000051e-02
9.180000000000000659e-02
1.623999999999999888e-01
1.660000000000000087e-01
1.590000000000000024e-01
2.621999999999999886e-01
4.465999999999999970e-01
4.272000000000000242e-01
3.467999999999999972e-01
2.447999999999999898e-01
2.437999999999999889e-01
2.230000000000000038e-01
1.995999999999999996e-01
2.760000000000000231e-01
2.202000000000000068e-01
1.632000000000000117e-01
1.233999999999999958e-01
3.059999999999999873e-02
2.520000000000000018e-02
9.099999999999999756e-02
2.275999999999999968e-01
4.670000000000000262e-01
4.020000000000000240e-01
4.420000000000000040e-01
4.621999999999999997e-01
4.812000000000000166e-01
4.560000000000000164e-01
3.708000000000000185e-01
2.978000000000000091e-01
4.410000000000000031e-01
3.396000000000000130e-01
4.334000000000000075e-01
5.003999999999999559e-01
4.318000000000000171e-01
4.186000000000000276e-01
4.086000000000000187e-01
4.132000000000000117e-01
4.112000000000000099e-01
3.771999999999999797e-01
3.625999999999999779e-01
4.245999999999999774e-01
4.169999999999999818e-01
3.294000000000000261e-01
2.787999999999999923e-01
1.819999999999999951e-01
1.212000000000000022e-01
9.099999999999999756e-02
5.779999999999999721e-02
4.179999999999999688e-02
4.200000000000000261e-02
4.259999999999999898e-02
6.640000000000000069e-02
7.359999999999999876e-02
1.123999999999999999e-01
9.239999999999999603e-02
1.441999999999999948e-01
1.900000000000000022e-01
1.315999999999999948e-01
1.015999999999999959e-01
1.867999999999999938e-01
2.790000000000000258e-01
4.855999999999999761e-01
4.590000000000000191e-01
4.541999999999999926e-01
4.898000000000000131e-01
4.798000000000000043e-01
4.905999999999999805e-01
4.324000000000000066e-01
4.275999999999999801e-01
4.026000000000000134e-01
3.084000000000000075e-01
2.109999999999999931e-01
1.801999999999999991e-01
1.438000000000000111e-01
9.719999999999999474e-02
7.779999999999999416e-02
8.619999999999999885e-02
8.899999999999999578e-02
1.340000000000000080e-01
1.411999999999999922e-01
1.751999999999999946e-01
9.619999999999999385e-02
7.480000000000000537e-02
7.299999999999999545e-02
8.279999999999999860e-02
1.328000000000000014e-01
1.517999999999999905e-01
3.180000000000000049e-01
4.583999999999999742e-01
3.482000000000000095e-01
2.479999999999999982e-01
2.137999999999999901e-01
1.597999999999999976e-01
1.685999999999999999e-01
1.454000000000000015e-01
2.194000000000000117e-01
2.544000000000000150e-01
3.022000000000000242e-01
3.896000000000000019e-01
4.507999999999999785e-01
3.760000000000000009e-01
3.241999999999999882e-01
2.676000000000000045e-01
2.666000000000000036e-01
4.547999999999999821e-01
4.304000000000000048e-01
4.079999999999999738e-01
3.785999999999999921e-01
4.894000000000000017e-01
4.607999999999999874e-01
4.126000000000000223e-01
3.191999999999999837e-01
3.270000000000000129e-01
3.516000000000000236e-01
3.422000000000000042e-01
2.551999999999999824e-01
2.434000000000000052e-01
2.993999999999999995e-01
3.553999999999999937e-01
4.097999999999999976e-01
4.305999999999999828e-01
4.259999999999999898e-01
4.023999999999999799e-01
3.151999999999999802e-01
2.806000000000000161e-01
2.492000000000000048e-01
1.613999999999999879e-01
1.147999999999999993e-01
1.807999999999999885e-01
3.890000000000000124e-01
4.833999999999999964e-01
3.926000000000000045e-01
3.837999999999999745e-01
3.400000000000000244e-01
4.117999999999999994e-01
4.183999999999999941e-01
2.454000000000000070e-01
2.849999999999999756e-01
