4.093999999999999861e-01
4.129999999999999782e-01
3.805999999999999939e-01
3.774000000000000132e-01
3.801999999999999824e-01
4.003999999999999782e-01
4.162000000000000144e-01
4.339999999999999969e-01
4.375999999999999890e-01
4.500000000000000111e-01
4.792000000000000148e-01
4.437999999999999723e-01
4.390000000000000013e-01
4.398000000000000242e-01
4.335999999999999854e-01
3.887999999999999790e-01
3.890000000000000124e-01
3.785999999999999921e-01
3.804000000000000159e-01
3.649999999999999911e-01
3.562000000000000166e-01
3.563999999999999946e-01
3.830000000000000071e-01
3.094000000000000083e-01
3.062000000000000277e-01
2.485999999999999877e-01
2.429999999999999938e-01
1.638000000000000012e-01
1.226000000000000006e-01
7.040000000000000424e-02
6.500000000000000222e-02
6.320000000000000617e-02
7.080000000000000182e-02
3.379999999999999671e-02
2.380000000000000171e-02
2.000000000000000096e-04
5.999999999999999474e-04
1.399999999999999986e-03
5.999999999999999474e-04
2.000000000000000096e-04
1.600000000000000077e-03
4.000000000000000192e-04
2.000000000000000096e-04
1.600000000000000077e-03
5.999999999999999474e-04
1.000000000000000021e-03
1.600000000000000077e-03
2.000000000000000096e-04
7.199999999999999803e-03
7.599999999999999985e-03
8.000000000000000167e-03
9.199999999999999845e-03
2.740000000000000074e-02
4.220000000000000140e-02
3.980000000000000204e-02
6.119999999999999746e-02
8.359999999999999376e-02
9.639999999999999958e-02
1.360000000000000098e-01
1.877999999999999947e-01
2.038000000000000089e-01
2.615999999999999992e-01
3.341999999999999971e-01
4.026000000000000134e-01
4.719999999999999751e-01
4.813999999999999946e-01
4.547999999999999821e-01
4.863999999999999990e-01
4.823999999999999955e-01
5.038000000000000256e-01
4.749999999999999778e-01
4.884000000000000008e-01
4.693999999999999839e-01
4.865999999999999770e-01
5.070000000000000062e-01
4.919999999999999929e-01
4.667999999999999927e-01
4.951999999999999735e-01
4.521999999999999909e-01
4.726000000000000201e-01
4.709999999999999742e-01
4.138000000000000012e-01
4.451999999999999846e-01
4.308000000000000163e-01
4.355999999999999872e-01
4.411999999999999811e-01
4.776000000000000245e-01
4.958000000000000185e-01
4.763999999999999901e-01
4.954000000000000070e-01
4.959999999999999964e-01
5.061999999999999833e-01
4.994000000000000106e-01
4.904000000000000026e-01
4.445999999999999952e-01
4.481999999999999873e-01
4.318000000000000171e-01
4.344000000000000083e-01
4.168000000000000038e-01
4.475999999999999979e-01
4.305999999999999828e-01
4.082000000000000073e-01
4.339999999999999969e-01
4.460000000000000075e-01
4.507999999999999785e-01
4.919999999999999929e-01
4.904000000000000026e-01
4.809999999999999831e-01
4.666000000000000147e-01
4.662000000000000033e-01
4.782000000000000139e-01
4.868000000000000105e-01
4.717999999999999972e-01
4.672000000000000042e-01
4.314000000000000057e-01
3.897999999999999798e-01
3.817999999999999727e-01
3.569999999999999840e-01
3.403999999999999804e-01
3.227999999999999758e-01
2.965999999999999748e-01
2.777999999999999914e-01
2.817999999999999949e-01
2.308000000000000052e-01
1.731999999999999929e-01
1.451999999999999957e-01
1.484000000000000041e-01
1.318000000000000005e-01
1.438000000000000111e-01
1.383999999999999952e-01
7.939999999999999836e-02
6.479999999999999649e-02
3.740000000000000269e-02
2.239999999999999977e-02
2.139999999999999888e-02
7.599999999999999985e-03
1.199999999999999895e-03
8.000000000000000383e-04
1.799999999999999951e-03
5.999999999999999474e-04
2.000000000000000096e-04
1.000000000000000021e-03
7.799999999999999642e-03
6.000000000000000125e-03
7.000000000000000146e-03
6.000000000000000125e-03
3.599999999999999901e-03
6.599999999999999964e-03
8.600000000000000006e-03
7.799999999999999642e-03
7.199999999999999803e-03
4.039999999999999841e-02
3.520000000000000212e-02
4.200000000000000261e-02
6.579999999999999738e-02
7.040000000000000424e-02
6.279999999999999472e-02
6.900000000000000577e-02
8.680000000000000215e-02
1.079999999999999988e-01
1.302000000000000102e-01
1.232000000000000040e-01
1.537999999999999923e-01
2.069999999999999896e-01
2.111999999999999988e-01
2.205999999999999905e-01
2.534000000000000141e-01
2.926000000000000267e-01
3.400000000000000244e-01
3.331999999999999962e-01
3.386000000000000121e-01
3.479999999999999760e-01
3.387999999999999901e-01
3.536000000000000254e-01
3.825999999999999956e-01
4.232000000000000206e-01
4.072000000000000064e-01
4.279999999999999916e-01
4.254000000000000004e-01
4.312000000000000277e-01
4.109999999999999765e-01
4.606000000000000094e-01
5.151999999999999913e-01
5.113999999999999657e-01
4.235999999999999766e-01
4.298000000000000154e-01
3.891999999999999904e-01
3.881999999999999895e-01
3.613999999999999990e-01
3.837999999999999745e-01
3.689999999999999947e-01
3.774000000000000132e-01
3.662000000000000255e-01
3.483999999999999875e-01
3.754000000000000115e-01
3.482000000000000095e-01
3.174000000000000155e-01
3.130000000000000004e-01
3.019999999999999907e-01
2.687999999999999834e-01
2.570000000000000062e-01
2.184000000000000108e-01
1.991999999999999882e-01
1.927999999999999992e-01
1.759999999999999898e-01
1.859999999999999987e-01
1.635999999999999954e-01
1.643999999999999906e-01
1.685999999999999999e-01
1.247999999999999943e-01
1.313999999999999890e-01
1.079999999999999988e-01
1.069999999999999979e-01
8.500000000000000611e-02
9.539999999999999869e-02
6.840000000000000246e-02
6.019999999999999657e-02
6.019999999999999657e-02
5.519999999999999907e-02
6.079999999999999988e-02
5.800000000000000294e-02
6.519999999999999407e-02
6.279999999999999472e-02
6.099999999999999867e-02
7.240000000000000602e-02
1.035999999999999976e-01
1.059999999999999970e-01
1.029999999999999943e-01
1.024000000000000049e-01
1.164000000000000035e-01
1.052000000000000018e-01
1.120000000000000023e-01
1.092000000000000054e-01
1.371999999999999886e-01
1.559999999999999998e-01
2.097999999999999865e-01
2.567999999999999727e-01
3.191999999999999837e-01
3.184000000000000163e-01
3.231999999999999873e-01
3.652000000000000246e-01
4.189999999999999836e-01
4.581999999999999962e-01
4.778000000000000025e-01
5.080000000000000071e-01
4.843999999999999972e-01
4.441999999999999837e-01
4.179999999999999827e-01
3.572000000000000175e-01
3.472000000000000086e-01
3.442000000000000060e-01
3.430000000000000271e-01
3.337999999999999856e-01
3.371999999999999997e-01
2.839999999999999747e-01
2.711999999999999966e-01
2.680000000000000160e-01
2.782000000000000028e-01
2.827999999999999958e-01
2.846000000000000196e-01
2.873999999999999888e-01
2.918000000000000038e-01
2.530000000000000027e-01
2.528000000000000247e-01
2.358000000000000096e-01
2.550000000000000044e-01
2.700000000000000178e-01
2.859999999999999765e-01
2.929999999999999827e-01
2.615999999999999992e-01
2.636000000000000010e-01
2.316000000000000003e-01
2.088000000000000134e-01
1.844000000000000083e-01
1.632000000000000117e-01
1.431999999999999940e-01
1.203999999999999931e-01
1.302000000000000102e-01
1.004000000000000031e-01
1.126000000000000056e-01
5.419999999999999818e-02
3.099999999999999978e-02
2.319999999999999840e-02
7.799999999999999989e-02
1.368000000000000049e-01
1.499999999999999944e-01
1.791999999999999982e-01
2.351999999999999924e-01
3.144000000000000128e-01
3.609999999999999876e-01
3.871999999999999886e-01
4.364000000000000101e-01
4.324000000000000066e-01
4.467999999999999750e-01
4.354000000000000092e-01
4.087999999999999967e-01
3.635999999999999788e-01
3.840000000000000080e-01
3.654000000000000026e-01
3.844000000000000195e-01
2.883999999999999897e-01
2.447999999999999898e-01
2.817999999999999949e-01
2.849999999999999756e-01
2.270000000000000073e-01
2.369999999999999885e-01
2.096000000000000085e-01
1.837999999999999912e-01
1.479999999999999927e-01
1.285999999999999921e-01
9.979999999999999982e-02
7.560000000000000053e-02
3.860000000000000236e-02
3.579999999999999849e-02
3.880000000000000115e-02
2.340000000000000066e-02
2.280000000000000082e-02
2.639999999999999986e-02
2.319999999999999840e-02
7.599999999999999985e-03
7.199999999999999803e-03
7.599999999999999985e-03
7.599999999999999985e-03
5.000000000000000104e-03
7.400000000000000328e-03
8.200000000000000691e-03
8.399999999999999481e-03
7.199999999999999803e-03
7.599999999999999985e-03
6.599999999999999964e-03
1.000000000000000021e-02
8.000000000000000167e-03
7.799999999999999642e-03
2.079999999999999905e-02
2.179999999999999993e-02
2.299999999999999961e-02
2.659999999999999865e-02
2.220000000000000098e-02
2.139999999999999888e-02
2.860000000000000042e-02
2.520000000000000018e-02
6.300000000000000044e-02
6.800000000000000488e-02
6.439999999999999891e-02
6.919999999999999762e-02
6.640000000000000069e-02
6.700000000000000400e-02
8.740000000000000546e-02
8.500000000000000611e-02
9.239999999999999603e-02
9.619999999999999385e-02
8.459999999999999465e-02
9.180000000000000659e-02
8.419999999999999707e-02
8.799999999999999489e-02
9.160000000000000087e-02
1.083999999999999964e-01
1.451999999999999957e-01
1.491999999999999993e-01
1.716000000000000025e-01
1.764000000000000012e-01
1.696000000000000008e-01
1.680000000000000104e-01
1.603999999999999870e-01
1.668000000000000038e-01
2.021999999999999909e-01
2.001999999999999891e-01
2.308000000000000052e-01
2.127999999999999892e-01
2.250000000000000056e-01
2.487999999999999934e-01
2.417999999999999872e-01
2.323999999999999955e-01
2.528000000000000247e-01
2.475999999999999868e-01
2.328000000000000069e-01
2.192000000000000060e-01
1.728000000000000091e-01
1.925999999999999934e-01
1.655999999999999972e-01
1.700000000000000122e-01
1.393999999999999961e-01
1.456000000000000072e-01
1.514000000000000068e-01
1.315999999999999948e-01
1.310000000000000053e-01
1.287999999999999978e-01
1.393999999999999961e-01
1.444000000000000006e-01
1.025999999999999968e-01
9.080000000000000571e-02
6.519999999999999407e-02
5.140000000000000124e-02
5.079999999999999793e-02
5.240000000000000213e-02
6.840000000000000246e-02
6.579999999999999738e-02
5.859999999999999931e-02
5.319999999999999729e-02
5.759999999999999842e-02
1.034000000000000058e-01
9.339999999999999691e-02
1.421999999999999931e-01
1.406000000000000028e-01
1.711999999999999911e-01
1.648000000000000020e-01
2.031999999999999917e-01
2.313999999999999946e-01
2.353999999999999981e-01
2.620000000000000107e-01
3.042000000000000259e-01
3.467999999999999972e-01
3.387999999999999901e-01
3.422000000000000042e-01
3.340000000000000191e-01
3.377999999999999892e-01
3.367999999999999883e-01
3.320000000000000173e-01
3.393999999999999795e-01
3.340000000000000191e-01
3.290000000000000147e-01
3.430000000000000271e-01
3.346000000000000085e-01
3.201999999999999846e-01
3.360000000000000209e-01
3.397999999999999909e-01
3.538000000000000034e-01
4.252000000000000224e-01
4.364000000000000101e-01
4.825999999999999734e-01
5.006000000000000449e-01
4.460000000000000075e-01
4.086000000000000187e-01
3.911999999999999922e-01
4.302000000000000268e-01
4.269999999999999907e-01
4.457999999999999741e-01
4.069999999999999729e-01
4.047999999999999932e-01
4.007999999999999896e-01
4.380000000000000004e-01
4.577999999999999847e-01
4.571999999999999953e-01
4.882000000000000228e-01
4.934000000000000052e-01
5.051999999999999824e-01
4.480000000000000093e-01
4.753999999999999893e-01
4.325999999999999845e-01
4.013999999999999790e-01
3.857999999999999763e-01
3.439999999999999725e-01
3.499999999999999778e-01
3.276000000000000023e-01
3.055999999999999828e-01
2.571999999999999842e-01
2.530000000000000027e-01
2.898000000000000020e-01
2.640000000000000124e-01
2.869999999999999774e-01
2.641999999999999904e-01
2.641999999999999904e-01
2.796000000000000152e-01
3.991999999999999993e-01
3.320000000000000173e-01
3.048000000000000154e-01
3.134000000000000119e-01
3.548000000000000043e-01
3.784000000000000141e-01
3.764000000000000123e-01
3.805999999999999939e-01
4.249999999999999889e-01
4.385999999999999899e-01
4.743999999999999884e-01
4.727999999999999980e-01
4.818000000000000060e-01
4.601999999999999980e-01
3.655999999999999805e-01
3.751999999999999780e-01
3.516000000000000236e-01
3.608000000000000096e-01
3.659999999999999920e-01
3.890000000000000124e-01
3.486000000000000210e-01
3.463999999999999857e-01
2.849999999999999756e-01
2.879999999999999782e-01
3.049999999999999933e-01
3.134000000000000119e-01
2.810000000000000275e-01
2.863999999999999879e-01
2.928000000000000047e-01
3.004000000000000004e-01
2.959999999999999853e-01
3.025999999999999801e-01
3.618000000000000105e-01
3.403999999999999804e-01
3.904000000000000248e-01
3.966000000000000081e-01
3.870000000000000107e-01
3.267999999999999794e-01
3.449999999999999734e-01
3.691999999999999726e-01
4.354000000000000092e-01
4.480000000000000093e-01
4.581999999999999962e-01
4.706000000000000183e-01
4.768000000000000016e-01
4.914000000000000035e-01
4.630000000000000226e-01
4.082000000000000073e-01
3.983999999999999764e-01
4.252000000000000224e-01
3.446000000000000174e-01
3.048000000000000154e-01
2.922000000000000153e-01
2.919999999999999818e-01
3.085999999999999854e-01
3.089999999999999969e-01
3.376000000000000112e-01
2.923999999999999932e-01
3.044000000000000039e-01
3.225999999999999979e-01
3.416000000000000147e-01
3.659999999999999920e-01
3.492000000000000104e-01
3.493999999999999884e-01
3.482000000000000095e-01
3.655999999999999805e-01
3.880000000000000115e-01
4.282000000000000250e-01
4.042000000000000037e-01
4.136000000000000232e-01
4.524000000000000243e-01
4.092000000000000082e-01
4.374000000000000110e-01
4.097999999999999976e-01
4.122000000000000108e-01
3.916000000000000036e-01
3.993999999999999773e-01
3.880000000000000115e-01
3.921999999999999931e-01
3.549999999999999822e-01
3.476000000000000201e-01
3.287999999999999812e-01
3.323999999999999733e-01
3.009999999999999898e-01
2.757999999999999896e-01
2.822000000000000064e-01
2.836000000000000187e-01
2.615999999999999992e-01
2.521999999999999797e-01
2.580000000000000071e-01
2.524000000000000132e-01
2.439999999999999947e-01
2.661999999999999922e-01
2.651999999999999913e-01
2.786000000000000143e-01
2.948000000000000065e-01
2.913999999999999924e-01
2.985999999999999766e-01
2.580000000000000071e-01
2.922000000000000153e-01
2.780000000000000249e-01
2.898000000000000020e-01
2.776000000000000134e-01
2.620000000000000107e-01
2.587999999999999745e-01
2.320000000000000118e-01
2.494000000000000106e-01
2.431999999999999995e-01
2.449999999999999956e-01
2.534000000000000141e-01
2.363999999999999990e-01
2.278000000000000025e-01
2.530000000000000027e-01
2.467999999999999916e-01
2.571999999999999842e-01
2.484000000000000097e-01
2.963999999999999968e-01
3.410000000000000253e-01
4.213999999999999968e-01
4.052000000000000046e-01
4.003999999999999782e-01
4.056000000000000161e-01
4.162000000000000144e-01
4.259999999999999898e-01
4.107999999999999985e-01
4.593999999999999750e-01
4.484000000000000208e-01
4.939999999999999947e-01
4.951999999999999735e-01
4.828000000000000069e-01
4.554000000000000270e-01
3.981999999999999984e-01
3.579999999999999849e-01
3.397999999999999909e-01
3.207999999999999741e-01
3.180000000000000049e-01
3.071999999999999731e-01
2.888000000000000012e-01
2.651999999999999913e-01
2.466000000000000136e-01
2.396000000000000074e-01
2.107999999999999874e-01
2.097999999999999865e-01
2.200000000000000011e-01
2.051999999999999935e-01
1.912000000000000088e-01
1.983999999999999930e-01
2.031999999999999917e-01
1.927999999999999992e-01
1.632000000000000117e-01
1.603999999999999870e-01
1.552000000000000046e-01
1.607999999999999985e-01
1.421999999999999931e-01
1.406000000000000028e-01
1.527999999999999914e-01
1.418000000000000094e-01
1.448000000000000120e-01
1.458000000000000129e-01
1.451999999999999957e-01
1.358000000000000040e-01
1.497999999999999887e-01
1.962000000000000133e-01
2.243999999999999884e-01
2.323999999999999955e-01
2.311999999999999889e-01
2.240000000000000047e-01
2.978000000000000091e-01
3.028000000000000136e-01
4.254000000000000004e-01
4.233999999999999986e-01
4.284000000000000030e-01
4.228000000000000091e-01
4.176000000000000267e-01
4.242000000000000215e-01
4.069999999999999729e-01
4.329999999999999960e-01
4.136000000000000232e-01
3.976000000000000090e-01
3.986000000000000099e-01
3.943999999999999728e-01
3.790000000000000036e-01
3.820000000000000062e-01
3.718000000000000194e-01
3.234000000000000208e-01
2.975999999999999757e-01
2.508000000000000229e-01
2.398000000000000131e-01
2.584000000000000186e-01
2.690000000000000169e-01
2.936000000000000276e-01
2.721999999999999975e-01
2.958000000000000074e-01
2.949999999999999845e-01
2.713999999999999746e-01
2.723999999999999755e-01
2.167999999999999927e-01
2.409999999999999920e-01
2.346000000000000030e-01
2.518000000000000238e-01
2.376000000000000056e-01
2.215999999999999914e-01
2.247999999999999998e-01
2.308000000000000052e-01
2.301999999999999880e-01
2.477999999999999925e-01
2.501999999999999780e-01
2.600000000000000089e-01
2.577999999999999736e-01
2.497999999999999943e-01
2.411999999999999977e-01
2.467999999999999916e-01
2.406000000000000083e-01
2.501999999999999780e-01
2.590000000000000080e-01
2.610000000000000098e-01
2.456000000000000127e-01
2.540000000000000036e-01
2.363999999999999990e-01
2.823999999999999844e-01
2.995999999999999774e-01
2.780000000000000249e-01
3.025999999999999801e-01
2.664000000000000257e-01
3.181999999999999829e-01
3.363999999999999768e-01
3.529999999999999805e-01
3.430000000000000271e-01
3.230000000000000093e-01
3.360000000000000209e-01
3.353999999999999759e-01
3.240000000000000102e-01
3.449999999999999734e-01
3.654000000000000026e-01
3.512000000000000122e-01
3.442000000000000060e-01
3.245999999999999996e-01
3.420000000000000262e-01
3.164000000000000146e-01
3.512000000000000122e-01
3.360000000000000209e-01
3.104000000000000092e-01
2.943999999999999950e-01
2.819999999999999729e-01
3.079999999999999960e-01
2.883999999999999897e-01
3.084000000000000075e-01
3.084000000000000075e-01
2.979999999999999871e-01
3.327999999999999847e-01
3.280000000000000138e-01
3.277999999999999803e-01
3.234000000000000208e-01
3.926000000000000045e-01
4.245999999999999774e-01
3.977999999999999869e-01
4.295999999999999819e-01
4.410000000000000031e-01
4.693999999999999839e-01
5.000000000000000000e-01
4.544000000000000261e-01
4.471999999999999864e-01
4.680000000000000271e-01
4.723999999999999866e-01
4.918000000000000149e-01
4.818000000000000060e-01
4.504000000000000226e-01
3.837999999999999745e-01
3.526000000000000245e-01
3.447999999999999954e-01
3.184000000000000163e-01
3.038000000000000145e-01
3.138000000000000234e-01
3.048000000000000154e-01
3.138000000000000234e-01
3.160000000000000031e-01
3.257999999999999785e-01
3.184000000000000163e-01
3.181999999999999829e-01
3.111999999999999766e-01
3.459999999999999742e-01
3.791999999999999815e-01
4.107999999999999985e-01
4.193999999999999950e-01
4.218000000000000083e-01
3.861999999999999877e-01
4.172000000000000153e-01
4.309999999999999942e-01
4.597999999999999865e-01
4.475999999999999979e-01
4.556000000000000050e-01
4.178000000000000047e-01
4.729999999999999760e-01
4.527999999999999803e-01
4.959999999999999964e-01
4.799999999999999822e-01
4.941999999999999726e-01
4.994000000000000106e-01
4.941999999999999726e-01
4.686000000000000165e-01
4.954000000000000070e-01
4.912000000000000255e-01
4.919999999999999929e-01
4.788000000000000034e-01
4.925999999999999823e-01
4.823999999999999955e-01
4.699999999999999734e-01
4.835999999999999743e-01
4.843999999999999972e-01
4.859999999999999876e-01
4.747999999999999998e-01
4.806000000000000272e-01
4.743999999999999884e-01
4.968000000000000194e-01
4.904000000000000026e-01
4.934000000000000052e-01
5.048000000000000265e-01
4.991999999999999771e-01
5.073999999999999622e-01
4.915999999999999814e-01
4.758000000000000007e-01
4.450000000000000067e-01
4.315999999999999837e-01
4.269999999999999907e-01
4.385999999999999899e-01
4.092000000000000082e-01
3.991999999999999993e-01
3.724000000000000088e-01
3.573999999999999955e-01
3.553999999999999937e-01
3.366000000000000103e-01
2.916000000000000258e-01
2.817999999999999949e-01
2.770000000000000240e-01
2.767999999999999905e-01
2.686000000000000054e-01
2.762000000000000011e-01
2.674000000000000266e-01
2.298000000000000043e-01
2.179999999999999993e-01
2.427999999999999881e-01
2.036000000000000032e-01
1.855999999999999872e-01
1.696000000000000008e-01
9.940000000000000224e-02
1.073999999999999955e-01
6.180000000000000077e-02
6.079999999999999988e-02
5.840000000000000052e-02
5.999999999999999778e-02
7.280000000000000360e-02
6.260000000000000286e-02
7.439999999999999392e-02
8.820000000000000062e-02
1.441999999999999948e-01
1.471999999999999975e-01
1.423999999999999988e-01
1.428000000000000103e-01
1.260000000000000009e-01
1.039999999999999952e-01
1.063999999999999946e-01
8.260000000000000675e-02
8.219999999999999529e-02
8.640000000000000457e-02
8.179999999999999771e-02
8.279999999999999860e-02
9.400000000000000022e-02
8.659999999999999643e-02
1.008000000000000007e-01
8.400000000000000522e-02
8.619999999999999885e-02
8.899999999999999578e-02
9.320000000000000506e-02
9.919999999999999651e-02
1.082000000000000045e-01
1.630000000000000060e-01
1.688000000000000056e-01
1.872000000000000053e-01
2.056000000000000050e-01
2.336000000000000021e-01
2.567999999999999727e-01
2.757999999999999896e-01
2.823999999999999844e-01
3.025999999999999801e-01
3.423999999999999821e-01
3.351999999999999980e-01
3.323999999999999733e-01
3.602000000000000202e-01
