3.907999999999999807e-01
3.805999999999999939e-01
3.745999999999999885e-01
3.518000000000000016e-01
3.412000000000000033e-01
3.227999999999999758e-01
3.326000000000000068e-01
3.644000000000000017e-01
3.891999999999999904e-01
3.729999999999999982e-01
3.835999999999999965e-01
3.718000000000000194e-01
3.845999999999999974e-01
3.719999999999999973e-01
3.695999999999999841e-01
3.648000000000000131e-01
3.691999999999999726e-01
3.957999999999999852e-01
4.269999999999999907e-01
4.116000000000000214e-01
4.312000000000000277e-01
4.434000000000000163e-01
4.868000000000000105e-01
4.985999999999999877e-01
4.833999999999999964e-01
4.875999999999999779e-01
3.689999999999999947e-01
3.542000000000000148e-01
3.121999999999999775e-01
2.247999999999999998e-01
2.230000000000000038e-01
2.436000000000000110e-01
2.349999999999999867e-01
2.288000000000000034e-01
1.806000000000000105e-01
1.950000000000000067e-01
1.557999999999999940e-01
1.246000000000000024e-01
1.179999999999999938e-01
1.219999999999999973e-01
1.265999999999999903e-01
1.218000000000000055e-01
1.283999999999999864e-01
1.215999999999999998e-01
9.779999999999999805e-02
1.205999999999999989e-01
1.178000000000000019e-01
1.322000000000000119e-01
1.053999999999999937e-01
1.213999999999999940e-01
1.049999999999999961e-01
1.439999999999999891e-01
1.562000000000000055e-01
1.605999999999999928e-01
1.645999999999999963e-01
1.572000000000000064e-01
1.854000000000000092e-01
1.719999999999999862e-01
1.995999999999999996e-01
1.932000000000000106e-01
2.174000000000000099e-01
2.376000000000000056e-01
2.331999999999999906e-01
2.381999999999999951e-01
2.184000000000000108e-01
2.258000000000000007e-01
2.487999999999999934e-01
2.530000000000000027e-01
2.611999999999999877e-01
2.511999999999999789e-01
2.479999999999999982e-01
2.564000000000000168e-01
2.535999999999999921e-01
2.538000000000000256e-01
2.657999999999999807e-01
2.790000000000000258e-01
3.528000000000000025e-01
3.588000000000000078e-01
3.519999999999999796e-01
3.579999999999999849e-01
3.754000000000000115e-01
3.688000000000000167e-01
3.635999999999999788e-01
3.469999999999999751e-01
3.771999999999999797e-01
4.017999999999999905e-01
4.278000000000000136e-01
4.380000000000000004e-01
4.321999999999999731e-01
4.390000000000000013e-01
4.577999999999999847e-01
4.536000000000000032e-01
4.315999999999999837e-01
4.799999999999999822e-01
5.056000000000000494e-01
4.869999999999999885e-01
4.702000000000000068e-01
4.341999999999999749e-01
4.364000000000000101e-01
4.022000000000000020e-01
3.937999999999999834e-01
3.565999999999999726e-01
3.008000000000000118e-01
2.893999999999999906e-01
2.730000000000000204e-01
2.212000000000000077e-01
1.585999999999999910e-01
1.778000000000000136e-01
1.454000000000000015e-01
1.353999999999999926e-01
1.436000000000000054e-01
1.287999999999999978e-01
1.250000000000000000e-01
1.262000000000000066e-01
1.058000000000000052e-01
1.219999999999999973e-01
1.280000000000000027e-01
1.333999999999999908e-01
1.390000000000000124e-01
1.408000000000000085e-01
1.418000000000000094e-01
1.343999999999999917e-01
1.678000000000000047e-01
1.584000000000000130e-01
1.874000000000000110e-01
1.812000000000000000e-01
1.819999999999999951e-01
1.761999999999999955e-01
1.751999999999999946e-01
2.041999999999999926e-01
2.295999999999999985e-01
2.258000000000000007e-01
2.446000000000000119e-01
2.369999999999999885e-01
2.607999999999999763e-01
2.829999999999999738e-01
2.741999999999999993e-01
3.079999999999999960e-01
3.029999999999999916e-01
2.988000000000000100e-01
3.558000000000000052e-01
3.790000000000000036e-01
3.778000000000000247e-01
3.821999999999999842e-01
4.142000000000000126e-01
4.495999999999999996e-01
4.643999999999999795e-01
4.567999999999999838e-01
4.601999999999999980e-01
4.470000000000000084e-01
4.156000000000000250e-01
3.781999999999999806e-01
3.502000000000000113e-01
3.201999999999999846e-01
3.009999999999999898e-01
3.320000000000000173e-01
3.014000000000000012e-01
3.422000000000000042e-01
3.140000000000000013e-01
3.290000000000000147e-01
3.014000000000000012e-01
2.995999999999999774e-01
3.121999999999999775e-01
3.055999999999999828e-01
3.150000000000000022e-01
3.085999999999999854e-01
3.311999999999999944e-01
3.108000000000000207e-01
2.973999999999999977e-01
3.682000000000000273e-01
3.277999999999999803e-01
3.227999999999999758e-01
3.304000000000000270e-01
3.184000000000000163e-01
3.310000000000000164e-01
3.412000000000000033e-01
3.353999999999999759e-01
3.363999999999999768e-01
3.558000000000000052e-01
3.449999999999999734e-01
3.476000000000000201e-01
3.430000000000000271e-01
3.400000000000000244e-01
3.556000000000000272e-01
3.654000000000000026e-01
3.801999999999999824e-01
3.953999999999999737e-01
4.017999999999999905e-01
4.213999999999999968e-01
4.274000000000000021e-01
4.793999999999999928e-01
4.672000000000000042e-01
4.600000000000000200e-01
4.349999999999999978e-01
4.073999999999999844e-01
3.709999999999999964e-01
3.476000000000000201e-01
3.357999999999999874e-01
3.141999999999999793e-01
2.661999999999999922e-01
2.641999999999999904e-01
2.179999999999999993e-01
2.303999999999999937e-01
1.960000000000000075e-01
1.784000000000000030e-01
1.252000000000000057e-01
1.242000000000000048e-01
1.212000000000000022e-01
1.236000000000000015e-01
1.188000000000000028e-01
1.158000000000000002e-01
1.257999999999999952e-01
1.219999999999999973e-01
1.126000000000000056e-01
1.673999999999999932e-01
1.691999999999999893e-01
1.653999999999999915e-01
1.612000000000000099e-01
1.630000000000000060e-01
1.562000000000000055e-01
1.723999999999999977e-01
1.678000000000000047e-01
1.597999999999999976e-01
1.633999999999999897e-01
1.774000000000000021e-01
1.874000000000000110e-01
1.628000000000000003e-01
1.439999999999999891e-01
1.456000000000000072e-01
1.859999999999999987e-01
1.383999999999999952e-01
1.184000000000000052e-01
1.072000000000000036e-01
1.307999999999999996e-01
1.189999999999999947e-01
1.042000000000000010e-01
1.140000000000000041e-01
1.179999999999999938e-01
9.199999999999999845e-02
1.178000000000000019e-01
1.059999999999999970e-01
1.093999999999999972e-01
1.035999999999999976e-01
1.117999999999999966e-01
1.062000000000000027e-01
1.021999999999999992e-01
8.959999999999999909e-02
8.999999999999999667e-02
8.859999999999999820e-02
9.439999999999999780e-02
8.699999999999999400e-02
7.720000000000000473e-02
6.880000000000000004e-02
7.299999999999999545e-02
5.120000000000000245e-02
5.360000000000000181e-02
5.020000000000000157e-02
5.500000000000000028e-02
3.939999999999999752e-02
4.340000000000000108e-02
4.200000000000000261e-02
2.100000000000000130e-02
2.659999999999999865e-02
2.460000000000000034e-02
2.920000000000000026e-02
2.179999999999999993e-02
2.359999999999999945e-02
1.940000000000000058e-02
2.440000000000000155e-02
2.479999999999999913e-02
2.359999999999999945e-02
2.400000000000000050e-02
4.059999999999999720e-02
4.080000000000000293e-02
4.580000000000000043e-02
6.260000000000000286e-02
5.680000000000000326e-02
5.879999999999999810e-02
6.199999999999999956e-02
6.199999999999999956e-02
6.460000000000000464e-02
6.239999999999999714e-02
6.239999999999999714e-02
5.759999999999999842e-02
6.400000000000000133e-02
6.099999999999999867e-02
6.700000000000000400e-02
5.859999999999999931e-02
6.740000000000000158e-02
5.680000000000000326e-02
6.779999999999999916e-02
6.260000000000000286e-02
6.360000000000000375e-02
6.079999999999999988e-02
6.579999999999999738e-02
6.160000000000000198e-02
6.660000000000000642e-02
6.600000000000000311e-02
9.400000000000000022e-02
1.126000000000000056e-01
1.107999999999999957e-01
1.044000000000000067e-01
1.188000000000000028e-01
1.267999999999999960e-01
1.448000000000000120e-01
1.504000000000000059e-01
1.766000000000000070e-01
1.741999999999999937e-01
2.088000000000000134e-01
2.338000000000000078e-01
2.681999999999999940e-01
2.581999999999999851e-01
2.889999999999999791e-01
3.025999999999999801e-01
3.078000000000000180e-01
3.588000000000000078e-01
3.950000000000000178e-01
3.877999999999999781e-01
3.911999999999999922e-01
4.232000000000000206e-01
4.617999999999999883e-01
4.420000000000000040e-01
4.475999999999999979e-01
5.018000000000000238e-01
4.951999999999999735e-01
4.776000000000000245e-01
4.713999999999999857e-01
4.693999999999999839e-01
4.689999999999999725e-01
4.789999999999999813e-01
4.601999999999999980e-01
4.788000000000000034e-01
4.722000000000000086e-01
4.670000000000000262e-01
4.919999999999999929e-01
4.869999999999999885e-01
5.000000000000000000e-01
4.848000000000000087e-01
4.975999999999999868e-01
5.023999999999999577e-01
4.865999999999999770e-01
4.862000000000000210e-01
4.888000000000000123e-01
4.939999999999999947e-01
4.888000000000000123e-01
5.000000000000000000e-01
5.001999999999999780e-01
5.028000000000000247e-01
5.006000000000000449e-01
4.842000000000000193e-01
4.961999999999999744e-01
4.500000000000000111e-01
4.842000000000000193e-01
4.889999999999999902e-01
4.945999999999999841e-01
4.829999999999999849e-01
4.506000000000000005e-01
4.898000000000000131e-01
4.912000000000000255e-01
4.842000000000000193e-01
4.621999999999999997e-01
5.081999999999999851e-01
5.070000000000000062e-01
5.096000000000000529e-01
4.713999999999999857e-01
4.455999999999999961e-01
4.394000000000000128e-01
3.854000000000000203e-01
3.987999999999999878e-01
3.854000000000000203e-01
3.528000000000000025e-01
3.589999999999999858e-01
3.489999999999999769e-01
3.341999999999999971e-01
3.274000000000000243e-01
3.386000000000000121e-01
3.356000000000000094e-01
3.287999999999999812e-01
3.605999999999999761e-01
3.625999999999999779e-01
3.529999999999999805e-01
3.751999999999999780e-01
3.416000000000000147e-01
3.396000000000000130e-01
3.220000000000000084e-01
3.237999999999999767e-01
3.104000000000000092e-01
2.621999999999999886e-01
2.508000000000000229e-01
2.636000000000000010e-01
2.237999999999999989e-01
2.190000000000000002e-01
2.146000000000000130e-01
1.983999999999999930e-01
1.746000000000000052e-01
1.630000000000000060e-01
1.655999999999999972e-01
1.645999999999999963e-01
1.658000000000000029e-01
1.661999999999999866e-01
1.524000000000000077e-01
1.283999999999999864e-01
1.361999999999999877e-01
8.999999999999999667e-02
7.439999999999999392e-02
7.620000000000000384e-02
6.239999999999999714e-02
5.800000000000000294e-02
6.660000000000000642e-02
6.300000000000000044e-02
6.199999999999999956e-02
5.519999999999999907e-02
6.379999999999999560e-02
6.199999999999999956e-02
6.160000000000000198e-02
4.819999999999999979e-02
5.360000000000000181e-02
5.260000000000000092e-02
6.980000000000000093e-02
7.359999999999999876e-02
6.419999999999999318e-02
6.600000000000000311e-02
6.539999999999999980e-02
6.119999999999999746e-02
6.079999999999999988e-02
5.999999999999999778e-02
5.739999999999999963e-02
9.420000000000000595e-02
1.078000000000000069e-01
1.144000000000000017e-01
1.726000000000000034e-01
1.817999999999999894e-01
2.240000000000000047e-01
2.283999999999999919e-01
3.069999999999999951e-01
3.224000000000000199e-01
3.758000000000000229e-01
4.424000000000000155e-01
4.853999999999999981e-01
4.994000000000000106e-01
5.038000000000000256e-01
4.961999999999999744e-01
4.833999999999999964e-01
4.408000000000000251e-01
4.062000000000000055e-01
3.725999999999999868e-01
3.634000000000000008e-01
3.615999999999999770e-01
3.612000000000000210e-01
3.575999999999999734e-01
3.652000000000000246e-01
3.709999999999999964e-01
3.684000000000000052e-01
3.376000000000000112e-01
3.528000000000000025e-01
3.518000000000000016e-01
3.533999999999999919e-01
3.847999999999999754e-01
3.811999999999999833e-01
4.235999999999999766e-01
4.621999999999999997e-01
4.909999999999999920e-01
5.078000000000000291e-01
4.839999999999999858e-01
4.381999999999999784e-01
4.295999999999999819e-01
4.122000000000000108e-01
3.731999999999999762e-01
3.615999999999999770e-01
3.214000000000000190e-01
3.115999999999999881e-01
3.038000000000000145e-01
3.005999999999999783e-01
2.721999999999999975e-01
2.863999999999999879e-01
2.580000000000000071e-01
2.524000000000000132e-01
2.595999999999999974e-01
2.479999999999999982e-01
2.320000000000000118e-01
2.594000000000000195e-01
2.790000000000000258e-01
2.651999999999999913e-01
2.710000000000000187e-01
2.680000000000000160e-01
3.221999999999999864e-01
3.114000000000000101e-01
3.397999999999999909e-01
3.416000000000000147e-01
3.370000000000000218e-01
3.599999999999999867e-01
3.595999999999999752e-01
3.513999999999999901e-01
3.718000000000000194e-01
3.618000000000000105e-01
3.678000000000000158e-01
3.668000000000000149e-01
3.751999999999999780e-01
3.422000000000000042e-01
3.333999999999999742e-01
3.472000000000000086e-01
3.341999999999999971e-01
3.340000000000000191e-01
3.357999999999999874e-01
3.316000000000000059e-01
3.261999999999999900e-01
3.274000000000000243e-01
3.264000000000000234e-01
3.187999999999999723e-01
3.214000000000000190e-01
3.343999999999999750e-01
3.360000000000000209e-01
3.141999999999999793e-01
3.185999999999999943e-01
3.088000000000000189e-01
3.014000000000000012e-01
2.916000000000000258e-01
1.814000000000000057e-01
2.308000000000000052e-01
2.459999999999999964e-01
2.260000000000000064e-01
1.950000000000000067e-01
1.799999999999999933e-01
1.630000000000000060e-01
1.796000000000000096e-01
2.295999999999999985e-01
2.275999999999999968e-01
1.983999999999999930e-01
2.631999999999999895e-01
2.816000000000000170e-01
2.878000000000000003e-01
2.762000000000000011e-01
3.055999999999999828e-01
3.160000000000000031e-01
3.380000000000000226e-01
3.443999999999999839e-01
3.870000000000000107e-01
3.907999999999999807e-01
3.760000000000000009e-01
4.149999999999999800e-01
4.888000000000000123e-01
4.696000000000000174e-01
4.305999999999999828e-01
4.329999999999999960e-01
3.579999999999999849e-01
3.518000000000000016e-01
3.539999999999999813e-01
3.509999999999999787e-01
3.602000000000000202e-01
3.699999999999999956e-01
3.538000000000000034e-01
3.241999999999999882e-01
3.266000000000000014e-01
2.786000000000000143e-01
2.772000000000000020e-01
2.965999999999999748e-01
2.918000000000000038e-01
2.995999999999999774e-01
3.025999999999999801e-01
3.008000000000000118e-01
3.290000000000000147e-01
3.271999999999999909e-01
3.225999999999999979e-01
3.274000000000000243e-01
3.174000000000000155e-01
3.573999999999999955e-01
3.442000000000000060e-01
3.563999999999999946e-01
3.735999999999999877e-01
3.760000000000000009e-01
3.618000000000000105e-01
3.598000000000000087e-01
3.532000000000000139e-01
3.672000000000000264e-01
3.532000000000000139e-01
3.473999999999999866e-01
3.234000000000000208e-01
3.039999999999999925e-01
2.892000000000000126e-01
2.787999999999999923e-01
2.812000000000000055e-01
2.409999999999999920e-01
2.363999999999999990e-01
2.117999999999999883e-01
1.930000000000000049e-01
1.981999999999999873e-01
2.386000000000000065e-01
2.136000000000000121e-01
2.146000000000000130e-01
2.528000000000000247e-01
2.792000000000000037e-01
2.943999999999999950e-01
2.812000000000000055e-01
3.178000000000000269e-01
4.119999999999999774e-01
4.245999999999999774e-01
3.977999999999999869e-01
4.046000000000000152e-01
3.840000000000000080e-01
4.208000000000000074e-01
4.495999999999999996e-01
5.143999999999999684e-01
4.968000000000000194e-01
4.727999999999999980e-01
3.867999999999999772e-01
3.609999999999999876e-01
3.403999999999999804e-01
3.558000000000000052e-01
3.565999999999999726e-01
3.432000000000000051e-01
2.945999999999999730e-01
2.283999999999999919e-01
2.000000000000000111e-01
2.018000000000000071e-01
2.013999999999999957e-01
1.917999999999999983e-01
2.129999999999999949e-01
2.038000000000000089e-01
2.207999999999999963e-01
2.147999999999999909e-01
2.172000000000000042e-01
2.177999999999999936e-01
2.295999999999999985e-01
2.361999999999999933e-01
2.305999999999999994e-01
2.300000000000000100e-01
2.310000000000000109e-01
2.351999999999999924e-01
2.577999999999999736e-01
2.594000000000000195e-01
2.975999999999999757e-01
3.069999999999999951e-01
3.486000000000000210e-01
4.146000000000000241e-01
4.176000000000000267e-01
4.195999999999999730e-01
4.541999999999999926e-01
4.988000000000000211e-01
3.986000000000000099e-01
4.083999999999999853e-01
3.983999999999999764e-01
4.010000000000000231e-01
3.983999999999999764e-01
3.840000000000000080e-01
3.734000000000000097e-01
3.814000000000000168e-01
3.638000000000000123e-01
3.635999999999999788e-01
3.301999999999999935e-01
3.164000000000000146e-01
2.883999999999999897e-01
2.842000000000000082e-01
2.741999999999999993e-01
2.710000000000000187e-01
3.009999999999999898e-01
3.014000000000000012e-01
2.837999999999999967e-01
2.888000000000000012e-01
2.680000000000000160e-01
2.829999999999999738e-01
2.773999999999999799e-01
2.558000000000000274e-01
2.601999999999999869e-01
2.577999999999999736e-01
2.346000000000000030e-01
2.384000000000000008e-01
2.253999999999999893e-01
2.505999999999999894e-01
2.475999999999999868e-01
2.222000000000000086e-01
2.194000000000000117e-01
1.940000000000000058e-01
1.733999999999999986e-01
1.766000000000000070e-01
1.812000000000000000e-01
1.391999999999999904e-01
1.602000000000000091e-01
1.617999999999999994e-01
1.262000000000000066e-01
1.242000000000000048e-01
1.293999999999999873e-01
1.123999999999999999e-01
1.035999999999999976e-01
1.072000000000000036e-01
1.068000000000000060e-01
1.171999999999999986e-01
1.141999999999999960e-01
1.254000000000000115e-01
1.059999999999999970e-01
1.058000000000000052e-01
1.170000000000000068e-01
1.111999999999999933e-01
1.068000000000000060e-01
9.879999999999999893e-02
1.106000000000000039e-01
1.466000000000000081e-01
1.408000000000000085e-01
1.464000000000000024e-01
1.370000000000000107e-01
1.661999999999999866e-01
2.053999999999999992e-01
2.258000000000000007e-01
2.240000000000000047e-01
1.988000000000000045e-01
2.281999999999999862e-01
1.907999999999999974e-01
2.069999999999999896e-01
2.235999999999999932e-01
1.904000000000000137e-01
2.048000000000000098e-01
2.041999999999999926e-01
2.313999999999999946e-01
2.316000000000000003e-01
2.069999999999999896e-01
2.097999999999999865e-01
1.981999999999999873e-01
1.678000000000000047e-01
1.615999999999999936e-01
1.323999999999999899e-01
1.370000000000000107e-01
1.345999999999999974e-01
1.466000000000000081e-01
1.373999999999999944e-01
1.403999999999999970e-01
1.658000000000000029e-01
1.690000000000000113e-01
1.776000000000000079e-01
1.799999999999999933e-01
1.855999999999999872e-01
1.892000000000000071e-01
1.880000000000000004e-01
2.049999999999999878e-01
1.983999999999999930e-01
1.963999999999999913e-01
1.995999999999999996e-01
1.981999999999999873e-01
1.920000000000000040e-01
2.349999999999999867e-01
2.323999999999999955e-01
2.495999999999999885e-01
2.419999999999999929e-01
2.936000000000000276e-01
3.506000000000000227e-01
3.321999999999999953e-01
3.453999999999999848e-01
4.076000000000000179e-01
3.585999999999999743e-01
3.900000000000000133e-01
3.884000000000000230e-01
3.947999999999999843e-01
3.973999999999999755e-01
4.173999999999999932e-01
4.023999999999999799e-01
3.734000000000000097e-01
4.491999999999999882e-01
4.637999999999999901e-01
4.632000000000000006e-01
4.709999999999999742e-01
4.653999999999999804e-01
4.763999999999999901e-01
4.833999999999999964e-01
4.652000000000000024e-01
4.586000000000000076e-01
4.663999999999999813e-01
4.875999999999999779e-01
4.979999999999999982e-01
4.892000000000000237e-01
4.391999999999999793e-01
4.278000000000000136e-01
4.272000000000000242e-01
4.153999999999999915e-01
4.219999999999999862e-01
4.106000000000000205e-01
4.338000000000000189e-01
4.358000000000000207e-01
4.072000000000000064e-01
4.202000000000000179e-01
4.143999999999999906e-01
3.734000000000000097e-01
3.877999999999999781e-01
4.017999999999999905e-01
4.235999999999999766e-01
3.865999999999999992e-01
3.960000000000000187e-01
3.886000000000000010e-01
3.996000000000000107e-01
3.897999999999999798e-01
4.062000000000000055e-01
4.203999999999999959e-01
4.474000000000000199e-01
4.375999999999999890e-01
4.345999999999999863e-01
4.388000000000000234e-01
3.814000000000000168e-01
3.556000000000000272e-01
3.588000000000000078e-01
3.578000000000000069e-01
3.572000000000000175e-01
3.536000000000000254e-01
3.327999999999999847e-01
2.752000000000000002e-01
2.686000000000000054e-01
2.823999999999999844e-01
2.736000000000000099e-01
2.691999999999999948e-01
2.561999999999999833e-01
2.727999999999999869e-01
2.721999999999999975e-01
2.995999999999999774e-01
3.074000000000000066e-01
2.959999999999999853e-01
3.094000000000000083e-01
3.069999999999999951e-01
2.982000000000000206e-01
3.201999999999999846e-01
2.969999999999999862e-01
2.646000000000000019e-01
2.807999999999999940e-01
2.979999999999999871e-01
3.241999999999999882e-01
3.463999999999999857e-01
3.583999999999999964e-01
3.542000000000000148e-01
4.050000000000000266e-01
4.228000000000000091e-01
4.275999999999999801e-01
4.099999999999999756e-01
4.282000000000000250e-01
4.341999999999999749e-01
4.381999999999999784e-01
4.304000000000000048e-01
4.809999999999999831e-01
5.021999999999999797e-01
5.011999999999999789e-01
4.961999999999999744e-01
4.938000000000000167e-01
4.875999999999999779e-01
4.576000000000000068e-01
4.441999999999999837e-01
3.966000000000000081e-01
3.986000000000000099e-01
3.981999999999999984e-01
3.993999999999999773e-01
3.844000000000000195e-01
3.755999999999999894e-01
3.699999999999999956e-01
3.691999999999999726e-01
3.446000000000000174e-01
3.313999999999999724e-01
3.452000000000000068e-01
3.210000000000000075e-01
