2.945999999999999730e-01
3.331999999999999962e-01
3.542000000000000148e-01
3.622000000000000219e-01
3.628000000000000114e-01
3.529999999999999805e-01
3.750000000000000000e-01
1.822000000000000008e-01
8.859999999999999820e-02
4.120000000000000051e-02
4.080000000000000293e-02
2.259999999999999856e-02
2.520000000000000018e-02
5.000000000000000104e-03
7.199999999999999803e-03
7.799999999999999642e-03
2.620000000000000107e-02
3.939999999999999752e-02
5.920000000000000262e-02
3.939999999999999752e-02
4.259999999999999898e-02
3.359999999999999792e-02
2.840000000000000163e-02
2.160000000000000114e-02
4.059999999999999720e-02
2.719999999999999848e-02
2.840000000000000163e-02
7.939999999999999836e-02
1.436000000000000054e-01
1.685999999999999999e-01
1.882000000000000062e-01
2.149999999999999967e-01
2.475999999999999868e-01
2.757999999999999896e-01
2.731999999999999984e-01
4.560000000000000164e-01
4.583999999999999742e-01
4.768000000000000016e-01
4.667999999999999927e-01
4.215999999999999748e-01
3.251999999999999891e-01
3.708000000000000185e-01
3.140000000000000013e-01
2.368000000000000105e-01
2.757999999999999896e-01
3.256000000000000005e-01
3.648000000000000131e-01
5.006000000000000449e-01
4.687999999999999945e-01
4.737999999999999989e-01
4.289999999999999925e-01
4.166000000000000258e-01
4.506000000000000005e-01
4.763999999999999901e-01
4.692000000000000060e-01
4.030000000000000249e-01
3.654000000000000026e-01
2.531999999999999806e-01
1.277999999999999969e-01
8.939999999999999336e-02
9.579999999999999627e-02
8.939999999999999336e-02
8.580000000000000127e-02
7.639999999999999569e-02
1.130000000000000032e-01
2.142000000000000015e-01
3.221999999999999864e-01
4.136000000000000232e-01
4.451999999999999846e-01
4.955999999999999850e-01
4.924000000000000044e-01
4.944000000000000061e-01
5.103999999999999648e-01
4.292000000000000259e-01
4.193999999999999950e-01
4.988000000000000211e-01
4.159999999999999809e-01
3.200000000000000067e-01
3.284000000000000252e-01
2.786000000000000143e-01
2.938000000000000056e-01
3.237999999999999767e-01
3.012000000000000233e-01
2.962000000000000188e-01
2.479999999999999982e-01
2.587999999999999745e-01
2.361999999999999933e-01
3.346000000000000085e-01
3.907999999999999807e-01
4.954000000000000070e-01
4.195999999999999730e-01
4.178000000000000047e-01
4.258000000000000118e-01
3.854000000000000203e-01
3.678000000000000158e-01
3.472000000000000086e-01
2.690000000000000169e-01
2.220000000000000029e-01
1.756000000000000061e-01
8.219999999999999529e-02
8.379999999999999949e-02
3.520000000000000212e-02
8.000000000000000383e-04
2.620000000000000107e-02
3.320000000000000034e-02
5.059999999999999915e-02
1.222000000000000031e-01
1.529999999999999971e-01
1.794000000000000039e-01
1.819999999999999951e-01
2.079999999999999905e-01
2.243999999999999884e-01
2.326000000000000012e-01
2.780000000000000249e-01
3.916000000000000036e-01
4.573999999999999733e-01
3.019999999999999907e-01
1.915999999999999925e-01
1.577999999999999958e-01
1.577999999999999958e-01
1.713999999999999968e-01
1.917999999999999983e-01
2.126000000000000112e-01
2.541999999999999815e-01
2.913999999999999924e-01
3.901999999999999913e-01
3.529999999999999805e-01
2.723999999999999755e-01
1.852000000000000035e-01
1.872000000000000053e-01
1.529999999999999971e-01
8.840000000000000635e-02
8.999999999999999667e-02
9.479999999999999538e-02
8.699999999999999400e-02
5.319999999999999729e-02
1.441999999999999948e-01
1.680000000000000104e-01
4.057999999999999940e-01
4.729999999999999760e-01
4.809999999999999831e-01
4.637999999999999901e-01
4.729999999999999760e-01
4.520000000000000129e-01
4.652000000000000024e-01
4.627999999999999892e-01
4.520000000000000129e-01
4.511999999999999900e-01
4.934000000000000052e-01
4.551999999999999935e-01
3.897999999999999798e-01
3.622000000000000219e-01
3.257999999999999785e-01
2.756000000000000116e-01
1.875999999999999890e-01
1.542000000000000037e-01
1.458000000000000129e-01
1.062000000000000027e-01
8.379999999999999949e-02
6.660000000000000642e-02
2.680000000000000090e-02
3.119999999999999857e-02
3.400000000000000244e-02
3.479999999999999760e-02
2.239999999999999977e-02
5.199999999999999761e-03
2.000000000000000042e-02
4.320000000000000229e-02
8.580000000000000127e-02
9.619999999999999385e-02
2.534000000000000141e-01
2.803999999999999826e-01
2.972000000000000197e-01
2.671999999999999931e-01
2.654000000000000248e-01
2.064000000000000001e-01
1.136000000000000065e-01
3.740000000000000269e-02
2.120000000000000009e-02
7.799999999999999642e-03
5.999999999999999474e-04
7.799999999999999642e-03
6.439999999999999891e-02
8.459999999999999465e-02
1.252000000000000057e-01
1.719999999999999862e-01
2.767999999999999905e-01
3.290000000000000147e-01
3.721999999999999753e-01
3.986000000000000099e-01
3.981999999999999984e-01
4.339999999999999969e-01
5.011999999999999789e-01
4.586000000000000076e-01
4.762000000000000122e-01
4.813999999999999946e-01
5.001999999999999780e-01
4.961999999999999744e-01
4.914000000000000035e-01
4.759999999999999787e-01
4.696000000000000174e-01
4.274000000000000021e-01
4.193999999999999950e-01
4.601999999999999980e-01
4.405999999999999917e-01
4.435999999999999943e-01
4.464000000000000190e-01
4.670000000000000262e-01
4.974000000000000088e-01
4.637999999999999901e-01
4.925999999999999823e-01
4.527999999999999803e-01
4.580000000000000182e-01
4.501999999999999891e-01
4.848000000000000087e-01
4.706000000000000183e-01
4.480000000000000093e-01
4.324000000000000066e-01
4.186000000000000276e-01
3.436000000000000165e-01
3.573999999999999955e-01
4.073999999999999844e-01
4.680000000000000271e-01
4.647999999999999909e-01
4.788000000000000034e-01
4.687999999999999945e-01
5.040000000000000036e-01
4.758000000000000007e-01
4.752000000000000113e-01
4.239999999999999880e-01
3.930000000000000160e-01
4.404000000000000137e-01
3.814000000000000168e-01
4.239999999999999880e-01
4.670000000000000262e-01
4.909999999999999920e-01
3.526000000000000245e-01
3.240000000000000102e-01
2.318000000000000060e-01
1.449999999999999900e-01
1.082000000000000045e-01
1.032000000000000001e-01
5.999999999999999778e-02
6.419999999999999318e-02
4.420000000000000318e-02
2.380000000000000171e-02
7.799999999999999642e-03
5.000000000000000104e-03
8.600000000000000006e-03
7.000000000000000146e-03
1.000000000000000021e-02
8.000000000000000383e-04
1.799999999999999951e-03
2.699999999999999969e-02
5.619999999999999996e-02
7.380000000000000449e-02
1.066000000000000003e-01
8.980000000000000482e-02
1.219999999999999973e-01
1.932000000000000106e-01
1.965999999999999970e-01
1.965999999999999970e-01
1.801999999999999991e-01
2.165999999999999870e-01
2.205999999999999905e-01
2.048000000000000098e-01
2.366000000000000048e-01
2.421999999999999986e-01
2.253999999999999893e-01
1.718000000000000083e-01
1.832000000000000017e-01
1.698000000000000065e-01
1.517999999999999905e-01
1.323999999999999899e-01
1.247999999999999943e-01
1.310000000000000053e-01
1.418000000000000094e-01
1.348000000000000032e-01
8.640000000000000457e-02
6.840000000000000246e-02
7.900000000000000078e-02
1.010000000000000064e-01
1.386000000000000010e-01
1.335999999999999965e-01
1.338000000000000023e-01
1.312000000000000111e-01
1.741999999999999937e-01
1.302000000000000102e-01
9.600000000000000200e-02
1.272000000000000075e-01
1.295999999999999930e-01
2.215999999999999914e-01
2.028000000000000080e-01
2.172000000000000042e-01
3.930000000000000160e-01
4.163999999999999924e-01
5.031999999999999806e-01
4.853999999999999981e-01
4.994000000000000106e-01
4.934000000000000052e-01
5.018000000000000238e-01
4.865999999999999770e-01
4.919999999999999929e-01
5.028000000000000247e-01
4.749999999999999778e-01
4.547999999999999821e-01
4.593999999999999750e-01
4.663999999999999813e-01
2.605999999999999983e-01
1.633999999999999897e-01
1.055999999999999994e-01
1.044000000000000067e-01
1.391999999999999904e-01
1.411999999999999922e-01
1.459999999999999909e-01
1.602000000000000091e-01
2.301999999999999880e-01
2.545999999999999930e-01
2.086000000000000076e-01
1.539999999999999980e-01
1.718000000000000083e-01
2.235999999999999932e-01
2.667999999999999816e-01
3.407999999999999918e-01
4.033999999999999808e-01
4.351999999999999758e-01
4.776000000000000245e-01
3.890000000000000124e-01
2.829999999999999738e-01
2.427999999999999881e-01
1.857999999999999929e-01
2.472000000000000031e-01
2.899999999999999800e-01
3.402000000000000024e-01
4.153999999999999915e-01
4.501999999999999891e-01
4.593999999999999750e-01
4.567999999999999838e-01
4.601999999999999980e-01
4.703999999999999848e-01
5.046000000000000485e-01
4.928000000000000158e-01
4.097999999999999976e-01
3.810000000000000053e-01
3.387999999999999901e-01
2.464000000000000079e-01
2.842000000000000082e-01
2.923999999999999932e-01
4.924000000000000044e-01
1.985999999999999988e-01
2.051999999999999935e-01
1.544000000000000095e-01
1.499999999999999944e-01
1.653999999999999915e-01
8.519999999999999796e-02
7.059999999999999609e-02
6.519999999999999407e-02
3.819999999999999785e-02
7.799999999999999642e-03
6.400000000000000307e-03
7.599999999999999985e-03
5.199999999999999761e-03
8.200000000000000691e-03
7.400000000000000328e-03
7.199999999999999803e-03
1.600000000000000077e-03
4.000000000000000192e-04
8.000000000000000383e-04
8.000000000000000383e-04
8.200000000000000691e-03
8.399999999999999481e-03
2.280000000000000082e-02
1.272000000000000075e-01
2.426000000000000101e-01
3.022000000000000242e-01
3.174000000000000155e-01
2.943999999999999950e-01
2.575999999999999956e-01
1.247999999999999943e-01
1.198000000000000037e-01
1.208000000000000046e-01
1.398000000000000076e-01
1.950000000000000067e-01
1.844000000000000083e-01
1.602000000000000091e-01
2.636000000000000010e-01
1.844000000000000083e-01
5.999999999999999778e-02
4.240000000000000019e-02
3.939999999999999752e-02
5.920000000000000262e-02
5.940000000000000141e-02
6.239999999999999714e-02
5.120000000000000245e-02
7.860000000000000320e-02
6.060000000000000109e-02
2.699999999999999969e-02
2.860000000000000042e-02
2.460000000000000034e-02
7.000000000000000146e-03
8.399999999999999481e-03
3.359999999999999792e-02
5.580000000000000238e-02
5.619999999999999996e-02
1.283999999999999864e-01
1.807999999999999885e-01
2.766000000000000125e-01
4.587999999999999856e-01
3.618000000000000105e-01
2.988000000000000100e-01
2.823999999999999844e-01
3.407999999999999918e-01
4.192000000000000171e-01
4.596000000000000085e-01
4.504000000000000226e-01
2.876000000000000223e-01
1.995999999999999996e-01
9.020000000000000240e-02
9.099999999999999756e-02
5.840000000000000052e-02
1.073999999999999955e-01
1.034000000000000058e-01
1.593999999999999861e-01
2.972000000000000197e-01
3.795999999999999930e-01
4.445999999999999952e-01
4.975999999999999868e-01
4.746000000000000218e-01
3.138000000000000234e-01
2.866000000000000214e-01
2.792000000000000037e-01
2.205999999999999905e-01
1.698000000000000065e-01
1.796000000000000096e-01
2.205999999999999905e-01
1.880000000000000004e-01
1.927999999999999992e-01
2.147999999999999909e-01
2.202000000000000068e-01
2.030000000000000138e-01
2.411999999999999977e-01
2.580000000000000071e-01
2.388000000000000123e-01
2.232000000000000095e-01
2.570000000000000062e-01
2.975999999999999757e-01
3.609999999999999876e-01
4.531999999999999917e-01
3.886000000000000010e-01
2.952000000000000179e-01
2.091999999999999971e-01
1.643999999999999906e-01
1.431999999999999940e-01
2.078000000000000125e-01
2.963999999999999968e-01
4.153999999999999915e-01
4.611999999999999988e-01
4.843999999999999972e-01
4.727999999999999980e-01
3.543999999999999928e-01
2.862000000000000099e-01
3.108000000000000207e-01
3.004000000000000004e-01
2.985999999999999766e-01
2.972000000000000197e-01
3.170000000000000040e-01
3.699999999999999956e-01
4.812000000000000166e-01
4.042000000000000037e-01
2.866000000000000214e-01
2.492000000000000048e-01
1.567999999999999949e-01
1.431999999999999940e-01
1.771999999999999964e-01
2.707999999999999852e-01
2.600000000000000089e-01
3.247999999999999776e-01
4.126000000000000223e-01
4.027999999999999914e-01
4.259999999999999898e-01
4.325999999999999845e-01
4.339999999999999969e-01
4.129999999999999782e-01
4.304000000000000048e-01
4.411999999999999811e-01
4.819999999999999840e-01
4.869999999999999885e-01
4.570000000000000173e-01
4.500000000000000111e-01
4.254000000000000004e-01
3.805999999999999939e-01
2.973999999999999977e-01
2.088000000000000134e-01
1.378000000000000058e-01
1.209999999999999964e-01
1.451999999999999957e-01
1.348000000000000032e-01
1.567999999999999949e-01
1.574000000000000121e-01
2.439999999999999947e-01
2.807999999999999940e-01
2.627999999999999781e-01
2.097999999999999865e-01
2.515999999999999903e-01
2.411999999999999977e-01
2.051999999999999935e-01
2.273999999999999910e-01
3.261999999999999900e-01
3.361999999999999988e-01
3.447999999999999954e-01
4.057999999999999940e-01
4.912000000000000255e-01
4.345999999999999863e-01
4.268000000000000127e-01
4.053999999999999826e-01
4.335999999999999854e-01
4.650000000000000244e-01
4.138000000000000012e-01
4.027999999999999914e-01
3.310000000000000164e-01
3.698000000000000176e-01
4.934000000000000052e-01
3.770000000000000018e-01
4.742000000000000104e-01
3.367999999999999883e-01
3.967999999999999861e-01
3.603999999999999981e-01
2.411999999999999977e-01
2.124000000000000055e-01
2.310000000000000109e-01
1.779999999999999916e-01
1.970000000000000084e-01
2.175999999999999879e-01
2.535999999999999921e-01
3.668000000000000149e-01
4.932000000000000273e-01
3.402000000000000024e-01
1.388000000000000067e-01
1.325999999999999956e-01
1.431999999999999940e-01
1.613999999999999879e-01
2.174000000000000099e-01
2.467999999999999916e-01
2.452000000000000013e-01
2.378000000000000114e-01
1.875999999999999890e-01
1.439999999999999891e-01
6.819999999999999674e-02
4.400000000000000265e-03
7.799999999999999642e-03
7.000000000000000146e-03
9.400000000000000369e-03
6.599999999999999964e-03
9.199999999999999845e-03
6.799999999999999621e-03
2.280000000000000082e-02
7.299999999999999545e-02
8.719999999999999973e-02
1.019999999999999934e-01
1.952000000000000124e-01
2.132000000000000006e-01
2.409999999999999920e-01
3.034000000000000030e-01
3.528000000000000025e-01
4.223999999999999977e-01
4.467999999999999750e-01
5.001999999999999780e-01
5.031999999999999806e-01
4.689999999999999725e-01
4.408000000000000251e-01
4.773999999999999910e-01
4.693999999999999839e-01
3.951999999999999957e-01
2.979999999999999871e-01
1.912000000000000088e-01
9.059999999999999998e-02
8.219999999999999529e-02
6.379999999999999560e-02
5.179999999999999882e-02
7.140000000000000513e-02
6.600000000000000311e-02
1.086000000000000021e-01
1.342000000000000137e-01
9.900000000000000466e-02
7.539999999999999480e-02
8.999999999999999667e-02
9.059999999999999998e-02
5.340000000000000302e-02
4.900000000000000189e-02
2.840000000000000163e-02
6.640000000000000069e-02
6.560000000000000553e-02
6.759999999999999343e-02
5.779999999999999721e-02
6.500000000000000222e-02
2.939999999999999905e-02
2.400000000000000050e-02
2.680000000000000090e-02
3.760000000000000148e-02
4.080000000000000293e-02
4.080000000000000293e-02
3.960000000000000325e-02
8.600000000000000006e-03
5.999999999999999474e-04
0.000000000000000000e+00
0.000000000000000000e+00
0.000000000000000000e+00
8.600000000000000006e-03
4.059999999999999720e-02
6.040000000000000230e-02
9.239999999999999603e-02
1.441999999999999948e-01
1.743999999999999995e-01
2.505999999999999894e-01
2.965999999999999748e-01
3.191999999999999837e-01
3.155999999999999917e-01
3.154000000000000137e-01
3.165999999999999925e-01
2.833999999999999853e-01
2.872000000000000108e-01
2.584000000000000186e-01
2.398000000000000131e-01
1.915999999999999925e-01
1.116000000000000048e-01
8.039999999999999925e-02
4.039999999999999841e-02
3.520000000000000212e-02
6.799999999999999621e-03
6.799999999999999621e-03
8.600000000000000006e-03
6.599999999999999964e-03
6.799999999999999621e-03
2.220000000000000098e-02
5.040000000000000036e-02
6.439999999999999891e-02
5.220000000000000334e-02
3.080000000000000099e-02
4.580000000000000043e-02
6.579999999999999738e-02
3.520000000000000212e-02
8.200000000000000691e-03
1.399999999999999986e-03
7.599999999999999985e-03
6.400000000000000307e-03
8.399999999999999481e-03
5.400000000000000286e-03
5.599999999999999943e-03
7.539999999999999480e-02
1.600000000000000033e-01
1.794000000000000039e-01
1.796000000000000096e-01
1.900000000000000022e-01
1.526000000000000134e-01
1.411999999999999922e-01
1.491999999999999993e-01
1.330000000000000071e-01
1.233999999999999958e-01
1.087999999999999939e-01
9.900000000000000466e-02
6.140000000000000319e-02
6.460000000000000464e-02
8.160000000000000586e-02
1.416000000000000036e-01
1.932000000000000106e-01
2.217999999999999972e-01
2.066000000000000059e-01
2.540000000000000036e-01
2.973999999999999977e-01
3.290000000000000147e-01
4.563999999999999724e-01
5.068000000000000282e-01
3.032000000000000250e-01
1.419999999999999873e-01
1.421999999999999931e-01
7.000000000000000666e-02
6.099999999999999867e-02
6.660000000000000642e-02
1.603999999999999870e-01
1.489999999999999936e-01
1.801999999999999991e-01
2.449999999999999956e-01
4.922000000000000264e-01
4.895999999999999797e-01
4.689999999999999725e-01
3.317999999999999838e-01
3.260000000000000120e-01
2.822000000000000064e-01
2.424000000000000044e-01
2.215999999999999914e-01
2.617999999999999772e-01
2.968000000000000083e-01
2.233999999999999875e-01
1.632000000000000117e-01
1.260000000000000009e-01
1.376000000000000001e-01
2.273999999999999910e-01
1.960000000000000075e-01
2.078000000000000125e-01
1.806000000000000105e-01
1.804000000000000048e-01
1.829999999999999960e-01
1.968000000000000027e-01
2.253999999999999893e-01
2.982000000000000206e-01
3.980000000000000204e-01
4.828000000000000069e-01
3.008000000000000118e-01
2.823999999999999844e-01
2.192000000000000060e-01
2.333999999999999964e-01
1.693999999999999950e-01
8.179999999999999771e-02
5.439999999999999697e-02
6.079999999999999988e-02
4.440000000000000197e-02
6.419999999999999318e-02
6.600000000000000311e-02
1.423999999999999988e-01
1.708000000000000074e-01
1.970000000000000084e-01
3.884000000000000230e-01
4.839999999999999858e-01
4.713999999999999857e-01
4.686000000000000165e-01
5.013999999999999568e-01
4.213999999999999968e-01
3.508000000000000007e-01
3.721999999999999753e-01
2.610000000000000098e-01
2.926000000000000267e-01
4.056000000000000161e-01
4.536000000000000032e-01
4.374000000000000110e-01
4.153999999999999915e-01
4.128000000000000003e-01
3.462000000000000077e-01
3.652000000000000246e-01
4.430000000000000049e-01
4.637999999999999901e-01
3.920000000000000151e-01
2.959999999999999853e-01
2.353999999999999981e-01
1.431999999999999940e-01
1.068000000000000060e-01
6.460000000000000464e-02
2.920000000000000026e-02
3.300000000000000155e-02
1.940000000000000058e-02
6.579999999999999738e-02
1.426000000000000045e-01
1.497999999999999887e-01
1.819999999999999951e-01
2.094000000000000028e-01
2.134000000000000064e-01
2.763999999999999790e-01
3.022000000000000242e-01
2.640000000000000124e-01
2.426000000000000101e-01
2.104000000000000037e-01
2.285999999999999976e-01
2.604000000000000203e-01
3.038000000000000145e-01
3.443999999999999839e-01
4.394000000000000128e-01
4.192000000000000171e-01
3.403999999999999804e-01
3.165999999999999925e-01
3.171999999999999820e-01
4.388000000000000234e-01
4.935999999999999832e-01
4.282000000000000250e-01
4.103999999999999870e-01
4.716000000000000192e-01
4.022000000000000020e-01
3.851999999999999869e-01
3.065999999999999837e-01
2.664000000000000257e-01
2.439999999999999947e-01
2.215999999999999914e-01
1.786000000000000087e-01
2.146000000000000130e-01
2.790000000000000258e-01
2.597999999999999754e-01
2.767999999999999905e-01
3.130000000000000004e-01
2.902000000000000135e-01
2.321999999999999897e-01
2.842000000000000082e-01
2.873999999999999888e-01
2.989999999999999880e-01
3.433999999999999830e-01
4.683999999999999830e-01
3.220000000000000084e-01
1.428000000000000103e-01
1.330000000000000071e-01
9.600000000000000200e-02
7.699999999999999900e-02
4.039999999999999841e-02
3.660000000000000059e-02
8.019999999999999352e-02
1.237999999999999934e-01
1.509999999999999953e-01
2.109999999999999931e-01
2.494000000000000106e-01
2.540000000000000036e-01
2.866000000000000214e-01
2.594000000000000195e-01
2.792000000000000037e-01
2.839999999999999747e-01
3.081999999999999740e-01
3.164000000000000146e-01
3.990000000000000213e-01
4.097999999999999976e-01
4.378000000000000225e-01
4.611999999999999988e-01
4.663999999999999813e-01
4.673999999999999821e-01
4.289999999999999925e-01
4.172000000000000153e-01
4.096000000000000196e-01
4.650000000000000244e-01
4.404000000000000137e-01
3.967999999999999861e-01
2.975999999999999757e-01
3.267999999999999794e-01
4.022000000000000020e-01
4.717999999999999972e-01
5.003999999999999559e-01
4.964000000000000079e-01
4.961999999999999744e-01
3.784000000000000141e-01
3.326000000000000068e-01
3.260000000000000120e-01
3.330000000000000182e-01
3.148000000000000242e-01
2.975999999999999757e-01
2.746000000000000107e-01
2.253999999999999893e-01
1.754000000000000004e-01
1.562000000000000055e-01
1.572000000000000064e-01
1.534000000000000086e-01
1.459999999999999909e-01
1.371999999999999886e-01
1.565999999999999892e-01
1.532000000000000028e-01
1.582000000000000073e-01
1.025999999999999968e-01
1.024000000000000049e-01
7.979999999999999594e-02
