3.711999999999999744e-01
2.989999999999999880e-01
1.547999999999999932e-01
4.039999999999999841e-02
2.239999999999999977e-02
9.180000000000000659e-02
1.454000000000000015e-01
2.222000000000000086e-01
2.780000000000000249e-01
3.433999999999999830e-01
3.543999999999999928e-01
4.580000000000000182e-01
4.813999999999999946e-01
4.822000000000000175e-01
4.420000000000000040e-01
4.312000000000000277e-01
4.556000000000000050e-01
4.312000000000000277e-01
4.355999999999999872e-01
4.457999999999999741e-01
4.398000000000000242e-01
4.855999999999999761e-01
4.994000000000000106e-01
4.597999999999999865e-01
4.213999999999999968e-01
4.979999999999999982e-01
4.762000000000000122e-01
4.022000000000000020e-01
2.607999999999999763e-01
1.406000000000000028e-01
8.799999999999999489e-02
7.199999999999999456e-02
5.920000000000000262e-02
5.999999999999999778e-02
6.640000000000000069e-02
7.760000000000000231e-02
1.355999999999999983e-01
1.925999999999999934e-01
2.146000000000000130e-01
2.386000000000000065e-01
1.930000000000000049e-01
1.892000000000000071e-01
1.559999999999999998e-01
1.199999999999999956e-01
8.820000000000000062e-02
1.340000000000000080e-01
2.164000000000000090e-01
2.776000000000000134e-01
3.608000000000000096e-01
4.500000000000000111e-01
5.106000000000000538e-01
4.819999999999999840e-01
4.909999999999999920e-01
5.000000000000000000e-01
4.633999999999999786e-01
4.808000000000000052e-01
4.663999999999999813e-01
4.371999999999999775e-01
4.002000000000000002e-01
4.112000000000000099e-01
4.521999999999999909e-01
4.922000000000000264e-01
3.844000000000000195e-01
3.579999999999999849e-01
3.668000000000000149e-01
3.931999999999999940e-01
4.252000000000000224e-01
4.203999999999999959e-01
4.119999999999999774e-01
4.660000000000000253e-01
4.788000000000000034e-01
3.526000000000000245e-01
2.661999999999999922e-01
1.001999999999999974e-01
6.660000000000000642e-02
2.280000000000000082e-02
6.799999999999999621e-03
0.000000000000000000e+00
5.999999999999999474e-04
4.000000000000000192e-04
1.000000000000000021e-03
5.999999999999999474e-04
4.000000000000000192e-04
1.000000000000000021e-03
1.399999999999999986e-03
1.399999999999999986e-03
8.000000000000000383e-04
1.199999999999999895e-03
1.000000000000000021e-03
1.000000000000000021e-03
6.799999999999999621e-03
4.880000000000000310e-02
9.560000000000000442e-02
8.999999999999999667e-02
8.740000000000000546e-02
9.760000000000000620e-02
6.479999999999999649e-02
7.099999999999999367e-02
1.209999999999999964e-01
1.464000000000000024e-01
1.552000000000000046e-01
2.369999999999999885e-01
2.388000000000000123e-01
1.436000000000000054e-01
1.322000000000000119e-01
9.700000000000000289e-02
2.359999999999999876e-01
2.888000000000000012e-01
3.331999999999999962e-01
3.721999999999999753e-01
4.298000000000000154e-01
4.536000000000000032e-01
4.762000000000000122e-01
3.508000000000000007e-01
1.950000000000000067e-01
7.860000000000000320e-02
6.779999999999999916e-02
3.760000000000000148e-02
4.340000000000000108e-02
5.099999999999999672e-02
1.055999999999999994e-01
1.950000000000000067e-01
3.158000000000000251e-01
2.879999999999999782e-01
3.622000000000000219e-01
4.285999999999999810e-01
4.117999999999999994e-01
4.567999999999999838e-01
4.526000000000000023e-01
5.060000000000000053e-01
4.884000000000000008e-01
4.737999999999999989e-01
4.461999999999999855e-01
4.112000000000000099e-01
4.026000000000000134e-01
4.264000000000000012e-01
3.548000000000000043e-01
3.543999999999999928e-01
3.558000000000000052e-01
3.402000000000000024e-01
3.608000000000000096e-01
3.210000000000000075e-01
3.054000000000000048e-01
2.401999999999999968e-01
2.237999999999999989e-01
2.169999999999999984e-01
2.094000000000000028e-01
2.121999999999999997e-01
1.877999999999999947e-01
1.774000000000000021e-01
1.398000000000000076e-01
1.213999999999999940e-01
1.476000000000000090e-01
2.321999999999999897e-01
2.740000000000000213e-01
3.804000000000000159e-01
4.495999999999999996e-01
4.571999999999999953e-01
3.821999999999999842e-01
3.805999999999999939e-01
3.220000000000000084e-01
2.548000000000000265e-01
1.593999999999999861e-01
1.178000000000000019e-01
4.859999999999999737e-02
3.640000000000000180e-02
6.199999999999999782e-03
6.400000000000000307e-03
8.200000000000000691e-03
7.599999999999999985e-03
7.000000000000000146e-03
7.599999999999999985e-03
1.399999999999999986e-03
6.400000000000000307e-03
3.259999999999999704e-02
2.179999999999999993e-02
8.800000000000000530e-03
1.199999999999999895e-03
1.399999999999999986e-03
1.199999999999999895e-03
2.000000000000000096e-04
1.000000000000000021e-03
4.000000000000000192e-04
4.000000000000000192e-04
1.799999999999999951e-03
5.999999999999999474e-04
5.999999999999999474e-04
8.000000000000000383e-04
7.000000000000000146e-03
7.000000000000000146e-03
2.460000000000000034e-02
7.760000000000000231e-02
1.233999999999999958e-01
1.486000000000000099e-01
1.900000000000000022e-01
2.187999999999999945e-01
1.938000000000000000e-01
2.521999999999999797e-01
2.497999999999999943e-01
2.660000000000000142e-01
2.687999999999999834e-01
2.696000000000000063e-01
3.049999999999999933e-01
3.371999999999999997e-01
3.094000000000000083e-01
3.145999999999999908e-01
3.035999999999999810e-01
2.721999999999999975e-01
2.634000000000000230e-01
2.268000000000000016e-01
1.456000000000000072e-01
9.299999999999999933e-02
7.860000000000000320e-02
6.180000000000000077e-02
3.740000000000000269e-02
7.400000000000000328e-03
2.160000000000000114e-02
8.000000000000000167e-03
8.200000000000000691e-03
3.119999999999999857e-02
2.699999999999999969e-02
5.800000000000000294e-02
1.175999999999999962e-01
2.747999999999999887e-01
2.786000000000000143e-01
2.812000000000000055e-01
2.936000000000000276e-01
3.563999999999999946e-01
3.847999999999999754e-01
4.328000000000000180e-01
4.786000000000000254e-01
4.536000000000000032e-01
4.258000000000000118e-01
3.914000000000000257e-01
3.745999999999999885e-01
3.204000000000000181e-01
3.469999999999999751e-01
3.287999999999999812e-01
4.205999999999999739e-01
3.748000000000000220e-01
3.781999999999999806e-01
3.778000000000000247e-01
3.821999999999999842e-01
4.069999999999999729e-01
3.901999999999999913e-01
4.113999999999999879e-01
4.269999999999999907e-01
4.139999999999999791e-01
4.027999999999999914e-01
4.006000000000000116e-01
4.203999999999999959e-01
3.638000000000000123e-01
3.234000000000000208e-01
2.068000000000000116e-01
1.781999999999999973e-01
1.516000000000000125e-01
6.640000000000000069e-02
2.879999999999999921e-02
3.139999999999999736e-02
2.419999999999999929e-02
4.819999999999999979e-02
5.559999999999999665e-02
9.560000000000000442e-02
9.520000000000000684e-02
1.764000000000000012e-01
2.726000000000000090e-01
3.297999999999999821e-01
4.057999999999999940e-01
4.411999999999999811e-01
4.520000000000000129e-01
3.957999999999999852e-01
3.473999999999999866e-01
3.393999999999999795e-01
3.679999999999999938e-01
4.239999999999999880e-01
4.517999999999999794e-01
4.706000000000000183e-01
4.759999999999999787e-01
4.689999999999999725e-01
4.464000000000000190e-01
3.845999999999999974e-01
3.715999999999999859e-01
3.678000000000000158e-01
3.526000000000000245e-01
3.628000000000000114e-01
3.880000000000000115e-01
4.012000000000000011e-01
3.977999999999999869e-01
4.007999999999999896e-01
4.441999999999999837e-01
4.060000000000000275e-01
3.735999999999999877e-01
3.625999999999999779e-01
3.267999999999999794e-01
3.313999999999999724e-01
3.506000000000000227e-01
3.423999999999999821e-01
2.929999999999999827e-01
2.760000000000000231e-01
2.607999999999999763e-01
2.214000000000000135e-01
2.310000000000000109e-01
2.368000000000000105e-01
1.923999999999999877e-01
1.998000000000000054e-01
1.975999999999999979e-01
1.756000000000000061e-01
1.910000000000000031e-01
1.721999999999999920e-01
2.013999999999999957e-01
2.091999999999999971e-01
2.479999999999999982e-01
3.160000000000000031e-01
2.973999999999999977e-01
2.969999999999999862e-01
4.899999999999999911e-01
4.994000000000000106e-01
3.436000000000000165e-01
2.909999999999999809e-01
2.508000000000000229e-01
1.827999999999999903e-01
1.458000000000000129e-01
1.507999999999999896e-01
1.587999999999999967e-01
2.031999999999999917e-01
1.565999999999999892e-01
1.466000000000000081e-01
1.711999999999999911e-01
2.139999999999999958e-01
2.444000000000000061e-01
2.300000000000000100e-01
2.214000000000000135e-01
3.004000000000000004e-01
3.427999999999999936e-01
3.497999999999999998e-01
3.924000000000000266e-01
4.915999999999999814e-01
4.465999999999999970e-01
4.457999999999999741e-01
4.212000000000000188e-01
3.805999999999999939e-01
3.386000000000000121e-01
3.559999999999999831e-01
3.476000000000000201e-01
2.475999999999999868e-01
2.237999999999999989e-01
1.391999999999999904e-01
1.239999999999999991e-01
1.058000000000000052e-01
6.840000000000000246e-02
6.079999999999999988e-02
7.779999999999999416e-02
1.700000000000000122e-01
2.348000000000000087e-01
2.046000000000000041e-01
2.459999999999999964e-01
2.316000000000000003e-01
2.469999999999999973e-01
3.287999999999999812e-01
4.544000000000000261e-01
4.168000000000000038e-01
3.347999999999999865e-01
3.765999999999999903e-01
3.725999999999999868e-01
4.062000000000000055e-01
4.163999999999999924e-01
3.986000000000000099e-01
3.906000000000000028e-01
3.473999999999999866e-01
3.439999999999999725e-01
4.182000000000000162e-01
4.742000000000000104e-01
3.629999999999999893e-01
2.651999999999999913e-01
1.192000000000000004e-01
6.959999999999999520e-02
3.219999999999999946e-02
3.080000000000000099e-02
1.199999999999999895e-03
2.599999999999999881e-02
2.120000000000000009e-02
2.419999999999999929e-02
6.479999999999999649e-02
7.699999999999999900e-02
1.168000000000000010e-01
1.246000000000000024e-01
1.154000000000000026e-01
9.059999999999999998e-02
8.899999999999999578e-02
1.246000000000000024e-01
1.801999999999999991e-01
1.978000000000000036e-01
1.428000000000000103e-01
1.370000000000000107e-01
1.267999999999999960e-01
8.540000000000000369e-02
6.260000000000000286e-02
4.059999999999999720e-02
2.440000000000000155e-02
5.739999999999999963e-02
6.040000000000000230e-02
5.979999999999999899e-02
6.019999999999999657e-02
6.719999999999999585e-02
6.980000000000000093e-02
6.640000000000000069e-02
2.139999999999999888e-02
5.999999999999999474e-04
1.199999999999999895e-03
9.599999999999999159e-03
5.999999999999999474e-04
8.000000000000000383e-04
5.999999999999999474e-04
1.600000000000000077e-03
1.799999999999999951e-03
7.799999999999999642e-03
3.799999999999999906e-02
4.560000000000000164e-02
6.019999999999999657e-02
5.619999999999999996e-02
2.460000000000000034e-02
2.719999999999999848e-02
2.460000000000000034e-02
2.199999999999999872e-02
8.800000000000000530e-03
7.799999999999999642e-03
6.000000000000000125e-03
7.599999999999999985e-03
8.399999999999999481e-03
1.199999999999999895e-03
5.799999999999999600e-03
7.799999999999999642e-03
3.099999999999999978e-02
5.600000000000000117e-02
7.779999999999999416e-02
9.400000000000000022e-02
1.066000000000000003e-01
1.048000000000000043e-01
9.180000000000000659e-02
1.005999999999999950e-01
1.111999999999999933e-01
1.267999999999999960e-01
1.257999999999999952e-01
1.073999999999999955e-01
1.042000000000000010e-01
8.980000000000000482e-02
8.780000000000000304e-02
8.640000000000000457e-02
8.920000000000000151e-02
8.699999999999999400e-02
1.290000000000000036e-01
1.471999999999999975e-01
2.011999999999999900e-01
3.376000000000000112e-01
4.401999999999999802e-01
4.872000000000000219e-01
4.823999999999999955e-01
4.173999999999999932e-01
4.621999999999999997e-01
4.318000000000000171e-01
4.289999999999999925e-01
4.904000000000000026e-01
4.951999999999999735e-01
4.747999999999999998e-01
4.444000000000000172e-01
4.032000000000000028e-01
3.065999999999999837e-01
2.867999999999999994e-01
2.361999999999999933e-01
2.149999999999999967e-01
1.781999999999999973e-01
1.729999999999999871e-01
1.791999999999999982e-01
1.995999999999999996e-01
1.824000000000000066e-01
1.400000000000000133e-01
1.048000000000000043e-01
1.131999999999999951e-01
7.879999999999999505e-02
9.279999999999999361e-02
9.439999999999999780e-02
1.048000000000000043e-01
9.039999999999999425e-02
1.242000000000000048e-01
1.184000000000000052e-01
1.625999999999999945e-01
1.643999999999999906e-01
1.922000000000000097e-01
1.897999999999999965e-01
2.301999999999999880e-01
2.381999999999999951e-01
1.817999999999999894e-01
1.661999999999999866e-01
1.789999999999999925e-01
1.218000000000000055e-01
1.078000000000000069e-01
1.076000000000000012e-01
1.429999999999999882e-01
1.342000000000000137e-01
1.610000000000000042e-01
1.242000000000000048e-01
6.980000000000000093e-02
8.000000000000000167e-02
1.368000000000000049e-01
1.640000000000000069e-01
1.610000000000000042e-01
1.343999999999999917e-01
1.458000000000000129e-01
1.439999999999999891e-01
1.441999999999999948e-01
1.303999999999999881e-01
1.403999999999999970e-01
1.514000000000000068e-01
1.559999999999999998e-01
1.545999999999999874e-01
1.572000000000000064e-01
1.476000000000000090e-01
1.710000000000000131e-01
2.051999999999999935e-01
2.459999999999999964e-01
2.889999999999999791e-01
3.357999999999999874e-01
3.750000000000000000e-01
3.907999999999999807e-01
4.872000000000000219e-01
5.001999999999999780e-01
4.534000000000000252e-01
4.547999999999999821e-01
4.803999999999999937e-01
4.727999999999999980e-01
4.922000000000000264e-01
4.576000000000000068e-01
4.988000000000000211e-01
4.176000000000000267e-01
2.827999999999999958e-01
2.992000000000000215e-01
3.563999999999999946e-01
3.880000000000000115e-01
3.373999999999999777e-01
3.526000000000000245e-01
4.006000000000000116e-01
4.792000000000000148e-01
4.537999999999999812e-01
5.016000000000000458e-01
5.020000000000000018e-01
4.225999999999999757e-01
4.716000000000000192e-01
4.450000000000000067e-01
4.819999999999999840e-01
4.102000000000000091e-01
3.377999999999999892e-01
4.470000000000000084e-01
4.934000000000000052e-01
4.759999999999999787e-01
4.567999999999999838e-01
4.116000000000000214e-01
3.025999999999999801e-01
3.360000000000000209e-01
3.432000000000000051e-01
2.942000000000000171e-01
2.999999999999999889e-01
3.351999999999999980e-01
3.423999999999999821e-01
3.582000000000000184e-01
4.195999999999999730e-01
4.587999999999999856e-01
4.107999999999999985e-01
4.156000000000000250e-01
3.486000000000000210e-01
2.992000000000000215e-01
2.670000000000000151e-01
2.346000000000000030e-01
1.814000000000000057e-01
1.454000000000000015e-01
9.539999999999999869e-02
3.020000000000000115e-02
2.179999999999999993e-02
8.200000000000000691e-03
8.000000000000000167e-03
0.000000000000000000e+00
0.000000000000000000e+00
2.000000000000000096e-04
6.599999999999999964e-03
6.779999999999999916e-02
2.686000000000000054e-01
4.709999999999999742e-01
3.221999999999999864e-01
2.195999999999999897e-01
1.764000000000000012e-01
1.809999999999999942e-01
2.366000000000000048e-01
3.508000000000000007e-01
4.965999999999999859e-01
4.662000000000000033e-01
4.541999999999999926e-01
3.963999999999999746e-01
4.315999999999999837e-01
5.031999999999999806e-01
3.684000000000000052e-01
2.278000000000000025e-01
1.980000000000000093e-01
1.285999999999999921e-01
1.120000000000000023e-01
1.794000000000000039e-01
3.044000000000000039e-01
4.245999999999999774e-01
1.872000000000000053e-01
1.076000000000000012e-01
9.260000000000000175e-02
2.380000000000000171e-02
7.599999999999999985e-03
5.599999999999999943e-03
7.400000000000000328e-03
2.580000000000000002e-02
2.139999999999999888e-02
2.840000000000000163e-02
5.279999999999999971e-02
1.005999999999999950e-01
5.040000000000000036e-02
7.019999999999999851e-02
6.500000000000000222e-02
5.179999999999999882e-02
5.999999999999999778e-02
6.160000000000000198e-02
6.740000000000000158e-02
6.800000000000000488e-02
1.106000000000000039e-01
1.247999999999999943e-01
1.632000000000000117e-01
1.696000000000000008e-01
2.066000000000000059e-01
2.185999999999999888e-01
1.829999999999999960e-01
1.769999999999999907e-01
1.381999999999999895e-01
7.939999999999999836e-02
6.019999999999999657e-02
2.319999999999999840e-02
1.222000000000000031e-01
2.703999999999999737e-01
3.479999999999999760e-01
2.560000000000000053e-01
1.978000000000000036e-01
1.981999999999999873e-01
2.494000000000000106e-01
2.534000000000000141e-01
2.922000000000000153e-01
3.128000000000000225e-01
3.499999999999999778e-01
3.655999999999999805e-01
4.304000000000000048e-01
4.208000000000000074e-01
4.109999999999999765e-01
3.894000000000000239e-01
3.957999999999999852e-01
3.851999999999999869e-01
3.780000000000000027e-01
3.904000000000000248e-01
4.516000000000000014e-01
4.329999999999999960e-01
3.558000000000000052e-01
2.521999999999999797e-01
2.154000000000000081e-01
2.366000000000000048e-01
2.094000000000000028e-01
2.407999999999999863e-01
2.144000000000000072e-01
2.477999999999999925e-01
1.781999999999999973e-01
1.232000000000000040e-01
7.420000000000000207e-02
5.619999999999999996e-02
6.060000000000000109e-02
1.010000000000000064e-01
1.226000000000000006e-01
1.960000000000000075e-01
2.656000000000000028e-01
2.792000000000000037e-01
3.264000000000000234e-01
3.516000000000000236e-01
3.847999999999999754e-01
4.239999999999999880e-01
4.314000000000000057e-01
4.258000000000000118e-01
3.585999999999999743e-01
3.042000000000000259e-01
2.300000000000000100e-01
1.524000000000000077e-01
1.000000000000000021e-03
7.799999999999999642e-03
2.999999999999999889e-02
3.099999999999999978e-02
7.340000000000000691e-02
1.484000000000000041e-01
1.328000000000000014e-01
1.842000000000000026e-01
1.625999999999999945e-01
1.526000000000000134e-01
9.959999999999999409e-02
5.899999999999999689e-02
6.959999999999999520e-02
7.080000000000000182e-02
1.310000000000000053e-01
2.983999999999999986e-01
4.248000000000000109e-01
4.759999999999999787e-01
4.793999999999999928e-01
3.758000000000000229e-01
3.029999999999999916e-01
2.703999999999999737e-01
3.009999999999999898e-01
2.979999999999999871e-01
2.777999999999999914e-01
3.629999999999999893e-01
4.295999999999999819e-01
4.279999999999999916e-01
3.366000000000000103e-01
2.416000000000000092e-01
2.126000000000000112e-01
2.114000000000000046e-01
1.867999999999999938e-01
2.210000000000000020e-01
1.950000000000000067e-01
2.010000000000000120e-01
2.565999999999999948e-01
1.922000000000000097e-01
1.307999999999999996e-01
1.127999999999999975e-01
1.507999999999999896e-01
1.335999999999999965e-01
1.688000000000000056e-01
1.756000000000000061e-01
1.923999999999999877e-01
1.559999999999999998e-01
2.091999999999999971e-01
2.497999999999999943e-01
3.052000000000000268e-01
3.476000000000000201e-01
3.071999999999999731e-01
3.396000000000000130e-01
3.780000000000000027e-01
3.900000000000000133e-01
3.164000000000000146e-01
3.442000000000000060e-01
3.217999999999999750e-01
3.847999999999999754e-01
2.958000000000000074e-01
3.357999999999999874e-01
3.266000000000000014e-01
2.863999999999999879e-01
2.475999999999999868e-01
3.022000000000000242e-01
3.069999999999999951e-01
3.556000000000000272e-01
4.471999999999999864e-01
4.497999999999999776e-01
3.870000000000000107e-01
2.660000000000000142e-01
2.310000000000000109e-01
2.384000000000000008e-01
2.482000000000000040e-01
1.648000000000000020e-01
8.419999999999999707e-02
7.599999999999999811e-02
1.021999999999999992e-01
1.272000000000000075e-01
1.826000000000000123e-01
4.742000000000000104e-01
4.944000000000000061e-01
2.711999999999999966e-01
1.228000000000000064e-01
8.279999999999999860e-02
2.620000000000000107e-02
5.999999999999999474e-04
8.200000000000000691e-03
7.199999999999999803e-03
7.799999999999999642e-03
6.400000000000000307e-03
6.400000000000000307e-03
6.000000000000000125e-03
7.599999999999999985e-03
8.600000000000000006e-03
8.399999999999999481e-03
1.799999999999999951e-03
1.000000000000000021e-03
2.000000000000000096e-04
4.000000000000000192e-04
0.000000000000000000e+00
1.000000000000000021e-03
4.000000000000000192e-04
5.999999999999999474e-04
1.399999999999999986e-03
5.799999999999999600e-03
3.300000000000000155e-02
2.860000000000000042e-02
2.999999999999999889e-02
2.719999999999999848e-02
5.199999999999999761e-02
8.999999999999999667e-02
9.339999999999999691e-02
1.391999999999999904e-01
1.351999999999999869e-01
1.464000000000000024e-01
1.564000000000000112e-01
1.292000000000000093e-01
1.313999999999999890e-01
1.254000000000000115e-01
1.209999999999999964e-01
1.887999999999999956e-01
1.771999999999999964e-01
1.834000000000000075e-01
1.741999999999999937e-01
1.700000000000000122e-01
1.597999999999999976e-01
1.638000000000000012e-01
1.368000000000000049e-01
1.295999999999999930e-01
1.418000000000000094e-01
1.426000000000000045e-01
9.979999999999999982e-02
7.480000000000000537e-02
7.280000000000000360e-02
7.299999999999999545e-02
2.779999999999999832e-02
2.779999999999999832e-02
3.180000000000000188e-02
3.320000000000000034e-02
3.020000000000000115e-02
2.759999999999999953e-02
2.659999999999999865e-02
9.619999999999999385e-02
1.223999999999999949e-01
1.595999999999999919e-01
3.174000000000000155e-01
4.106000000000000205e-01
4.825999999999999734e-01
4.647999999999999909e-01
4.264000000000000012e-01
3.430000000000000271e-01
3.045999999999999819e-01
2.667999999999999816e-01
2.165999999999999870e-01
1.383999999999999952e-01
1.255999999999999894e-01
1.577999999999999958e-01
1.380000000000000115e-01
1.524000000000000077e-01
2.106000000000000094e-01
2.723999999999999755e-01
3.417999999999999927e-01
3.981999999999999984e-01
