6.199999999999999782e-03
8.000000000000000383e-04
4.000000000000000192e-04
5.999999999999999474e-04
1.399999999999999986e-03
4.000000000000000192e-04
1.000000000000000021e-03
1.000000000000000021e-03
2.200000000000000133e-03
4.000000000000000192e-04
2.000000000000000042e-03
1.600000000000000077e-03
4.000000000000000192e-04
0.000000000000000000e+00
8.399999999999999481e-03
6.199999999999999782e-03
5.000000000000000104e-03
8.600000000000000006e-03
7.199999999999999803e-03
8.200000000000000691e-03
8.000000000000000167e-03
7.199999999999999803e-03
5.000000000000000104e-03
2.299999999999999961e-02
2.040000000000000147e-02
2.139999999999999888e-02
2.479999999999999913e-02
3.780000000000000027e-02
5.500000000000000028e-02
6.800000000000000488e-02
6.779999999999999916e-02
8.580000000000000127e-02
8.019999999999999352e-02
1.226000000000000006e-01
1.413999999999999979e-01
1.945999999999999952e-01
2.182000000000000051e-01
2.300000000000000100e-01
2.500000000000000000e-01
2.836000000000000187e-01
3.089999999999999969e-01
3.062000000000000277e-01
3.300000000000000155e-01
3.522000000000000131e-01
3.970000000000000195e-01
4.238000000000000100e-01
4.213999999999999968e-01
4.205999999999999739e-01
4.637999999999999901e-01
4.863999999999999990e-01
4.985999999999999877e-01
4.934000000000000052e-01
4.865999999999999770e-01
4.480000000000000093e-01
4.295999999999999819e-01
4.168000000000000038e-01
3.977999999999999869e-01
4.037999999999999923e-01
3.331999999999999962e-01
3.390000000000000235e-01
3.277999999999999803e-01
2.886000000000000232e-01
2.721999999999999975e-01
2.690000000000000169e-01
2.617999999999999772e-01
2.637999999999999790e-01
2.677999999999999825e-01
3.039999999999999925e-01
3.085999999999999854e-01
3.207999999999999741e-01
3.158000000000000251e-01
3.410000000000000253e-01
3.350000000000000200e-01
3.539999999999999813e-01
3.251999999999999891e-01
3.357999999999999874e-01
3.297999999999999821e-01
3.225999999999999979e-01
3.360000000000000209e-01
3.383999999999999786e-01
3.629999999999999893e-01
3.412000000000000033e-01
3.674000000000000044e-01
3.433999999999999830e-01
3.350000000000000200e-01
3.487999999999999989e-01
3.502000000000000113e-01
3.453999999999999848e-01
3.422000000000000042e-01
3.141999999999999793e-01
3.311999999999999944e-01
3.380000000000000226e-01
3.578000000000000069e-01
3.678000000000000158e-01
3.967999999999999861e-01
3.785999999999999921e-01
3.983999999999999764e-01
3.788000000000000256e-01
3.930000000000000160e-01
4.016000000000000125e-01
4.149999999999999800e-01
4.374000000000000110e-01
3.739999999999999991e-01
4.102000000000000091e-01
4.265999999999999792e-01
4.063999999999999835e-01
4.769999999999999796e-01
4.193999999999999950e-01
3.814000000000000168e-01
3.456000000000000183e-01
3.542000000000000148e-01
3.655999999999999805e-01
4.222000000000000197e-01
4.242000000000000215e-01
3.950000000000000178e-01
3.887999999999999790e-01
3.900000000000000133e-01
4.418000000000000260e-01
4.218000000000000083e-01
4.208000000000000074e-01
4.390000000000000013e-01
4.218000000000000083e-01
4.254000000000000004e-01
4.255999999999999783e-01
3.775999999999999912e-01
3.811999999999999833e-01
3.775999999999999912e-01
3.652000000000000246e-01
3.556000000000000272e-01
3.721999999999999753e-01
3.230000000000000093e-01
3.150000000000000022e-01
2.939999999999999836e-01
2.902000000000000135e-01
2.942000000000000171e-01
2.952000000000000179e-01
2.958000000000000074e-01
2.898000000000000020e-01
2.773999999999999799e-01
2.726000000000000090e-01
2.437999999999999889e-01
2.544000000000000150e-01
1.887999999999999956e-01
1.983999999999999930e-01
1.955999999999999961e-01
1.865999999999999881e-01
2.021999999999999909e-01
2.409999999999999920e-01
2.411999999999999977e-01
2.281999999999999862e-01
2.003999999999999948e-01
1.333999999999999908e-01
1.024000000000000049e-01
1.195999999999999980e-01
1.120000000000000023e-01
1.254000000000000115e-01
1.607999999999999985e-01
1.865999999999999881e-01
1.807999999999999885e-01
1.746000000000000052e-01
1.786000000000000087e-01
2.270000000000000073e-01
2.182000000000000051e-01
2.134000000000000064e-01
2.154000000000000081e-01
2.174000000000000099e-01
2.147999999999999909e-01
2.417999999999999872e-01
2.720000000000000195e-01
3.068000000000000171e-01
3.019999999999999907e-01
2.857999999999999985e-01
3.528000000000000025e-01
3.055999999999999828e-01
3.197999999999999732e-01
3.195999999999999952e-01
3.512000000000000122e-01
3.300000000000000155e-01
3.361999999999999988e-01
3.370000000000000218e-01
3.105999999999999872e-01
2.839999999999999747e-01
2.200000000000000011e-01
2.121999999999999997e-01
2.094000000000000028e-01
2.011999999999999900e-01
2.043999999999999984e-01
1.779999999999999916e-01
1.574000000000000121e-01
1.403999999999999970e-01
1.275999999999999912e-01
8.559999999999999554e-02
6.479999999999999649e-02
9.619999999999999385e-02
6.400000000000000133e-02
8.379999999999999949e-02
8.359999999999999376e-02
8.599999999999999312e-02
1.195999999999999980e-01
1.661999999999999866e-01
1.559999999999999998e-01
1.545999999999999874e-01
1.592000000000000082e-01
1.864000000000000101e-01
1.980000000000000093e-01
2.184000000000000108e-01
2.806000000000000161e-01
3.397999999999999909e-01
3.323999999999999733e-01
3.628000000000000114e-01
3.489999999999999769e-01
3.694000000000000061e-01
3.583999999999999964e-01
3.625999999999999779e-01
3.689999999999999947e-01
3.694000000000000061e-01
3.685999999999999832e-01
3.867999999999999772e-01
4.554000000000000270e-01
5.023999999999999577e-01
4.848000000000000087e-01
4.948000000000000176e-01
5.016000000000000458e-01
4.975999999999999868e-01
4.642000000000000015e-01
4.378000000000000225e-01
3.654000000000000026e-01
3.104000000000000092e-01
2.836000000000000187e-01
2.716000000000000081e-01
2.763999999999999790e-01
2.802000000000000046e-01
2.822000000000000064e-01
2.581999999999999851e-01
2.700000000000000178e-01
2.630000000000000115e-01
2.485999999999999877e-01
2.366000000000000048e-01
2.247999999999999998e-01
2.565999999999999948e-01
2.837999999999999967e-01
2.978000000000000091e-01
3.062000000000000277e-01
3.204000000000000181e-01
3.347999999999999865e-01
3.457999999999999963e-01
3.605999999999999761e-01
4.092000000000000082e-01
4.182000000000000162e-01
4.173999999999999932e-01
4.006000000000000116e-01
4.312000000000000277e-01
4.279999999999999916e-01
4.232000000000000206e-01
4.295999999999999819e-01
4.057999999999999940e-01
3.891999999999999904e-01
3.509999999999999787e-01
3.277999999999999803e-01
3.237999999999999767e-01
3.029999999999999916e-01
3.008000000000000118e-01
3.005999999999999783e-01
3.032000000000000250e-01
3.045999999999999819e-01
3.058000000000000163e-01
2.853999999999999870e-01
3.447999999999999954e-01
3.457999999999999963e-01
3.366000000000000103e-01
3.433999999999999830e-01
3.432000000000000051e-01
4.097999999999999976e-01
3.924000000000000266e-01
4.123999999999999888e-01
4.435999999999999943e-01
4.660000000000000253e-01
4.687999999999999945e-01
4.712000000000000077e-01
4.789999999999999813e-01
4.758000000000000007e-01
4.766000000000000236e-01
4.274000000000000021e-01
3.387999999999999901e-01
3.029999999999999916e-01
2.879999999999999782e-01
2.793999999999999817e-01
3.181999999999999829e-01
2.867999999999999994e-01
2.457999999999999907e-01
2.371999999999999942e-01
2.137999999999999901e-01
2.096000000000000085e-01
2.021999999999999909e-01
1.661999999999999866e-01
1.034000000000000058e-01
8.039999999999999925e-02
6.300000000000000044e-02
6.140000000000000319e-02
6.600000000000000311e-02
6.099999999999999867e-02
6.959999999999999520e-02
6.119999999999999746e-02
5.999999999999999778e-02
6.019999999999999657e-02
2.179999999999999993e-02
2.280000000000000082e-02
2.560000000000000123e-02
2.280000000000000082e-02
2.220000000000000098e-02
2.539999999999999897e-02
2.520000000000000018e-02
2.380000000000000171e-02
2.259999999999999856e-02
2.160000000000000114e-02
2.120000000000000009e-02
2.639999999999999986e-02
2.299999999999999961e-02
2.079999999999999905e-02
2.500000000000000139e-02
2.340000000000000066e-02
2.079999999999999905e-02
2.440000000000000155e-02
2.380000000000000171e-02
2.359999999999999945e-02
2.019999999999999921e-02
2.500000000000000139e-02
2.620000000000000107e-02
2.460000000000000034e-02
2.560000000000000123e-02
2.680000000000000090e-02
7.199999999999999803e-03
7.000000000000000146e-03
7.400000000000000328e-03
5.999999999999999474e-04
5.999999999999999474e-04
1.399999999999999986e-03
1.199999999999999895e-03
1.000000000000000021e-03
8.000000000000000383e-04
8.000000000000000383e-04
7.000000000000000146e-03
8.600000000000000006e-03
7.599999999999999985e-03
8.399999999999999481e-03
7.799999999999999642e-03
7.799999999999999642e-03
2.639999999999999986e-02
6.239999999999999714e-02
7.119999999999999940e-02
8.920000000000000151e-02
1.630000000000000060e-01
1.663999999999999924e-01
1.570000000000000007e-01
2.212000000000000077e-01
2.565999999999999948e-01
2.273999999999999910e-01
2.601999999999999869e-01
2.690000000000000169e-01
2.992000000000000215e-01
3.360000000000000209e-01
3.522000000000000131e-01
3.543999999999999928e-01
3.625999999999999779e-01
3.857999999999999763e-01
4.077999999999999958e-01
4.338000000000000189e-01
4.527999999999999803e-01
4.726000000000000201e-01
4.561999999999999944e-01
4.580000000000000182e-01
4.869999999999999885e-01
4.959999999999999964e-01
4.981999999999999762e-01
4.815999999999999726e-01
4.858000000000000096e-01
4.782000000000000139e-01
4.849999999999999867e-01
4.818000000000000060e-01
5.141999999999999904e-01
5.028000000000000247e-01
5.031999999999999806e-01
5.008000000000000229e-01
4.839999999999999858e-01
4.948000000000000176e-01
4.606000000000000094e-01
4.521999999999999909e-01
4.219999999999999862e-01
4.123999999999999888e-01
4.381999999999999784e-01
4.259999999999999898e-01
3.981999999999999984e-01
3.271999999999999909e-01
3.181999999999999829e-01
2.281999999999999862e-01
2.104000000000000037e-01
2.001999999999999891e-01
1.922000000000000097e-01
1.892000000000000071e-01
1.776000000000000079e-01
1.859999999999999987e-01
1.728000000000000091e-01
1.650000000000000078e-01
1.439999999999999891e-01
1.615999999999999936e-01
1.693999999999999950e-01
1.620000000000000051e-01
1.673999999999999932e-01
1.549999999999999989e-01
1.900000000000000022e-01
1.794000000000000039e-01
1.837999999999999912e-01
1.728000000000000091e-01
1.779999999999999916e-01
1.819999999999999951e-01
1.809999999999999942e-01
1.917999999999999983e-01
2.020000000000000129e-01
1.817999999999999894e-01
1.749999999999999889e-01
1.912000000000000088e-01
1.698000000000000065e-01
1.748000000000000109e-01
1.564000000000000112e-01
1.623999999999999888e-01
1.592000000000000082e-01
1.731999999999999929e-01
1.617999999999999994e-01
1.700000000000000122e-01
1.628000000000000003e-01
1.645999999999999963e-01
1.464000000000000024e-01
1.315999999999999948e-01
1.175999999999999962e-01
1.617999999999999994e-01
2.000000000000000111e-01
1.905999999999999917e-01
2.033999999999999975e-01
2.058000000000000107e-01
1.894000000000000128e-01
1.673999999999999932e-01
1.373999999999999944e-01
1.468000000000000138e-01
1.638000000000000012e-01
1.741999999999999937e-01
1.952000000000000124e-01
2.056000000000000050e-01
1.845999999999999863e-01
1.400000000000000133e-01
1.449999999999999900e-01
1.343999999999999917e-01
1.310000000000000053e-01
1.293999999999999873e-01
1.373999999999999944e-01
1.194000000000000061e-01
7.760000000000000231e-02
7.620000000000000384e-02
7.779999999999999416e-02
5.639999999999999875e-02
7.199999999999999456e-02
7.539999999999999480e-02
5.800000000000000294e-02
5.360000000000000181e-02
5.580000000000000238e-02
8.260000000000000675e-02
7.720000000000000473e-02
6.099999999999999867e-02
6.959999999999999520e-02
7.140000000000000513e-02
6.840000000000000246e-02
7.000000000000000666e-02
6.140000000000000319e-02
7.180000000000000271e-02
5.539999999999999786e-02
7.439999999999999392e-02
7.539999999999999480e-02
9.139999999999999514e-02
1.127999999999999975e-01
1.323999999999999899e-01
1.464000000000000024e-01
1.716000000000000025e-01
2.053999999999999992e-01
2.796000000000000152e-01
3.128000000000000225e-01
4.374000000000000110e-01
4.733999999999999875e-01
4.798000000000000043e-01
4.480000000000000093e-01
4.269999999999999907e-01
3.563999999999999946e-01
2.839999999999999747e-01
2.550000000000000044e-01
1.942000000000000115e-01
1.731999999999999929e-01
1.577999999999999958e-01
1.390000000000000124e-01
1.433999999999999997e-01
1.390000000000000124e-01
1.567999999999999949e-01
1.559999999999999998e-01
1.701999999999999902e-01
1.603999999999999870e-01
1.570000000000000007e-01
1.958000000000000018e-01
2.109999999999999931e-01
2.233999999999999875e-01
2.447999999999999898e-01
2.482000000000000040e-01
2.615999999999999992e-01
2.833999999999999853e-01
3.074000000000000066e-01
4.451999999999999846e-01
4.299999999999999933e-01
4.292000000000000259e-01
4.869999999999999885e-01
4.964000000000000079e-01
4.375999999999999890e-01
3.745999999999999885e-01
3.231999999999999873e-01
3.105999999999999872e-01
2.817999999999999949e-01
2.942000000000000171e-01
2.766000000000000125e-01
2.003999999999999948e-01
1.950000000000000067e-01
1.981999999999999873e-01
1.962000000000000133e-01
1.605999999999999928e-01
1.242000000000000048e-01
1.456000000000000072e-01
1.295999999999999930e-01
6.640000000000000069e-02
7.459999999999999964e-02
7.760000000000000231e-02
6.900000000000000577e-02
4.519999999999999712e-02
2.460000000000000034e-02
2.259999999999999856e-02
2.560000000000000123e-02
2.479999999999999913e-02
6.799999999999999621e-03
8.600000000000000006e-03
8.200000000000000691e-03
9.400000000000000369e-03
1.000000000000000021e-03
1.199999999999999895e-03
8.000000000000000383e-04
2.200000000000000133e-03
6.400000000000000307e-03
2.819999999999999937e-02
7.220000000000000029e-02
9.279999999999999361e-02
8.840000000000000635e-02
8.740000000000000546e-02
8.999999999999999667e-02
9.520000000000000684e-02
1.052000000000000018e-01
1.198000000000000037e-01
1.509999999999999953e-01
1.577999999999999958e-01
1.549999999999999989e-01
1.935999999999999943e-01
1.953999999999999904e-01
2.275999999999999968e-01
2.746000000000000107e-01
2.922000000000000153e-01
3.055999999999999828e-01
3.568000000000000060e-01
3.573999999999999955e-01
3.860000000000000098e-01
4.186000000000000276e-01
4.536000000000000032e-01
4.642000000000000015e-01
4.798000000000000043e-01
4.975999999999999868e-01
5.030000000000000027e-01
4.944000000000000061e-01
4.677999999999999936e-01
4.899999999999999911e-01
4.743999999999999884e-01
4.699999999999999734e-01
4.349999999999999978e-01
4.465999999999999970e-01
4.550000000000000155e-01
4.435999999999999943e-01
4.344000000000000083e-01
4.371999999999999775e-01
4.153999999999999915e-01
4.047999999999999932e-01
3.966000000000000081e-01
4.037999999999999923e-01
4.279999999999999916e-01
3.774000000000000132e-01
3.916000000000000036e-01
3.165999999999999925e-01
3.119999999999999996e-01
3.160000000000000031e-01
3.250000000000000111e-01
3.230000000000000093e-01
3.426000000000000156e-01
3.695999999999999841e-01
3.907999999999999807e-01
3.941999999999999948e-01
4.369999999999999996e-01
4.527999999999999803e-01
4.580000000000000182e-01
4.531999999999999917e-01
4.746000000000000218e-01
4.621999999999999997e-01
4.606000000000000094e-01
4.647999999999999909e-01
4.789999999999999813e-01
4.793999999999999928e-01
4.884000000000000008e-01
5.018000000000000238e-01
4.862000000000000210e-01
4.743999999999999884e-01
4.865999999999999770e-01
4.945999999999999841e-01
4.563999999999999724e-01
4.495999999999999996e-01
4.561999999999999944e-01
4.467999999999999750e-01
4.793999999999999928e-01
4.892000000000000237e-01
4.752000000000000113e-01
4.766000000000000236e-01
4.652000000000000024e-01
4.680000000000000271e-01
4.235999999999999766e-01
4.149999999999999800e-01
3.688000000000000167e-01
3.479999999999999760e-01
3.089999999999999969e-01
1.816000000000000114e-01
1.393999999999999961e-01
1.516000000000000125e-01
1.400000000000000133e-01
1.516000000000000125e-01
1.290000000000000036e-01
9.600000000000000200e-02
9.460000000000000353e-02
9.220000000000000417e-02
7.580000000000000626e-02
1.323999999999999899e-01
1.137999999999999984e-01
1.179999999999999938e-01
1.381999999999999895e-01
1.444000000000000006e-01
1.419999999999999873e-01
1.768000000000000127e-01
2.006000000000000005e-01
2.091999999999999971e-01
2.175999999999999879e-01
2.528000000000000247e-01
3.443999999999999839e-01
3.565999999999999726e-01
3.748000000000000220e-01
4.328000000000000180e-01
4.457999999999999741e-01
4.919999999999999929e-01
4.772000000000000131e-01
4.667999999999999927e-01
4.838000000000000078e-01
4.666000000000000147e-01
4.878000000000000114e-01
4.981999999999999762e-01
4.989999999999999991e-01
5.108000000000000318e-01
4.958000000000000185e-01
5.058000000000000274e-01
4.842000000000000193e-01
4.719999999999999751e-01
4.470000000000000084e-01
4.354000000000000092e-01
4.242000000000000215e-01
4.252000000000000224e-01
3.834000000000000186e-01
3.623999999999999999e-01
3.619999999999999885e-01
3.556000000000000272e-01
3.386000000000000121e-01
3.181999999999999829e-01
3.175999999999999934e-01
2.939999999999999836e-01
2.899999999999999800e-01
2.878000000000000003e-01
3.005999999999999783e-01
2.852000000000000091e-01
2.803999999999999826e-01
3.035999999999999810e-01
3.250000000000000111e-01
3.277999999999999803e-01
3.227999999999999758e-01
3.256000000000000005e-01
3.447999999999999954e-01
3.467999999999999972e-01
3.522000000000000131e-01
3.691999999999999726e-01
4.315999999999999837e-01
4.556000000000000050e-01
4.474000000000000199e-01
4.546000000000000041e-01
4.798000000000000043e-01
5.066000000000000503e-01
4.809999999999999831e-01
4.789999999999999813e-01
4.979999999999999982e-01
4.875999999999999779e-01
4.759999999999999787e-01
4.746000000000000218e-01
4.666000000000000147e-01
4.709999999999999742e-01
4.358000000000000207e-01
3.751999999999999780e-01
3.565999999999999726e-01
3.482000000000000095e-01
3.294000000000000261e-01
3.064000000000000057e-01
2.756000000000000116e-01
2.565999999999999948e-01
2.371999999999999942e-01
2.394000000000000017e-01
2.366000000000000048e-01
2.472000000000000031e-01
2.411999999999999977e-01
2.290000000000000091e-01
1.837999999999999912e-01
2.071999999999999953e-01
1.448000000000000120e-01
1.494000000000000050e-01
1.680000000000000104e-01
1.363999999999999935e-01
1.436000000000000054e-01
1.554000000000000103e-01
1.423999999999999988e-01
1.723999999999999977e-01
1.635999999999999954e-01
1.731999999999999929e-01
1.874000000000000110e-01
2.301999999999999880e-01
2.826000000000000179e-01
2.752000000000000002e-01
2.829999999999999738e-01
3.042000000000000259e-01
3.509999999999999787e-01
3.625999999999999779e-01
4.586000000000000076e-01
4.954000000000000070e-01
4.932000000000000273e-01
5.101999999999999869e-01
4.954000000000000070e-01
4.842000000000000193e-01
4.556000000000000050e-01
4.079999999999999738e-01
3.967999999999999861e-01
4.117999999999999994e-01
3.701999999999999735e-01
3.705999999999999850e-01
3.032000000000000250e-01
3.069999999999999951e-01
3.148000000000000242e-01
3.048000000000000154e-01
2.963999999999999968e-01
3.140000000000000013e-01
3.417999999999999927e-01
4.037999999999999923e-01
3.987999999999999878e-01
4.732000000000000095e-01
4.540000000000000147e-01
4.766000000000000236e-01
4.294000000000000039e-01
4.908000000000000140e-01
4.808000000000000052e-01
4.254000000000000004e-01
4.398000000000000242e-01
4.056000000000000161e-01
3.436000000000000165e-01
3.884000000000000230e-01
4.480000000000000093e-01
4.249999999999999889e-01
4.450000000000000067e-01
4.580000000000000182e-01
4.798000000000000043e-01
4.763999999999999901e-01
4.650000000000000244e-01
4.338000000000000189e-01
4.026000000000000134e-01
3.552000000000000157e-01
3.387999999999999901e-01
3.230000000000000093e-01
3.052000000000000268e-01
2.571999999999999842e-01
2.018000000000000071e-01
1.650000000000000078e-01
1.066000000000000003e-01
1.000000000000000056e-01
8.440000000000000280e-02
7.399999999999999634e-02
7.040000000000000424e-02
5.140000000000000124e-02
3.139999999999999736e-02
3.259999999999999704e-02
2.740000000000000074e-02
2.920000000000000026e-02
2.639999999999999986e-02
3.239999999999999825e-02
1.959999999999999937e-02
2.040000000000000147e-02
3.200000000000000067e-02
3.280000000000000276e-02
3.020000000000000115e-02
3.139999999999999736e-02
3.139999999999999736e-02
3.400000000000000244e-02
2.520000000000000018e-02
3.520000000000000212e-02
3.080000000000000099e-02
3.300000000000000155e-02
2.680000000000000090e-02
2.840000000000000163e-02
3.020000000000000115e-02
3.459999999999999881e-02
7.140000000000000513e-02
7.259999999999999787e-02
6.019999999999999657e-02
6.619999999999999496e-02
8.880000000000000393e-02
8.699999999999999400e-02
8.659999999999999643e-02
8.859999999999999820e-02
9.180000000000000659e-02
9.360000000000000264e-02
8.840000000000000635e-02
9.279999999999999361e-02
1.243999999999999967e-01
1.338000000000000023e-01
1.902000000000000079e-01
2.454000000000000070e-01
2.457999999999999907e-01
2.501999999999999780e-01
2.660000000000000142e-01
2.852000000000000091e-01
2.942000000000000171e-01
2.757999999999999896e-01
2.975999999999999757e-01
3.062000000000000277e-01
3.287999999999999812e-01
3.009999999999999898e-01
3.456000000000000183e-01
3.884000000000000230e-01
