2.467999999999999916e-01
2.328000000000000069e-01
2.038000000000000089e-01
1.826000000000000123e-01
1.280000000000000027e-01
1.089999999999999997e-01
9.080000000000000571e-02
8.340000000000000191e-02
5.519999999999999907e-02
5.460000000000000270e-02
5.879999999999999810e-02
5.240000000000000213e-02
5.380000000000000060e-02
4.739999999999999769e-02
4.979999999999999705e-02
5.519999999999999907e-02
5.179999999999999882e-02
4.979999999999999705e-02
7.699999999999999900e-02
6.779999999999999916e-02
7.040000000000000424e-02
6.940000000000000335e-02
7.520000000000000295e-02
9.080000000000000571e-02
8.780000000000000304e-02
9.099999999999999756e-02
1.123999999999999999e-01
6.419999999999999318e-02
6.339999999999999802e-02
6.900000000000000577e-02
6.439999999999999891e-02
9.719999999999999474e-02
1.378000000000000058e-01
1.471999999999999975e-01
1.514000000000000068e-01
1.613999999999999879e-01
1.902000000000000079e-01
2.088000000000000134e-01
2.220000000000000029e-01
2.207999999999999963e-01
2.272000000000000131e-01
2.394000000000000017e-01
2.240000000000000047e-01
2.386000000000000065e-01
2.316000000000000003e-01
2.386000000000000065e-01
2.452000000000000013e-01
2.215999999999999914e-01
2.280000000000000082e-01
2.129999999999999949e-01
2.094000000000000028e-01
2.195999999999999897e-01
2.187999999999999945e-01
2.137999999999999901e-01
2.164000000000000090e-01
2.018000000000000071e-01
1.945999999999999952e-01
2.003999999999999948e-01
1.300000000000000044e-01
1.380000000000000115e-01
1.403999999999999970e-01
1.332000000000000128e-01
1.208000000000000046e-01
1.004000000000000031e-01
1.001999999999999974e-01
7.939999999999999836e-02
7.580000000000000626e-02
7.399999999999999634e-02
7.799999999999999989e-02
7.399999999999999634e-02
6.219999999999999835e-02
6.679999999999999827e-02
6.600000000000000311e-02
7.620000000000000384e-02
7.599999999999999811e-02
5.340000000000000302e-02
5.179999999999999882e-02
5.240000000000000213e-02
5.639999999999999875e-02
5.759999999999999842e-02
5.079999999999999793e-02
6.779999999999999916e-02
8.500000000000000611e-02
7.399999999999999634e-02
5.439999999999999697e-02
5.279999999999999971e-02
5.480000000000000149e-02
6.279999999999999472e-02
5.580000000000000238e-02
2.239999999999999977e-02
2.280000000000000082e-02
2.440000000000000155e-02
1.839999999999999969e-02
2.539999999999999897e-02
2.539999999999999897e-02
2.460000000000000034e-02
2.299999999999999961e-02
6.599999999999999964e-03
6.400000000000000307e-03
5.799999999999999600e-03
6.400000000000000307e-03
5.400000000000000286e-03
7.799999999999999642e-03
6.799999999999999621e-03
7.199999999999999803e-03
6.400000000000000307e-03
8.200000000000000691e-03
8.200000000000000691e-03
7.199999999999999803e-03
7.400000000000000328e-03
9.799999999999999684e-03
7.199999999999999803e-03
8.600000000000000006e-03
2.179999999999999993e-02
2.239999999999999977e-02
2.779999999999999832e-02
2.299999999999999961e-02
2.199999999999999872e-02
2.359999999999999945e-02
2.560000000000000123e-02
2.639999999999999986e-02
3.119999999999999857e-02
2.779999999999999832e-02
5.240000000000000213e-02
6.779999999999999916e-02
6.919999999999999762e-02
6.279999999999999472e-02
7.080000000000000182e-02
6.779999999999999916e-02
6.379999999999999560e-02
5.940000000000000141e-02
5.559999999999999665e-02
1.019999999999999934e-01
1.293999999999999873e-01
1.446000000000000063e-01
1.386000000000000010e-01
1.342000000000000137e-01
1.330000000000000071e-01
1.441999999999999948e-01
2.416000000000000092e-01
2.879999999999999782e-01
3.313999999999999724e-01
3.386000000000000121e-01
3.761999999999999789e-01
4.451999999999999846e-01
4.471999999999999864e-01
4.365999999999999881e-01
4.172000000000000153e-01
4.355999999999999872e-01
4.388000000000000234e-01
4.647999999999999909e-01
5.135999999999999455e-01
4.979999999999999982e-01
5.031999999999999806e-01
4.862000000000000210e-01
5.000000000000000000e-01
4.772000000000000131e-01
4.481999999999999873e-01
4.822000000000000175e-01
4.646000000000000130e-01
4.862000000000000210e-01
4.779999999999999805e-01
4.524000000000000243e-01
4.566000000000000059e-01
4.600000000000000200e-01
4.566000000000000059e-01
4.573999999999999733e-01
4.620000000000000218e-01
4.421999999999999820e-01
4.662000000000000033e-01
4.554000000000000270e-01
4.425999999999999934e-01
4.556000000000000050e-01
4.642000000000000015e-01
5.026000000000000467e-01
4.971999999999999753e-01
5.020000000000000018e-01
4.951999999999999735e-01
4.949999999999999956e-01
4.981999999999999762e-01
4.979999999999999982e-01
5.098000000000000309e-01
5.031999999999999806e-01
4.872000000000000219e-01
5.051999999999999824e-01
4.948000000000000176e-01
5.013999999999999568e-01
4.902000000000000246e-01
4.747999999999999998e-01
4.779999999999999805e-01
4.299999999999999933e-01
3.926000000000000045e-01
3.654000000000000026e-01
3.778000000000000247e-01
3.214000000000000190e-01
3.174000000000000155e-01
2.750000000000000222e-01
2.531999999999999806e-01
2.064000000000000001e-01
2.089999999999999913e-01
1.721999999999999920e-01
1.049999999999999961e-01
1.121999999999999942e-01
9.379999999999999449e-02
9.579999999999999627e-02
5.739999999999999963e-02
2.719999999999999848e-02
2.980000000000000010e-02
3.099999999999999978e-02
2.999999999999999889e-02
2.440000000000000155e-02
1.880000000000000074e-02
2.620000000000000107e-02
4.320000000000000229e-02
4.420000000000000318e-02
3.420000000000000123e-02
4.939999999999999947e-02
5.260000000000000092e-02
7.979999999999999594e-02
1.083999999999999964e-01
1.351999999999999869e-01
1.444000000000000006e-01
1.628000000000000003e-01
2.109999999999999931e-01
2.535999999999999921e-01
2.846000000000000196e-01
3.413999999999999813e-01
3.811999999999999833e-01
3.669999999999999929e-01
3.639999999999999902e-01
3.897999999999999798e-01
3.482000000000000095e-01
3.559999999999999831e-01
3.556000000000000272e-01
3.967999999999999861e-01
3.556000000000000272e-01
3.380000000000000226e-01
3.161999999999999811e-01
2.989999999999999880e-01
2.773999999999999799e-01
2.766000000000000125e-01
2.644000000000000239e-01
2.727999999999999869e-01
2.721999999999999975e-01
2.647999999999999798e-01
2.477999999999999925e-01
2.376000000000000056e-01
2.303999999999999937e-01
2.071999999999999953e-01
1.880000000000000004e-01
1.713999999999999968e-01
1.784000000000000030e-01
1.766000000000000070e-01
1.731999999999999929e-01
1.776000000000000079e-01
1.733999999999999986e-01
2.169999999999999984e-01
2.179999999999999993e-01
1.817999999999999894e-01
1.786000000000000087e-01
2.023999999999999966e-01
1.995999999999999996e-01
2.107999999999999874e-01
1.932000000000000106e-01
2.021999999999999909e-01
1.913999999999999868e-01
1.535999999999999865e-01
1.454000000000000015e-01
1.487999999999999878e-01
1.562000000000000055e-01
1.257999999999999952e-01
1.089999999999999997e-01
6.360000000000000375e-02
4.900000000000000189e-02
2.040000000000000147e-02
2.680000000000000090e-02
2.759999999999999953e-02
1.899999999999999953e-02
2.460000000000000034e-02
2.599999999999999881e-02
2.460000000000000034e-02
2.259999999999999856e-02
2.239999999999999977e-02
2.460000000000000034e-02
2.400000000000000050e-02
8.999999999999999320e-03
6.799999999999999621e-03
8.000000000000000167e-03
7.199999999999999803e-03
7.199999999999999803e-03
7.199999999999999803e-03
2.440000000000000155e-02
2.299999999999999961e-02
2.759999999999999953e-02
2.000000000000000042e-02
2.400000000000000050e-02
2.500000000000000139e-02
1.980000000000000163e-02
2.580000000000000002e-02
2.340000000000000066e-02
2.100000000000000130e-02
2.019999999999999921e-02
2.319999999999999840e-02
3.200000000000000067e-02
2.819999999999999937e-02
2.599999999999999881e-02
2.400000000000000050e-02
2.639999999999999986e-02
2.520000000000000018e-02
2.000000000000000042e-02
2.479999999999999913e-02
2.120000000000000009e-02
8.800000000000000530e-03
7.000000000000000146e-03
7.400000000000000328e-03
6.400000000000000307e-03
7.000000000000000146e-03
6.799999999999999621e-03
9.400000000000000369e-03
6.599999999999999964e-03
7.799999999999999642e-03
6.400000000000000307e-03
7.599999999999999985e-03
8.000000000000000167e-03
7.400000000000000328e-03
2.160000000000000114e-02
2.920000000000000026e-02
7.399999999999999634e-02
8.699999999999999400e-02
1.441999999999999948e-01
1.353999999999999926e-01
1.390000000000000124e-01
1.633999999999999897e-01
1.945999999999999952e-01
1.945999999999999952e-01
2.020000000000000129e-01
2.008000000000000063e-01
2.139999999999999958e-01
2.457999999999999907e-01
2.657999999999999807e-01
2.862000000000000099e-01
3.065999999999999837e-01
3.694000000000000061e-01
3.735999999999999877e-01
4.202000000000000179e-01
4.368000000000000216e-01
4.733999999999999875e-01
4.667999999999999927e-01
4.709999999999999742e-01
4.835999999999999743e-01
4.829999999999999849e-01
4.692000000000000060e-01
3.623999999999999999e-01
2.757999999999999896e-01
2.813999999999999835e-01
2.767999999999999905e-01
2.893999999999999906e-01
2.889999999999999791e-01
2.524000000000000132e-01
2.610000000000000098e-01
2.104000000000000037e-01
1.887999999999999956e-01
1.787999999999999867e-01
1.804000000000000048e-01
2.202000000000000068e-01
2.230000000000000038e-01
1.766000000000000070e-01
1.948000000000000009e-01
2.121999999999999997e-01
2.056000000000000050e-01
2.023999999999999966e-01
2.676000000000000045e-01
2.494000000000000106e-01
2.650000000000000133e-01
2.555999999999999939e-01
2.459999999999999964e-01
2.567999999999999727e-01
2.862000000000000099e-01
3.235999999999999988e-01
3.392000000000000015e-01
3.267999999999999794e-01
3.231999999999999873e-01
3.341999999999999971e-01
4.262000000000000233e-01
4.292000000000000259e-01
4.390000000000000013e-01
4.395999999999999908e-01
4.506000000000000005e-01
4.597999999999999865e-01
4.590000000000000191e-01
4.709999999999999742e-01
4.752000000000000113e-01
4.613999999999999768e-01
5.006000000000000449e-01
5.128000000000000336e-01
5.073999999999999622e-01
5.048000000000000265e-01
4.968000000000000194e-01
4.914000000000000035e-01
4.792000000000000148e-01
4.506000000000000005e-01
4.295999999999999819e-01
4.672000000000000042e-01
4.182000000000000162e-01
4.460000000000000075e-01
4.722000000000000086e-01
4.849999999999999867e-01
4.541999999999999926e-01
4.122000000000000108e-01
4.212000000000000188e-01
4.208000000000000074e-01
4.243999999999999995e-01
4.047999999999999932e-01
3.794000000000000150e-01
3.452000000000000068e-01
3.059999999999999942e-01
2.902000000000000135e-01
2.696000000000000063e-01
2.200000000000000011e-01
1.892000000000000071e-01
1.943999999999999895e-01
1.733999999999999986e-01
1.708000000000000074e-01
1.970000000000000084e-01
1.768000000000000127e-01
1.769999999999999907e-01
1.557999999999999940e-01
2.001999999999999891e-01
1.960000000000000075e-01
2.006000000000000005e-01
1.915999999999999925e-01
1.706000000000000016e-01
2.081999999999999962e-01
1.648000000000000020e-01
1.716000000000000025e-01
1.713999999999999968e-01
1.512000000000000011e-01
2.016000000000000014e-01
2.504000000000000115e-01
2.281999999999999862e-01
2.398000000000000131e-01
2.320000000000000118e-01
2.394000000000000017e-01
2.407999999999999863e-01
2.558000000000000274e-01
2.611999999999999877e-01
2.525999999999999912e-01
2.454000000000000070e-01
2.614000000000000212e-01
2.255999999999999950e-01
2.349999999999999867e-01
2.399999999999999911e-01
3.019999999999999907e-01
2.932000000000000162e-01
3.164000000000000146e-01
3.059999999999999942e-01
3.125999999999999890e-01
3.084000000000000075e-01
2.876000000000000223e-01
3.443999999999999839e-01
3.493999999999999884e-01
2.793999999999999817e-01
2.495999999999999885e-01
2.671999999999999931e-01
2.656000000000000028e-01
2.594000000000000195e-01
2.564000000000000168e-01
2.677999999999999825e-01
2.919999999999999818e-01
3.049999999999999933e-01
3.619999999999999885e-01
3.854000000000000203e-01
4.173999999999999932e-01
4.122000000000000108e-01
4.299999999999999933e-01
4.667999999999999927e-01
5.066000000000000503e-01
5.083999999999999631e-01
4.719999999999999751e-01
4.892000000000000237e-01
5.043999999999999595e-01
4.742000000000000104e-01
4.879999999999999893e-01
5.078000000000000291e-01
4.984000000000000097e-01
5.020000000000000018e-01
5.010000000000000009e-01
4.813999999999999946e-01
4.507999999999999785e-01
4.606000000000000094e-01
4.642000000000000015e-01
4.747999999999999998e-01
4.445999999999999952e-01
4.808000000000000052e-01
4.546000000000000041e-01
4.195999999999999730e-01
4.534000000000000252e-01
4.345999999999999863e-01
4.647999999999999909e-01
4.756000000000000227e-01
4.689999999999999725e-01
4.819999999999999840e-01
4.746000000000000218e-01
4.647999999999999909e-01
4.637999999999999901e-01
3.951999999999999957e-01
3.841999999999999860e-01
3.492000000000000104e-01
3.125999999999999890e-01
3.230000000000000093e-01
2.992000000000000215e-01
3.012000000000000233e-01
2.590000000000000080e-01
2.424000000000000044e-01
2.031999999999999917e-01
1.880000000000000004e-01
1.758000000000000118e-01
1.603999999999999870e-01
1.642000000000000126e-01
1.564000000000000112e-01
1.351999999999999869e-01
1.178000000000000019e-01
1.260000000000000009e-01
1.215999999999999998e-01
1.144000000000000017e-01
1.087999999999999939e-01
9.379999999999999449e-02
8.939999999999999336e-02
1.029999999999999943e-01
1.053999999999999937e-01
1.215999999999999998e-01
1.280000000000000027e-01
1.332000000000000128e-01
1.325999999999999956e-01
1.351999999999999869e-01
1.512000000000000011e-01
9.220000000000000417e-02
9.260000000000000175e-02
7.380000000000000449e-02
6.900000000000000577e-02
6.640000000000000069e-02
6.940000000000000335e-02
6.679999999999999827e-02
9.199999999999999845e-02
7.839999999999999747e-02
6.700000000000000400e-02
6.619999999999999496e-02
5.739999999999999963e-02
3.799999999999999906e-02
3.620000000000000301e-02
2.220000000000000098e-02
2.060000000000000026e-02
2.040000000000000147e-02
2.479999999999999913e-02
4.120000000000000051e-02
2.160000000000000114e-02
2.560000000000000123e-02
9.639999999999999958e-02
8.899999999999999578e-02
9.299999999999999933e-02
1.274000000000000132e-01
1.406000000000000028e-01
1.721999999999999920e-01
1.685999999999999999e-01
1.661999999999999866e-01
1.208000000000000046e-01
1.323999999999999899e-01
1.416000000000000036e-01
1.400000000000000133e-01
1.368000000000000049e-01
1.390000000000000124e-01
1.436000000000000054e-01
1.371999999999999886e-01
1.585999999999999910e-01
1.826000000000000123e-01
2.172000000000000042e-01
2.505999999999999894e-01
2.646000000000000019e-01
2.627999999999999781e-01
3.052000000000000268e-01
2.736000000000000099e-01
3.235999999999999988e-01
3.151999999999999802e-01
3.612000000000000210e-01
3.854000000000000203e-01
3.877999999999999781e-01
3.682000000000000273e-01
3.728000000000000203e-01
4.032000000000000028e-01
4.096000000000000196e-01
3.931999999999999940e-01
3.674000000000000044e-01
3.526000000000000245e-01
3.705999999999999850e-01
3.721999999999999753e-01
3.760000000000000009e-01
3.924000000000000266e-01
4.083999999999999853e-01
4.470000000000000084e-01
4.077999999999999958e-01
4.855999999999999761e-01
4.828000000000000069e-01
4.909999999999999920e-01
4.858000000000000096e-01
4.889999999999999902e-01
4.497999999999999776e-01
4.133999999999999897e-01
4.265999999999999792e-01
4.146000000000000241e-01
4.348000000000000198e-01
3.632000000000000228e-01
3.688000000000000167e-01
3.477999999999999980e-01
3.533999999999999919e-01
3.376000000000000112e-01
3.459999999999999742e-01
3.493999999999999884e-01
3.953999999999999737e-01
3.987999999999999878e-01
4.689999999999999725e-01
4.782000000000000139e-01
4.924000000000000044e-01
4.944000000000000061e-01
4.872000000000000219e-01
4.526000000000000023e-01
4.470000000000000084e-01
4.328000000000000180e-01
3.486000000000000210e-01
3.124000000000000110e-01
3.088000000000000189e-01
2.777999999999999914e-01
2.720000000000000195e-01
2.419999999999999929e-01
2.222000000000000086e-01
1.965999999999999970e-01
2.003999999999999948e-01
1.915999999999999925e-01
1.806000000000000105e-01
1.640000000000000069e-01
1.655999999999999972e-01
1.738000000000000100e-01
1.572000000000000064e-01
1.438000000000000111e-01
1.421999999999999931e-01
1.409999999999999865e-01
1.484000000000000041e-01
1.239999999999999991e-01
1.292000000000000093e-01
1.330000000000000071e-01
1.418000000000000094e-01
1.396000000000000019e-01
1.499999999999999944e-01
1.388000000000000067e-01
1.409999999999999865e-01
1.423999999999999988e-01
1.348000000000000032e-01
1.388000000000000067e-01
1.431999999999999940e-01
1.373999999999999944e-01
1.330000000000000071e-01
1.322000000000000119e-01
1.409999999999999865e-01
1.089999999999999997e-01
1.229999999999999982e-01
9.800000000000000377e-02
9.479999999999999538e-02
7.220000000000000029e-02
7.699999999999999900e-02
7.439999999999999392e-02
5.920000000000000262e-02
4.299999999999999656e-02
4.080000000000000293e-02
4.059999999999999720e-02
3.640000000000000180e-02
2.139999999999999888e-02
2.779999999999999832e-02
2.419999999999999929e-02
2.380000000000000171e-02
2.259999999999999856e-02
1.980000000000000163e-02
2.199999999999999872e-02
2.620000000000000107e-02
2.400000000000000050e-02
2.440000000000000155e-02
2.100000000000000130e-02
2.460000000000000034e-02
2.299999999999999961e-02
2.380000000000000171e-02
2.539999999999999897e-02
9.199999999999999845e-03
9.799999999999999684e-03
9.400000000000000369e-03
7.199999999999999803e-03
7.400000000000000328e-03
1.899999999999999953e-02
2.440000000000000155e-02
2.460000000000000034e-02
2.340000000000000066e-02
2.440000000000000155e-02
2.280000000000000082e-02
3.459999999999999881e-02
2.800000000000000058e-02
5.439999999999999697e-02
7.399999999999999634e-02
7.660000000000000142e-02
7.480000000000000537e-02
8.400000000000000522e-02
1.489999999999999936e-01
1.512000000000000011e-01
1.942000000000000115e-01
2.341999999999999915e-01
2.444000000000000061e-01
2.535999999999999921e-01
2.667999999999999816e-01
2.938000000000000056e-01
2.876000000000000223e-01
3.264000000000000234e-01
3.432000000000000051e-01
3.316000000000000059e-01
3.336000000000000076e-01
3.820000000000000062e-01
3.751999999999999780e-01
4.404000000000000137e-01
4.096000000000000196e-01
4.457999999999999741e-01
4.471999999999999864e-01
4.232000000000000206e-01
3.649999999999999911e-01
4.146000000000000241e-01
3.018000000000000127e-01
2.862000000000000099e-01
2.192000000000000060e-01
2.351999999999999924e-01
1.998000000000000054e-01
1.834000000000000075e-01
1.039999999999999952e-01
1.039999999999999952e-01
8.200000000000000344e-02
8.319999999999999618e-02
8.699999999999999400e-02
7.480000000000000537e-02
5.240000000000000213e-02
2.759999999999999953e-02
7.000000000000000146e-03
6.599999999999999964e-03
1.399999999999999986e-03
1.199999999999999895e-03
2.719999999999999848e-02
3.660000000000000059e-02
9.779999999999999805e-02
9.859999999999999321e-02
6.759999999999999343e-02
5.859999999999999931e-02
6.819999999999999674e-02
6.560000000000000553e-02
7.240000000000000602e-02
6.519999999999999407e-02
8.379999999999999949e-02
8.719999999999999973e-02
8.419999999999999707e-02
8.759999999999999731e-02
8.580000000000000127e-02
8.939999999999999336e-02
1.555999999999999883e-01
1.875999999999999890e-01
2.235999999999999932e-01
2.654000000000000248e-01
2.810000000000000275e-01
3.022000000000000242e-01
3.830000000000000071e-01
3.739999999999999991e-01
4.593999999999999750e-01
4.461999999999999855e-01
3.834000000000000186e-01
3.714000000000000079e-01
3.477999999999999980e-01
2.792000000000000037e-01
2.426000000000000101e-01
1.971999999999999864e-01
2.068000000000000116e-01
2.487999999999999934e-01
2.615999999999999992e-01
2.869999999999999774e-01
2.651999999999999913e-01
2.591999999999999860e-01
2.953999999999999959e-01
2.703999999999999737e-01
2.505999999999999894e-01
1.920000000000000040e-01
2.359999999999999876e-01
2.439999999999999947e-01
2.531999999999999806e-01
2.574000000000000177e-01
2.414000000000000035e-01
2.575999999999999956e-01
2.693999999999999728e-01
2.518000000000000238e-01
2.790000000000000258e-01
2.936000000000000276e-01
2.882000000000000117e-01
3.005999999999999783e-01
3.244000000000000217e-01
3.244000000000000217e-01
3.287999999999999812e-01
3.194000000000000172e-01
3.613999999999999990e-01
3.181999999999999829e-01
3.588000000000000078e-01
3.583999999999999964e-01
3.363999999999999768e-01
4.109999999999999765e-01
3.894000000000000239e-01
3.548000000000000043e-01
3.306000000000000050e-01
3.775999999999999912e-01
3.664000000000000035e-01
3.509999999999999787e-01
3.327999999999999847e-01
3.810000000000000053e-01
3.699999999999999956e-01
3.648000000000000131e-01
3.860000000000000098e-01
3.871999999999999886e-01
3.971999999999999975e-01
4.138000000000000012e-01
4.858000000000000096e-01
4.852000000000000202e-01
4.603999999999999759e-01
4.229999999999999871e-01
4.415999999999999925e-01
3.937999999999999834e-01
3.907999999999999807e-01
3.911999999999999922e-01
3.160000000000000031e-01
3.410000000000000253e-01
2.829999999999999738e-01
3.008000000000000118e-01
2.955999999999999739e-01
2.888000000000000012e-01
2.495999999999999885e-01
2.456000000000000127e-01
2.710000000000000187e-01
2.762000000000000011e-01
2.531999999999999806e-01
2.525999999999999912e-01
2.485999999999999877e-01
2.541999999999999815e-01
2.411999999999999977e-01
1.975999999999999979e-01
2.114000000000000046e-01
2.466000000000000136e-01
