-5.094375894581919251e-02 5.317229271457308837e-01
-5.345950012832878517e-02 5.116284205251895312e-01
-5.157269424144659414e-02 5.266624275418723133e-01
-5.094375894581919251e-02 5.317229271457308837e-01
-4.213866480703563205e-02 6.050292342419572034e-01
-3.836505303327124999e-02 6.377612738128599634e-01
-3.584931185076165733e-02 6.599831251701716583e-01
-3.459144125950686793e-02 6.712080018201662668e-01
-3.647824714638905896e-02 6.543987765937969714e-01
-3.710718244201645366e-02 6.488335103680014093e-01
-3.836505303327124999e-02 6.377612738128599634e-01
-4.213866480703563205e-02 6.050292342419572034e-01
-5.094375894581919251e-02 5.317229271457308837e-01
-5.220162953707399578e-02 5.216263908531391102e-01
-4.779908246768221208e-02 5.573858259566866202e-01
-4.088079421578084266e-02 6.158571476589482785e-01
-3.836505303327124999e-02 6.377612738128599634e-01
-3.081782948574248240e-02 7.053123065475996878e-01
-2.830208830323288627e-02 7.283838562478978096e-01
-2.767315300760548810e-02 7.341909756378273144e-01
-2.704421771197809340e-02 7.400131856091287652e-01
-3.081782948574248240e-02 7.053123065475996878e-01
-3.144676478136987363e-02 6.995851335190212961e-01
-3.396250596387945936e-02 6.768479884486258147e-01
-3.584931185076165733e-02 6.599831251701716583e-01
-3.018889419011508077e-02 7.110560591384000872e-01
-2.767315300760548810e-02 7.341909756378273144e-01
-3.144676478136987363e-02 6.995851335190212961e-01
-3.144676478136987363e-02 6.995851335190212961e-01
-3.081782948574248240e-02 7.053123065475996878e-01
-2.578634712072329707e-02 7.517016524455237825e-01
-2.452847652946850074e-02 7.634467824479787001e-01
-2.138380005133151684e-02 7.930409299725358352e-01
-2.264167064258631318e-02 7.811652145047431883e-01
-2.138380005133151684e-02 7.930409299725358352e-01
-2.012592946007672051e-02 8.049643575139560081e-01
-2.389954123384110604e-02 7.693398124028305585e-01
-2.201273534695891154e-02 7.870969448654846490e-01
-2.767315300760548810e-02 7.341909756378273144e-01
-2.704421771197809340e-02 7.400131856091287652e-01
-2.704421771197809340e-02 7.400131856091287652e-01
-1.886805886882192418e-02 8.169328632703103388e-01
-1.383657650380274405e-02 8.652039487179420396e-01
-9.434029434410962089e-03 9.078601106512387275e-01
-3.144676478136987363e-03 9.692263620810941394e-01
1.886805886882192548e-03 9.815329153991656508e-01
1.069190002566575842e-02 8.956402926452933233e-01
1.132083532129315659e-02 8.895393813427971974e-01
2.641528241635069871e-02 7.458501805716265531e-01
2.389954123384110604e-02 7.693398124028305585e-01
2.704421771197809340e-02 7.400131856091287652e-01
2.641528241635069871e-02 7.458501805716265531e-01
2.578634712072329707e-02 7.517016524455237825e-01
2.327060593821370788e-02 7.752460630206998715e-01
2.264167064258631318e-02 7.811652145047431883e-01
2.704421771197809340e-02 7.400131856091287652e-01
2.389954123384110604e-02 7.693398124028305585e-01
2.389954123384110604e-02 7.693398124028305585e-01
2.704421771197809340e-02 7.400131856091287652e-01
2.327060593821370788e-02 7.752460630206998715e-01
2.515741182509589891e-02 7.575672907092484420e-01
2.327060593821370788e-02 7.752460630206998715e-01
1.949699416444932235e-02 8.109431414567740415e-01
1.635231768631233498e-02 8.409944215150699787e-01
1.572338239068493682e-02 8.470337865694711477e-01
1.572338239068493682e-02 8.470337865694711477e-01
1.446551179943014222e-02 8.591388950154204007e-01
1.069190002566575842e-02 8.956402926452933233e-01
6.918288251901372025e-03 9.323617749503775309e-01
5.031482365019180128e-03 9.507810323064186386e-01
1.257870591254795032e-03 9.876880056033969790e-01
0.000000000000000000e+00 1.000000000000000000e+00
2.515741182509590064e-03 9.753789134106297665e-01
8.176158843156167491e-03 9.201015557773299935e-01
6.289352956273974726e-03 9.384980295948005535e-01
4.402547069391782829e-03 9.569270598442802811e-01
1.886805886882192548e-03 9.815329153991656508e-01
6.918288251901372025e-03 9.323617749503775309e-01
8.805094138783565658e-03 9.139783078121780369e-01
1.132083532129315659e-02 8.895393813427971974e-01
1.383657650380274405e-02 8.652039487179420396e-01
1.509444709505754038e-02 8.530820591048181578e-01
2.264167064258631318e-02 7.811652145047431883e-01
1.698125298193972968e-02 8.349643065117116070e-01
2.389954123384110604e-02 7.693398124028305585e-01
2.138380005133151684e-02 7.930409299725358352e-01
2.389954123384110604e-02 7.693398124028305585e-01
2.578634712072329707e-02 7.517016524455237825e-01
2.264167064258631318e-02 7.811652145047431883e-01
2.201273534695891154e-02 7.870969448654846490e-01
1.635231768631233498e-02 8.409944215150699787e-01
1.257870591254794945e-02 8.773573201277994338e-01
1.194977061692055302e-02 8.834449398075647775e-01
1.069190002566575842e-02 8.956402926452933233e-01
9.434029434410962089e-03 9.078601106512387275e-01
6.918288251901372025e-03 9.323617749503775309e-01
7.547223547528770192e-03 9.262294974582616636e-01
8.176158843156167491e-03 9.201015557773299935e-01
5.031482365019180128e-03 9.507810323064186386e-01
-1.886805886882192548e-03 9.815329153991656508e-01
0.000000000000000000e+00 1.000000000000000000e+00
-6.289352956273974726e-03 9.384980295948005535e-01
-6.289352956273975160e-04 9.938438213902267560e-01
6.289352956273975160e-04 9.938438213902267560e-01
6.289352956273974726e-03 9.384980295948005535e-01
9.434029434410962089e-03 9.078601106512387275e-01
5.660417660646578294e-03 9.446379020404666038e-01
7.547223547528770192e-03 9.262294974582616636e-01
6.289352956273974726e-03 9.384980295948005535e-01
3.773611773764385096e-03 9.630756236008926052e-01
3.773611773764385096e-03 9.630756236008926052e-01
1.257870591254795032e-03 9.876880056033969790e-01
-5.660417660646578294e-03 9.446379020404666038e-01
-8.176158843156167491e-03 9.201015557773299935e-01
-1.320764120817534935e-02 8.712768732097727620e-01
-1.320764120817534935e-02 8.712768732097727620e-01
-1.761018827756713132e-02 8.289437825363835666e-01
-1.949699416444932235e-02 8.109431414567740415e-01
-2.012592946007672051e-02 8.049643575139560081e-01
-2.327060593821370788e-02 7.752460630206998715e-01
-3.081782948574248240e-02 7.053123065475996878e-01
-3.081782948574248240e-02 7.053123065475996878e-01
-3.333357066825207160e-02 6.825059746125943239e-01
-3.962292362452603939e-02 6.267684814469836052e-01
-4.465440598954522472e-02 5.836312468581361657e-01
-4.654121187642741575e-02 5.678155282925944070e-01
-4.842801776330960678e-02 5.522058343560879434e-01
-4.905695305893700148e-02 5.470493525185020633e-01
-5.157269424144659414e-02 5.266624275418723133e-01
-5.157269424144659414e-02 5.266624275418723133e-01
-5.534630601521097620e-02 4.968193028289616953e-01
-5.094375894581919251e-02 5.317229271457308837e-01
-5.408843542395618681e-02 5.066668346724572114e-01
-5.345950012832878517e-02 5.116284205251895312e-01
-5.786204719772056887e-02 4.774312710810785232e-01
-5.786204719772056887e-02 4.774312710810785232e-01
-5.911991778897536520e-02 4.678931899296554509e-01
-6.037778838023016154e-02 4.584605759118155488e-01
-5.786204719772056887e-02 4.774312710810785232e-01
-5.911991778897536520e-02 4.678931899296554509e-01
-5.849098249334797051e-02 4.726491155334555661e-01
-5.597524131083837090e-02 4.919336819965118845e-01
-5.345950012832878517e-02 5.116284205251895312e-01
-5.345950012832878517e-02 5.116284205251895312e-01
-5.220162953707399578e-02 5.216263908531391102e-01
-5.534630601521097620e-02 4.968193028289616953e-01
-5.408843542395618681e-02 5.066668346724572114e-01
-5.534630601521097620e-02 4.968193028289616953e-01
-5.723311190209318111e-02 4.822395149452705088e-01
-5.660417660646577254e-02 4.870737016740892544e-01
-5.534630601521097620e-02 4.968193028289616953e-01
-5.597524131083837090e-02 4.919336819965118845e-01
-5.345950012832878517e-02 5.116284205251895312e-01
-5.849098249334797051e-02 4.726491155334555661e-01
-6.037778838023016154e-02 4.584605759118155488e-01
-6.163565897148496481e-02 4.491344853960210770e-01
-6.289352956273974726e-02 4.399159133493760754e-01
-6.226459426711235950e-02 4.445116997780487189e-01
-6.352246485836714196e-02 4.353472408835896701e-01
-6.289352956273974726e-02 4.399159133493760754e-01
-5.974885308460276684e-02 4.631636320675444063e-01
-6.037778838023016154e-02 4.584605759118155488e-01
-5.911991778897536520e-02 4.678931899296554509e-01
-6.226459426711235950e-02 4.445116997780487189e-01
-6.100672367585756317e-02 4.537841515911062995e-01
-5.974885308460276684e-02 4.631636320675444063e-01
-6.037778838023016154e-02 4.584605759118155488e-01
-5.597524131083837090e-02 4.919336819965118845e-01
-5.723311190209318111e-02 4.822395149452705088e-01
-6.289352956273974726e-02 4.399159133493760754e-01
-6.666714133650414320e-02 4.129143366447610708e-01
-6.792501192775891872e-02 4.041345605954039799e-01
-6.603820604087673463e-02 4.173458518833366160e-01
-6.729607663213152402e-02 4.085105435499297721e-01
-6.855394722338632729e-02 3.997864719760969576e-01
-7.044075311026852526e-02 3.869103572369352317e-01
-6.603820604087673463e-02 4.173458518833366160e-01
-6.540927074524933993e-02 4.218049974598343521e-01
-6.352246485836714196e-02 4.353472408835896701e-01
-6.478033544962194523e-02 4.262916777524066170e-01
-6.352246485836714196e-02 4.353472408835896701e-01
-6.352246485836714196e-02 4.353472408835896701e-01
-6.037778838023016154e-02 4.584605759118155488e-01
-6.100672367585756317e-02 4.537841515911062995e-01
-6.226459426711235950e-02 4.445116997780487189e-01
-6.289352956273974726e-02 4.399159133493760754e-01
-6.100672367585756317e-02 4.537841515911062995e-01
-6.540927074524933993e-02 4.218049974598343521e-01
-6.352246485836714196e-02 4.353472408835896701e-01
-6.415140015399455053e-02 4.308057933172599885e-01
-6.603820604087673463e-02 4.173458518833366160e-01
-6.855394722338632729e-02 3.997864719760969576e-01
-7.421436488403290732e-02 3.619209421020045392e-01
-7.547223547528769672e-02 3.538188270221312992e-01
-7.924584724905207878e-02 3.302001803424131632e-01
-8.113265313593427674e-02 3.187789738612060719e-01
-8.113265313593427674e-02 3.187789738612060719e-01
-8.113265313593427674e-02 3.187789738612060719e-01
-7.924584724905207878e-02 3.302001803424131632e-01
-7.547223547528769672e-02 3.538188270221312992e-01
-7.106968840589591996e-02 3.826746121874277096e-01
-6.981181781464111669e-02 3.911742955660200138e-01
-6.540927074524933993e-02 4.218049974598343521e-01
-5.911991778897536520e-02 4.678931899296554509e-01
-5.534630601521097620e-02 4.968193028289616953e-01
-4.654121187642741575e-02 5.678155282925944070e-01
-4.025185892015344102e-02 6.213025083741285925e-01
-2.955995889448768260e-02 7.168160988425096303e-01
-1.886805886882192418e-02 8.169328632703103388e-01
-1.194977061692055302e-02 8.834449398075647775e-01
-4.402547069391782829e-03 9.569270598442802811e-01
6.289352956273975160e-04 9.938438213902267560e-01
8.176158843156167491e-03 9.201015557773299935e-01
1.069190002566575842e-02 8.956402926452933233e-01
1.446551179943014222e-02 8.591388950154204007e-01
1.635231768631233498e-02 8.409944215150699787e-01
1.949699416444932235e-02 8.109431414567740415e-01
2.327060593821370788e-02 7.752460630206998715e-01
3.144676478136987363e-02 6.995851335190212961e-01
3.710718244201645366e-02 6.488335103680014093e-01
3.899398832889864469e-02 6.322548199862104701e-01
4.025185892015344102e-02 6.213025083741285925e-01
4.465440598954522472e-02 5.836312468581361657e-01
4.276760010266303369e-02 5.996471586076493887e-01
4.591227658080002105e-02 5.730648249110068537e-01
5.031482365019179781e-02 5.368077064263088172e-01
5.094375894581919251e-02 5.317229271457308837e-01
5.157269424144659414e-02 5.266624275418723133e-01
5.031482365019179781e-02 5.368077064263088172e-01
4.528334128517262636e-02 5.783368031003941478e-01
4.465440598954522472e-02 5.836312468581361657e-01
4.402547069391782308e-02 5.889479366447399888e-01
4.402547069391782308e-02 5.889479366447399888e-01
4.717014717205481045e-02 5.625891256877312285e-01
4.842801776330960678e-02 5.522058343560879434e-01
5.283056483270139742e-02 5.166149965908253261e-01
4.591227658080002105e-02 5.730648249110068537e-01
4.150972951140823042e-02 6.104326428738473531e-01
3.962292362452603939e-02 6.267684814469836052e-01
3.207570007699727527e-02 6.938748297397614451e-01
2.704421771197809340e-02 7.400131856091287652e-01
2.452847652946850074e-02 7.634467824479787001e-01
2.515741182509589891e-02 7.575672907092484420e-01
1.635231768631233498e-02 8.409944215150699787e-01
9.434029434410962089e-03 9.078601106512387275e-01
5.031482365019180128e-03 9.507810323064186386e-01
0.000000000000000000e+00 1.000000000000000000e+00
-9.434029434410962089e-03 9.078601106512387275e-01
-1.509444709505754038e-02 8.530820591048181578e-01
-1.446551179943014222e-02 8.591388950154204007e-01
-1.320764120817534935e-02 8.712768732097727620e-01
-1.949699416444932235e-02 8.109431414567740415e-01
-2.138380005133151684e-02 7.930409299725358352e-01
-2.704421771197809340e-02 7.400131856091287652e-01
-2.830208830323288627e-02 7.283838562478978096e-01
-3.459144125950686793e-02 6.712080018201662668e-01
-3.647824714638905896e-02 6.543987765937969714e-01
-3.710718244201645366e-02 6.488335103680014093e-01
-3.522037655513426263e-02 6.655862899790151443e-01
-4.150972951140823042e-02 6.104326428738473531e-01
-4.339653539829043533e-02 5.942866494079307449e-01
-4.150972951140823042e-02 6.104326428738473531e-01
-3.584931185076165733e-02 6.599831251701716583e-01
-2.830208830323288627e-02 7.283838562478978096e-01
-3.018889419011508077e-02 7.110560591384000872e-01
-2.893102359886028443e-02 7.225921304927376276e-01
-2.264167064258631318e-02 7.811652145047431883e-01
-1.761018827756713132e-02 8.289437825363835666e-01
-1.823912357319452948e-02 8.229331889159010593e-01
-1.446551179943014222e-02 8.591388950154204007e-01
-1.320764120817534935e-02 8.712768732097727620e-01
-7.547223547528770192e-03 9.262294974582616636e-01
-8.176158843156167491e-03 9.201015557773299935e-01
-5.660417660646578294e-03 9.446379020404666038e-01
-7.547223547528770192e-03 9.262294974582616636e-01
-1.069190002566575842e-02 8.956402926452933233e-01
-1.823912357319452948e-02 8.229331889159010593e-01
-1.886805886882192418e-02 8.169328632703103388e-01
-1.761018827756713132e-02 8.289437825363835666e-01
-2.389954123384110604e-02 7.693398124028305585e-01
-3.207570007699727527e-02 6.938748297397614451e-01
-3.459144125950686793e-02 6.712080018201662668e-01
-3.773611773764384836e-02 6.432875894924589000e-01
-4.276760010266303369e-02 5.996471586076493887e-01
-4.779908246768221208e-02 5.573858259566866202e-01
-5.408843542395618681e-02 5.066668346724572114e-01
-6.037778838023016154e-02 4.584605759118155488e-01
-6.289352956273974726e-02 4.399159133493760754e-01
-6.226459426711235950e-02 4.445116997780487189e-01
-6.037778838023016154e-02 4.584605759118155488e-01
-6.352246485836714196e-02 4.353472408835896701e-01
-6.289352956273974726e-02 4.399159133493760754e-01
-5.974885308460276684e-02 4.631636320675444063e-01
-5.849098249334797051e-02 4.726491155334555661e-01
-5.849098249334797051e-02 4.726491155334555661e-01
-5.534630601521097620e-02 4.968193028289616953e-01
-5.157269424144659414e-02 5.266624275418723133e-01
-5.094375894581919251e-02 5.317229271457308837e-01
-4.465440598954522472e-02 5.836312468581361657e-01
-4.025185892015344102e-02 6.213025083741285925e-01
-3.836505303327124999e-02 6.377612738128599634e-01
-3.584931185076165733e-02 6.599831251701716583e-01
-3.396250596387945936e-02 6.768479884486258147e-01
-2.641528241635069871e-02 7.458501805716265531e-01
-2.452847652946850074e-02 7.634467824479787001e-01
-2.389954123384110604e-02 7.693398124028305585e-01
-2.452847652946850074e-02 7.634467824479787001e-01
-2.452847652946850074e-02 7.634467824479787001e-01
-1.886805886882192418e-02 8.169328632703103388e-01
-2.012592946007672051e-02 8.049643575139560081e-01
-1.761018827756713132e-02 8.289437825363835666e-01
-1.761018827756713132e-02 8.289437825363835666e-01
-1.383657650380274405e-02 8.652039487179420396e-01
-1.006296473003836026e-02 9.017473205051368401e-01
-6.289352956273974726e-03 9.384980295948005535e-01
-1.886805886882192548e-03 9.815329153991656508e-01
0.000000000000000000e+00 1.000000000000000000e+00
6.289352956273974726e-03 9.384980295948005535e-01
7.547223547528770192e-03 9.262294974582616636e-01
5.660417660646578294e-03 9.446379020404666038e-01
1.194977061692055302e-02 8.834449398075647775e-01
1.383657650380274405e-02 8.652039487179420396e-01
1.509444709505754038e-02 8.530820591048181578e-01
1.886805886882192418e-02 8.169328632703103388e-01
2.012592946007672051e-02 8.049643575139560081e-01
2.201273534695891154e-02 7.870969448654846490e-01
1.949699416444932235e-02 8.109431414567740415e-01
1.635231768631233498e-02 8.409944215150699787e-01
2.264167064258631318e-02 7.811652145047431883e-01
2.138380005133151684e-02 7.930409299725358352e-01
2.138380005133151684e-02 7.930409299725358352e-01
1.823912357319452948e-02 8.229331889159010593e-01
1.698125298193972968e-02 8.349643065117116070e-01
1.698125298193972968e-02 8.349643065117116070e-01
2.012592946007672051e-02 8.049643575139560081e-01
2.075486475570411521e-02 7.989968436069161406e-01
1.572338239068493682e-02 8.470337865694711477e-01
1.698125298193972968e-02 8.349643065117116070e-01
1.949699416444932235e-02 8.109431414567740415e-01
2.201273534695891154e-02 7.870969448654846490e-01
2.955995889448768260e-02 7.168160988425096303e-01
3.333357066825207160e-02 6.825059746125943239e-01
3.459144125950686793e-02 6.712080018201662668e-01
3.459144125950686793e-02 6.712080018201662668e-01
3.836505303327124999e-02 6.377612738128599634e-01
3.710718244201645366e-02 6.488335103680014093e-01
4.654121187642741575e-02 5.678155282925944070e-01
4.402547069391782308e-02 5.889479366447399888e-01
4.465440598954522472e-02 5.836312468581361657e-01
5.157269424144659414e-02 5.266624275418723133e-01
5.723311190209318111e-02 4.822395149452705088e-01
5.786204719772056887e-02 4.774312710810785232e-01
6.540927074524933993e-02 4.218049974598343521e-01
6.855394722338632729e-02 3.997864719760969576e-01
7.673010606654249999e-02 3.458311564334323185e-01
7.358542958840551262e-02 3.660148153788543857e-01
7.735904136216989468e-02 3.418803251597114512e-01
7.735904136216989468e-02 3.418803251597114512e-01
7.610117077091509141e-02 3.498106677953666255e-01
8.050371784030688205e-02 3.225572476306823866e-01
7.924584724905207878e-02 3.302001803424131632e-01
8.113265313593427674e-02 3.187789738612060719e-01
8.364839431844386941e-02 3.039539649912507135e-01
8.805094138783564617e-02 2.791184034661372548e-01
8.930881197909044944e-02 2.722809043660822659e-01
9.119561786597263353e-02 2.622390576836686193e-01
8.993774727471783026e-02 2.689050733719113850e-01
9.056668257034525271e-02 2.655578048817284209e-01
9.182455316160004211e-02 2.589487875546603868e-01
9.496922963973701559e-02 2.429228384789670070e-01
9.434029434410962089e-02 2.460714897051669847e-01
9.748497082224662214e-02 2.306090796356485007e-01
9.496922963973701559e-02 2.429228384789670070e-01
9.056668257034525271e-02 2.655578048817284209e-01
8.993774727471783026e-02 2.689050733719113850e-01
8.805094138783564617e-02 2.791184034661372548e-01
7.861691195342469796e-02 3.340648138305191139e-01
7.798797665779728938e-02 3.379582026056137112e-01
7.169862370152331466e-02 3.784671257472183026e-01
6.729607663213152402e-02 4.085105435499297721e-01
6.603820604087673463e-02 4.173458518833366160e-01
6.037778838023016154e-02 4.584605759118155488e-01
5.660417660646577254e-02 4.870737016740892544e-01
4.968588835456440311e-02 5.419165784329440516e-01
4.276760010266303369e-02 5.996471586076493887e-01
3.207570007699727527e-02 6.938748297397614451e-01
2.767315300760548810e-02 7.341909756378273144e-01
2.893102359886028443e-02 7.225921304927376276e-01
2.452847652946850074e-02 7.634467824479787001e-01
2.327060593821370788e-02 7.752460630206998715e-01
2.138380005133151684e-02 7.930409299725358352e-01
2.264167064258631318e-02 7.811652145047431883e-01
2.075486475570411521e-02 7.989968436069161406e-01
2.452847652946850074e-02 7.634467824479787001e-01
2.452847652946850074e-02 7.634467824479787001e-01
2.264167064258631318e-02 7.811652145047431883e-01
2.075486475570411521e-02 7.989968436069161406e-01
2.452847652946850074e-02 7.634467824479787001e-01
3.018889419011508077e-02 7.110560591384000872e-01
2.767315300760548810e-02 7.341909756378273144e-01
2.641528241635069871e-02 7.458501805716265531e-01
2.830208830323288627e-02 7.283838562478978096e-01
2.893102359886028443e-02 7.225921304927376276e-01
2.955995889448768260e-02 7.168160988425096303e-01
3.270463537262466996e-02 6.881816820923217781e-01
3.396250596387945936e-02 6.768479884486258147e-01
3.144676478136987363e-02 6.995851335190212961e-01
3.773611773764384836e-02 6.432875894924589000e-01
4.276760010266303369e-02 5.996471586076493887e-01
4.402547069391782308e-02 5.889479366447399888e-01
4.842801776330960678e-02 5.522058343560879434e-01
4.842801776330960678e-02 5.522058343560879434e-01
5.786204719772056887e-02 4.774312710810785232e-01
6.352246485836714196e-02 4.353472408835896701e-01
6.603820604087673463e-02 4.173458518833366160e-01
7.044075311026852526e-02 3.869103572369352317e-01
7.610117077091509141e-02 3.498106677953666255e-01
8.113265313593427674e-02 3.187789738612060719e-01
8.553520020532606738e-02 2.931376233945193199e-01
9.245348845722743680e-02 2.556869472928865461e-01
9.811390611787400295e-02 2.276005092004192154e-01
1.025164531872657936e-01 2.073144277137035085e-01
1.050321943697753863e-01 1.963227957796166989e-01
1.018875178916383850e-01 2.101301082593093339e-01
1.044032590741479916e-01 1.990302344820730762e-01
1.018875178916383850e-01 2.101301082593093339e-01
1.000007120047562009e-01 2.187412931755899348e-01
1.000007120047562009e-01 2.187412931755899348e-01
9.811390611787400295e-02 2.276005092004192154e-01
9.685603552661921356e-02 2.336455266356398663e-01
9.811390611787400295e-02 2.276005092004192154e-01
9.811390611787400295e-02 2.276005092004192154e-01
9.685603552661921356e-02 2.336455266356398663e-01
9.874284141350141153e-02 2.246197402136657917e-01
9.685603552661921356e-02 2.336455266356398663e-01
9.748497082224662214e-02 2.306090796356485007e-01
9.748497082224662214e-02 2.306090796356485007e-01
9.496922963973701559e-02 2.429228384789670070e-01
9.119561786597263353e-02 2.622390576836686193e-01
8.993774727471783026e-02 2.689050733719113850e-01
8.867987668346305474e-02 2.756853360328775371e-01
9.182455316160004211e-02 2.589487875546603868e-01
9.056668257034525271e-02 2.655578048817284209e-01
9.182455316160004211e-02 2.589487875546603868e-01
9.308242375285483150e-02 2.524534867506728064e-01
8.867987668346305474e-02 2.756853360328775371e-01
9.119561786597263353e-02 2.622390576836686193e-01
9.434029434410962089e-02 2.460714897051669847e-01
9.874284141350141153e-02 2.246197402136657917e-01
9.496922963973701559e-02 2.429228384789670070e-01
9.308242375285483150e-02 2.524534867506728064e-01
8.867987668346305474e-02 2.756853360328775371e-01
8.364839431844386941e-02 3.039539649912507135e-01
8.239052372718908002e-02 3.113088491298095506e-01
7.735904136216989468e-02 3.418803251597114512e-01
7.295649429277811793e-02 3.701371713331246260e-01
7.169862370152331466e-02 3.784671257472183026e-01
6.981181781464111669e-02 3.911742955660200138e-01
6.603820604087673463e-02 4.173458518833366160e-01
6.100672367585756317e-02 4.537841515911062995e-01
5.597524131083837090e-02 4.919336819965118845e-01
6.226459426711235950e-02 4.445116997780487189e-01
6.352246485836714196e-02 4.353472408835896701e-01
6.415140015399455053e-02 4.308057933172599885e-01
6.792501192775891872e-02 4.041345605954039799e-01
7.232755899715072323e-02 3.742879595072812204e-01
7.924584724905207878e-02 3.302001803424131632e-01
7.987478254467947347e-02 3.263643201191993581e-01
8.427732961407126411e-02 3.003197292563696830e-01
8.050371784030688205e-02 3.225572476306823866e-01
7.547223547528769672e-02 3.538188270221312992e-01
7.358542958840551262e-02 3.660148153788543857e-01
6.918288251901373587e-02 3.954663580937131107e-01
6.729607663213152402e-02 4.085105435499297721e-01
6.352246485836714196e-02 4.353472408835896701e-01
5.786204719772056887e-02 4.774312710810785232e-01
5.345950012832878517e-02 5.116284205251895312e-01
4.465440598954522472e-02 5.836312468581361657e-01
4.150972951140823042e-02 6.104326428738473531e-01
3.836505303327124999e-02 6.377612738128599634e-01
2.955995889448768260e-02 7.168160988425096303e-01
2.767315300760548810e-02 7.341909756378273144e-01
2.452847652946850074e-02 7.634467824479787001e-01
2.767315300760548810e-02 7.341909756378273144e-01
3.207570007699727527e-02 6.938748297397614451e-01
2.830208830323288627e-02 7.283838562478978096e-01
2.704421771197809340e-02 7.400131856091287652e-01
3.081782948574248240e-02 7.053123065475996878e-01
2.955995889448768260e-02 7.168160988425096303e-01
2.767315300760548810e-02 7.341909756378273144e-01
1.886805886882192418e-02 8.169328632703103388e-01
1.949699416444932235e-02 8.109431414567740415e-01
2.264167064258631318e-02 7.811652145047431883e-01
2.264167064258631318e-02 7.811652145047431883e-01
1.698125298193972968e-02 8.349643065117116070e-01
1.509444709505754038e-02 8.530820591048181578e-01
1.446551179943014222e-02 8.591388950154204007e-01
1.194977061692055302e-02 8.834449398075647775e-01
1.006296473003836026e-02 9.017473205051368401e-01
7.547223547528770192e-03 9.262294974582616636e-01
4.402547069391782829e-03 9.569270598442802811e-01
1.257870591254795032e-03 9.876880056033969790e-01
2.515741182509590064e-03 9.753789134106297665e-01
0.000000000000000000e+00 1.000000000000000000e+00
-6.289352956273975160e-04 9.938438213902267560e-01
-6.289352956273974726e-03 9.384980295948005535e-01
-9.434029434410962089e-03 9.078601106512387275e-01
-1.257870591254794945e-02 8.773573201277994338e-01
-1.383657650380274405e-02 8.652039487179420396e-01
-1.572338239068493682e-02 8.470337865694711477e-01
-1.635231768631233498e-02 8.409944215150699787e-01
-1.635231768631233498e-02 8.409944215150699787e-01
-1.446551179943014222e-02 8.591388950154204007e-01
-1.509444709505754038e-02 8.530820591048181578e-01
-1.320764120817534935e-02 8.712768732097727620e-01
-1.383657650380274405e-02 8.652039487179420396e-01
-1.509444709505754038e-02 8.530820591048181578e-01
-1.257870591254794945e-02 8.773573201277994338e-01
-1.383657650380274405e-02 8.652039487179420396e-01
-1.320764120817534935e-02 8.712768732097727620e-01
-1.509444709505754038e-02 8.530820591048181578e-01
-1.823912357319452948e-02 8.229331889159010593e-01
-1.949699416444932235e-02 8.109431414567740415e-01
-2.327060593821370788e-02 7.752460630206998715e-01
-2.641528241635069871e-02 7.458501805716265531e-01
-2.830208830323288627e-02 7.283838562478978096e-01
-2.830208830323288627e-02 7.283838562478978096e-01
-2.767315300760548810e-02 7.341909756378273144e-01
-2.830208830323288627e-02 7.283838562478978096e-01
-3.207570007699727527e-02 6.938748297397614451e-01
-3.207570007699727527e-02 6.938748297397614451e-01
-3.207570007699727527e-02 6.938748297397614451e-01
-3.333357066825207160e-02 6.825059746125943239e-01
-3.773611773764384836e-02 6.432875894924589000e-01
-3.899398832889864469e-02 6.322548199862104701e-01
-3.899398832889864469e-02 6.322548199862104701e-01
-4.025185892015344102e-02 6.213025083741285925e-01
-4.150972951140823042e-02 6.104326428738473531e-01
-4.276760010266303369e-02 5.996471586076493887e-01
-4.213866480703563205e-02 6.050292342419572034e-01
-4.717014717205481045e-02 5.625891256877312285e-01
-4.779908246768221208e-02 5.573858259566866202e-01
-4.968588835456440311e-02 5.419165784329440516e-01
-5.220162953707399578e-02 5.216263908531391102e-01
-4.842801776330960678e-02 5.522058343560879434e-01
-4.654121187642741575e-02 5.678155282925944070e-01
-4.591227658080002105e-02 5.730648249110068537e-01
-4.654121187642741575e-02 5.678155282925944070e-01
-4.717014717205481045e-02 5.625891256877312285e-01
-4.654121187642741575e-02 5.678155282925944070e-01
-3.962292362452603939e-02 6.267684814469836052e-01
-3.773611773764384836e-02 6.432875894924589000e-01
-3.710718244201645366e-02 6.488335103680014093e-01
-3.647824714638905896e-02 6.543987765937969714e-01
-3.207570007699727527e-02 6.938748297397614451e-01
-3.459144125950686793e-02 6.712080018201662668e-01
-2.955995889448768260e-02 7.168160988425096303e-01
-2.893102359886028443e-02 7.225921304927376276e-01
-2.327060593821370788e-02 7.752460630206998715e-01
-1.886805886882192418e-02 8.169328632703103388e-01
-1.509444709505754038e-02 8.530820591048181578e-01
-1.257870591254794945e-02 8.773573201277994338e-01
-8.805094138783565658e-03 9.139783078121780369e-01
-9.434029434410962089e-03 9.078601106512387275e-01
-1.886805886882192548e-03 9.815329153991656508e-01
3.144676478136987363e-03 9.692263620810941394e-01
2.515741182509590064e-03 9.753789134106297665e-01
5.031482365019180128e-03 9.507810323064186386e-01
8.176158843156167491e-03 9.201015557773299935e-01
1.194977061692055302e-02 8.834449398075647775e-01
1.194977061692055302e-02 8.834449398075647775e-01
1.069190002566575842e-02 8.956402926452933233e-01
1.509444709505754038e-02 8.530820591048181578e-01
1.572338239068493682e-02 8.470337865694711477e-01
1.698125298193972968e-02 8.349643065117116070e-01
1.320764120817534935e-02 8.712768732097727620e-01
1.446551179943014222e-02 8.591388950154204007e-01
1.132083532129315659e-02 8.895393813427971974e-01
1.006296473003836026e-02 9.017473205051368401e-01
6.289352956273974726e-03 9.384980295948005535e-01
8.176158843156167491e-03 9.201015557773299935e-01
9.434029434410962089e-03 9.078601106512387275e-01
2.515741182509590064e-03 9.753789134106297665e-01
3.773611773764385096e-03 9.630756236008926052e-01
5.031482365019180128e-03 9.507810323064186386e-01
6.918288251901372025e-03 9.323617749503775309e-01
2.515741182509590064e-03 9.753789134106297665e-01
0.000000000000000000e+00 1.000000000000000000e+00
1.886805886882192548e-03 9.815329153991656508e-01
1.257870591254795032e-03 9.876880056033969790e-01
2.515741182509590064e-03 9.753789134106297665e-01
2.515741182509590064e-03 9.753789134106297665e-01
0.000000000000000000e+00 1.000000000000000000e+00
-6.289352956273974726e-03 9.384980295948005535e-01
-1.006296473003836026e-02 9.017473205051368401e-01
-1.132083532129315659e-02 8.895393813427971974e-01
-1.446551179943014222e-02 8.591388950154204007e-01
-1.509444709505754038e-02 8.530820591048181578e-01
-1.446551179943014222e-02 8.591388950154204007e-01
-1.761018827756713132e-02 8.289437825363835666e-01
-2.012592946007672051e-02 8.049643575139560081e-01
-2.201273534695891154e-02 7.870969448654846490e-01
-2.452847652946850074e-02 7.634467824479787001e-01
-2.264167064258631318e-02 7.811652145047431883e-01
-2.264167064258631318e-02 7.811652145047431883e-01
-2.264167064258631318e-02 7.811652145047431883e-01
-2.327060593821370788e-02 7.752460630206998715e-01
-2.515741182509589891e-02 7.575672907092484420e-01
-2.830208830323288627e-02 7.283838562478978096e-01
-2.641528241635069871e-02 7.458501805716265531e-01
-2.704421771197809340e-02 7.400131856091287652e-01
-2.830208830323288627e-02 7.283838562478978096e-01
-2.830208830323288627e-02 7.283838562478978096e-01
-2.955995889448768260e-02 7.168160988425096303e-01
-2.578634712072329707e-02 7.517016524455237825e-01
-2.641528241635069871e-02 7.458501805716265531e-01
-3.018889419011508077e-02 7.110560591384000872e-01
-3.081782948574248240e-02 7.053123065475996878e-01
-3.207570007699727527e-02 6.938748297397614451e-01
-3.396250596387945936e-02 6.768479884486258147e-01
-3.459144125950686793e-02 6.712080018201662668e-01
-4.150972951140823042e-02 6.104326428738473531e-01
-4.779908246768221208e-02 5.573858259566866202e-01
-5.283056483270139742e-02 5.166149965908253261e-01
-5.408843542395618681e-02 5.066668346724572114e-01
-5.471737071958358845e-02 5.017304072827533101e-01
-5.597524131083837090e-02 4.919336819965118845e-01
-5.723311190209318111e-02 4.822395149452705088e-01
-6.037778838023016154e-02 4.584605759118155488e-01
-6.540927074524933993e-02 4.218049974598343521e-01
-6.792501192775891872e-02 4.041345605954039799e-01
-6.855394722338632729e-02 3.997864719760969576e-01
-6.415140015399455053e-02 4.308057933172599885e-01
-6.415140015399455053e-02 4.308057933172599885e-01
-6.352246485836714196e-02 4.353472408835896701e-01
-5.849098249334797051e-02 4.726491155334555661e-01
-5.660417660646577254e-02 4.870737016740892544e-01
-5.723311190209318111e-02 4.822395149452705088e-01
-5.094375894581919251e-02 5.317229271457308837e-01
-4.465440598954522472e-02 5.836312468581361657e-01
-4.276760010266303369e-02 5.996471586076493887e-01
-4.276760010266303369e-02 5.996471586076493887e-01
-4.150972951140823042e-02 6.104326428738473531e-01
-3.962292362452603939e-02 6.267684814469836052e-01
-3.396250596387945936e-02 6.768479884486258147e-01
-2.893102359886028443e-02 7.225921304927376276e-01
-2.830208830323288627e-02 7.283838562478978096e-01
-2.704421771197809340e-02 7.400131856091287652e-01
-2.452847652946850074e-02 7.634467824479787001e-01
-2.389954123384110604e-02 7.693398124028305585e-01
-2.452847652946850074e-02 7.634467824479787001e-01
-2.767315300760548810e-02 7.341909756378273144e-01
-2.830208830323288627e-02 7.283838562478978096e-01
-3.144676478136987363e-02 6.995851335190212961e-01
-3.018889419011508077e-02 7.110560591384000872e-01
-2.767315300760548810e-02 7.341909756378273144e-01
-3.081782948574248240e-02 7.053123065475996878e-01
-2.830208830323288627e-02 7.283838562478978096e-01
-2.955995889448768260e-02 7.168160988425096303e-01
-2.893102359886028443e-02 7.225921304927376276e-01
-2.704421771197809340e-02 7.400131856091287652e-01
-2.264167064258631318e-02 7.811652145047431883e-01
-1.823912357319452948e-02 8.229331889159010593e-01
-1.509444709505754038e-02 8.530820591048181578e-01
-1.320764120817534935e-02 8.712768732097727620e-01
-8.805094138783565658e-03 9.139783078121780369e-01
-6.289352956273974726e-03 9.384980295948005535e-01
-5.660417660646578294e-03 9.446379020404666038e-01
-4.402547069391782829e-03 9.569270598442802811e-01
-8.805094138783565658e-03 9.139783078121780369e-01
-6.289352956273974726e-03 9.384980295948005535e-01
-8.805094138783565658e-03 9.139783078121780369e-01
-1.194977061692055302e-02 8.834449398075647775e-01
-1.698125298193972968e-02 8.349643065117116070e-01
-1.635231768631233498e-02 8.409944215150699787e-01
-1.823912357319452948e-02 8.229331889159010593e-01
-2.138380005133151684e-02 7.930409299725358352e-01
-2.264167064258631318e-02 7.811652145047431883e-01
-2.767315300760548810e-02 7.341909756378273144e-01
-3.836505303327124999e-02 6.377612738128599634e-01
-4.528334128517262636e-02 5.783368031003941478e-01
-4.717014717205481045e-02 5.625891256877312285e-01
-5.220162953707399578e-02 5.216263908531391102e-01
-6.163565897148496481e-02 4.491344853960210770e-01
-6.729607663213152402e-02 4.085105435499297721e-01
-6.666714133650414320e-02 4.129143366447610708e-01
-7.169862370152331466e-02 3.784671257472183026e-01
-8.301945902281646084e-02 3.076170029220237079e-01
-8.239052372718908002e-02 3.113088491298095506e-01
-8.553520020532606738e-02 2.931376233945193199e-01
-8.742200609220825147e-02 2.825801386538025484e-01
-8.993774727471783026e-02 2.689050733719113850e-01
-8.867987668346305474e-02 2.756853360328775371e-01
-9.434029434410962089e-02 2.460714897051669847e-01
-9.182455316160004211e-02 2.589487875546603868e-01
-9.056668257034525271e-02 2.655578048817284209e-01
-8.993774727471783026e-02 2.689050733719113850e-01
-9.182455316160004211e-02 2.589487875546603868e-01
-9.748497082224662214e-02 2.306090796356485007e-01
-9.811390611787400295e-02 2.276005092004192154e-01
-1.006296473003835956e-01 2.158434520573087601e-01
-1.044032590741479916e-01 1.990302344820730762e-01
-1.025164531872657936e-01 2.073144277137035085e-01
-1.018875178916383850e-01 2.101301082593093339e-01
-1.018875178916383850e-01 2.101301082593093339e-01
-1.062900649610301756e-01 1.909882506321631812e-01
-1.037743237785205830e-01 2.017645868169401502e-01
-1.113215473260493749e-01 1.707052553726343680e-01
-1.132083532129315451e-01 1.635261410249644887e-01
-1.144662238041863622e-01 1.588668084014341342e-01
-1.169819649866959410e-01 1.498476575460442328e-01
-1.220134473517151263e-01 1.329769115058786200e-01
-1.239002532385972966e-01 1.270400190764991444e-01
-1.220134473517151263e-01 1.329769115058786200e-01
-1.232713179429699296e-01 1.289958563407802017e-01
-1.239002532385972966e-01 1.270400190764991444e-01
-1.251581238298520860e-01 1.231969760411248810e-01
-1.264159944211069309e-01 1.194444313023462767e-01
-1.327053473773808778e-01 1.019958451674247285e-01
-1.352210885598904844e-01 9.560607827283240656e-02
-1.396236356292822334e-01 8.519135419050639924e-02
-1.471708591768110252e-01 6.946670680356380190e-02
-1.465419238811836167e-01 7.067979084210174179e-02
-1.534602121330850000e-01 5.824291961089277797e-02
-1.528312768374575914e-01 5.929351966651707356e-02
-1.559759533155945788e-01 5.419251756623963412e-02
-1.647810474543781600e-01 4.180565787932900845e-02
-1.635231768631233706e-01 4.341468709881054350e-02
-1.628942415674959621e-01 4.423842896772516714e-02
-1.628942415674959621e-01 4.423842896772516714e-02
-1.628942415674959621e-01 4.423842896772516714e-02
-1.628942415674959621e-01 4.423842896772516714e-02
-1.628942415674959621e-01 4.423842896772516714e-02
-1.522023415418301828e-01 6.035963974218071931e-02
-1.383657650380274717e-01 8.806977678347317762e-02
-1.251581238298520860e-01 1.231969760411248810e-01
-1.144662238041863622e-01 1.588668084014341342e-01
-1.075479355522849789e-01 1.857601125342299708e-01
-1.000007120047562009e-01 2.187412931755899348e-01
-9.371135904848224008e-02 2.492483528677916782e-01
-9.371135904848224008e-02 2.492483528677916782e-01
-8.427732961407126411e-02 3.003197292563696830e-01
-8.239052372718908002e-02 3.113088491298095506e-01
-8.239052372718908002e-02 3.113088491298095506e-01
-7.798797665779728938e-02 3.379582026056137112e-01
-7.421436488403290732e-02 3.619209421020045392e-01
-7.484330017966030202e-02 3.578555982791269408e-01
-7.106968840589591996e-02 3.826746121874277096e-01
-7.169862370152331466e-02 3.784671257472183026e-01
-6.918288251901373587e-02 3.954663580937131107e-01
-6.666714133650414320e-02 4.129143366447610708e-01
-6.478033544962194523e-02 4.262916777524066170e-01
-6.352246485836714196e-02 4.353472408835896701e-01
-6.289352956273974726e-02 4.399159133493760754e-01
-6.352246485836714196e-02 4.353472408835896701e-01
-6.289352956273974726e-02 4.399159133493760754e-01
-6.163565897148496481e-02 4.491344853960210770e-01
-6.100672367585756317e-02 4.537841515911062995e-01
-6.037778838023016154e-02 4.584605759118155488e-01
-5.911991778897536520e-02 4.678931899296554509e-01
-5.849098249334797051e-02 4.726491155334555661e-01
-5.345950012832878517e-02 5.116284205251895312e-01
-5.723311190209318111e-02 4.822395149452705088e-01
-5.597524131083837090e-02 4.919336819965118845e-01
-5.471737071958358845e-02 5.017304072827533101e-01
-5.534630601521097620e-02 4.968193028289616953e-01
-5.094375894581919251e-02 5.317229271457308837e-01
-3.899398832889864469e-02 6.322548199862104701e-01
-3.836505303327124999e-02 6.377612738128599634e-01
-3.836505303327124999e-02 6.377612738128599634e-01
-3.396250596387945936e-02 6.768479884486258147e-01
-3.018889419011508077e-02 7.110560591384000872e-01
-2.327060593821370788e-02 7.752460630206998715e-01
-1.949699416444932235e-02 8.109431414567740415e-01
-1.823912357319452948e-02 8.229331889159010593e-01
-1.383657650380274405e-02 8.652039487179420396e-01
-1.006296473003836026e-02 9.017473205051368401e-01
-9.434029434410962089e-03 9.078601106512387275e-01
-4.402547069391782829e-03 9.569270598442802811e-01
-6.289352956273975160e-04 9.938438213902267560e-01
-2.515741182509590064e-03 9.753789134106297665e-01
-5.660417660646578294e-03 9.446379020404666038e-01
-5.660417660646578294e-03 9.446379020404666038e-01
-1.069190002566575842e-02 8.956402926452933233e-01
-1.320764120817534935e-02 8.712768732097727620e-01
-1.320764120817534935e-02 8.712768732097727620e-01
-1.572338239068493682e-02 8.470337865694711477e-01
-1.761018827756713132e-02 8.289437825363835666e-01
-1.949699416444932235e-02 8.109431414567740415e-01
-2.704421771197809340e-02 7.400131856091287652e-01
-2.641528241635069871e-02 7.458501805716265531e-01
-2.389954123384110604e-02 7.693398124028305585e-01
-2.452847652946850074e-02 7.634467824479787001e-01
-3.081782948574248240e-02 7.053123065475996878e-01
-3.144676478136987363e-02 6.995851335190212961e-01
-2.704421771197809340e-02 7.400131856091287652e-01
-2.830208830323288627e-02 7.283838562478978096e-01
-2.327060593821370788e-02 7.752460630206998715e-01
-1.320764120817534935e-02 8.712768732097727620e-01
-1.132083532129315659e-02 8.895393813427971974e-01
-1.194977061692055302e-02 8.834449398075647775e-01
-8.805094138783565658e-03 9.139783078121780369e-01
-5.031482365019180128e-03 9.507810323064186386e-01
0.000000000000000000e+00 1.000000000000000000e+00
1.257870591254795032e-03 9.876880056033969790e-01
5.031482365019180128e-03 9.507810323064186386e-01
7.547223547528770192e-03 9.262294974582616636e-01
1.006296473003836026e-02 9.017473205051368401e-01
1.194977061692055302e-02 8.834449398075647775e-01
1.257870591254794945e-02 8.773573201277994338e-01
1.194977061692055302e-02 8.834449398075647775e-01
1.698125298193972968e-02 8.349643065117116070e-01
2.264167064258631318e-02 7.811652145047431883e-01
2.201273534695891154e-02 7.870969448654846490e-01
1.823912357319452948e-02 8.229331889159010593e-01
2.138380005133151684e-02 7.930409299725358352e-01
2.452847652946850074e-02 7.634467824479787001e-01
2.515741182509589891e-02 7.575672907092484420e-01
2.452847652946850074e-02 7.634467824479787001e-01
2.641528241635069871e-02 7.458501805716265531e-01
2.138380005133151684e-02 7.930409299725358352e-01
1.383657650380274405e-02 8.652039487179420396e-01
1.509444709505754038e-02 8.530820591048181578e-01
1.698125298193972968e-02 8.349643065117116070e-01
2.704421771197809340e-02 7.400131856091287652e-01
3.018889419011508077e-02 7.110560591384000872e-01
3.081782948574248240e-02 7.053123065475996878e-01
3.396250596387945936e-02 6.768479884486258147e-01
3.836505303327124999e-02 6.377612738128599634e-01
4.025185892015344102e-02 6.213025083741285925e-01
4.025185892015344102e-02 6.213025083741285925e-01
4.339653539829043533e-02 5.942866494079307449e-01
4.339653539829043533e-02 5.942866494079307449e-01
3.899398832889864469e-02 6.322548199862104701e-01
4.088079421578084266e-02 6.158571476589482785e-01
3.459144125950686793e-02 6.712080018201662668e-01
3.270463537262466996e-02 6.881816820923217781e-01
3.081782948574248240e-02 7.053123065475996878e-01
2.201273534695891154e-02 7.870969448654846490e-01
1.572338239068493682e-02 8.470337865694711477e-01
1.069190002566575842e-02 8.956402926452933233e-01
6.289352956273975160e-04 9.938438213902267560e-01
-8.805094138783565658e-03 9.139783078121780369e-01
-1.257870591254794945e-02 8.773573201277994338e-01
-1.823912357319452948e-02 8.229331889159010593e-01
-2.893102359886028443e-02 7.225921304927376276e-01
-3.270463537262466996e-02 6.881816820923217781e-01
-4.025185892015344102e-02 6.213025083741285925e-01
-4.150972951140823042e-02 6.104326428738473531e-01
-4.654121187642741575e-02 5.678155282925944070e-01
-5.471737071958358845e-02 5.017304072827533101e-01
