1.049549613419049066e-01 1.966538221146454657e-01
1.079197907583429039e-01 1.842348065684406011e-01
1.117740689997122755e-01 1.689625097633102035e-01
1.123670348829998722e-01 1.666989359378410751e-01
1.147388984161502451e-01 1.578700323126399907e-01
1.200755913657386431e-01 1.392934434435438018e-01
1.248193184320394444e-01 1.242231377330656611e-01
1.307489772649154114e-01 1.071937090298860223e-01
1.375680849227227942e-01 8.993500680968086192e-02
1.393469825725855704e-01 8.581787909262807157e-02
1.455731243471053704e-01 7.258200360994415679e-02
1.532816808298441413e-01 5.853957767912682658e-02
1.586183737794325255e-01 5.019163986471971567e-02
1.692917596786093215e-01 3.644074216410622680e-02
1.758143843947728713e-01 2.971779462889076462e-02
1.805581114610736726e-01 2.551898322036246988e-02
1.870807361772372501e-01 2.058194957460514340e-02
1.933068779517570501e-01 1.666157846603447817e-02
1.956787414849074092e-01 1.534871318902557465e-02
1.947892926599760488e-01 1.583007492885302528e-02
1.947892926599760488e-01 1.583007492885302528e-02
2.007189514928520158e-01 1.285477609808136946e-02
2.051661956175089840e-01 1.095668611233259308e-02
2.099099226838098131e-01 9.208093336817884875e-03
2.140606838668230039e-01 7.885323049132779080e-03
2.191008938747675827e-01 6.507554463439744509e-03
2.247340697659997444e-01 5.224960612338882572e-03
2.303672456572319338e-01 4.173364089749721263e-03
2.362969044901079285e-01 3.275537549569639169e-03
2.437089780312028942e-01 2.399782458697230416e-03
2.443019439144904770e-01 2.339851944121125460e-03
2.478597392142160849e-01 2.007890475572415238e-03
2.499351198057226664e-01 1.834608436775874091e-03
2.528999492221606360e-01 1.610604661723253521e-03
2.531964321638044968e-01 1.589634193156901206e-03
2.585331251133928254e-01 1.252305333645980850e-03
2.641663010046250704e-01 9.683162959350859970e-04
2.692065110125695937e-01 7.656190145034001519e-04
2.751361698454455884e-01 5.774016583492597209e-04
2.751361698454455884e-01 5.774016583492597209e-04
2.766185845536646148e-01 5.375433467537684123e-04
2.789904480868150016e-01 4.790152714430178640e-04
2.810658286783215831e-01 4.326905573112381259e-04
2.825482433865406096e-01 4.021759841660685775e-04
2.822517604448967488e-01 4.081148660799997123e-04
2.846236239780471355e-01 3.627900221557480353e-04
2.840306580947595805e-01 3.736623365239983121e-04
2.890708681027041593e-01 2.901175131819942418e-04
2.944075610522925435e-01 2.207807063404386774e-04
2.964829416437991250e-01 1.982465023555776945e-04
2.994477710602371223e-01 1.697449700268295245e-04
3.035985322432502853e-01 1.362076327260290469e-04
3.027090834183189250e-01 1.428258712010894483e-04
3.041914981265379514e-01 1.319555885504720364e-04
3.027090834183189250e-01 1.428258712010894483e-04
3.030055663599626747e-01 1.405871854333970591e-04
3.012266687100998985e-01 1.545264381195795872e-04
3.018196345933875091e-01 1.497429461120016402e-04
2.994477710602371223e-01 1.697449700268295245e-04
2.985583222353057065e-01 1.778671255019210399e-04
2.955934928188677091e-01 2.076284821901422102e-04
2.938145951690049329e-01 2.276433705681772744e-04
2.893673510443479646e-01 2.857887183821794085e-04
2.855130728029785514e-01 3.470295459807370216e-04
2.866990045695537725e-01 3.270009550000794844e-04
2.899603169276355752e-01 2.773102874109263974e-04
2.866990045695537725e-01 3.270009550000794844e-04
2.825482433865406096e-01 4.021759841660685775e-04
2.807693457366777778e-01 4.390446192862473710e-04
2.831412092698281646e-01 3.905372853165735270e-04
2.837341751531157197e-01 3.792108497280620525e-04
2.798798969117463620e-01 4.586278563451609861e-04
2.789904480868150016e-01 4.790152714430178640e-04
2.757291357287331990e-01 5.611422714411209252e-04
2.724678233706513963e-01 6.560832029249127808e-04
2.674276133627068175e-01 8.322211173247424367e-04
2.617944374714746281e-01 1.079796364239345120e-03
2.582366421717490756e-01 1.269175546612045548e-03
2.564577445218862439e-01 1.374834018500742296e-03
2.528999492221606360e-01 1.610604661723253521e-03
2.440054609728466994e-01 2.369645478872362855e-03
2.401511827314772862e-01 2.789511697719098803e-03
2.351109727235327074e-01 3.439753684488643104e-03
2.291813138906567682e-01 4.377459388248882907e-03
2.253270356492873550e-01 5.104069910861612838e-03
2.205833085829865536e-01 6.145364814622799286e-03
2.161360644583295854e-01 7.289429460958960286e-03
2.167290303416171682e-01 7.126689316240140265e-03
2.173219962249047787e-01 6.967186331209321466e-03
2.185079279914799444e-01 6.657672771048573843e-03
2.191008938747675827e-01 6.507554463439744509e-03
2.161360644583295854e-01 7.289429460958960286e-03
2.182114450498361669e-01 6.733881527103607878e-03
2.125782691586039774e-01 8.337020119874614249e-03
2.096134397421659801e-01 9.309677236339622061e-03
2.122817862169601999e-01 8.430061313311849533e-03
2.119853032753163946e-01 8.524020698076851740e-03
2.122817862169601999e-01 8.430061313311849533e-03
2.096134397421659801e-01 9.309677236339622061e-03
2.093169568005221748e-01 9.412249798615513266e-03
2.066486103257280105e-01 1.038124101285033303e-02
2.057591615007965946e-01 1.072322425920695446e-02
2.013119173761395986e-01 1.258610296322348193e-02
2.004224685512082105e-01 1.299098691320031349e-02
1.965681903098388250e-01 1.488015798153693656e-02
1.897490826520314422e-01 1.881367452801079726e-02
1.844123897024430581e-01 2.249189591798418306e-02
1.799651455777860898e-01 2.601435669290800418e-02
1.728495549783349017e-01 3.263002490410545076e-02
1.654374814372399360e-01 4.098600785830632670e-02
1.618796861375143281e-01 4.559473783105775363e-02
1.562465102462821664e-01 5.377112358093449895e-02
1.506133343550499493e-01 6.312341774767342428e-02
1.426082949306673731e-01 7.866239174997337325e-02
1.375680849227227942e-01 8.993500680968086192e-02
1.337138066813534087e-01 9.939517144462328702e-02
1.313419431482030220e-01 1.055967786728839730e-01
1.292665625566964127e-01 1.112689219191441703e-01
1.245228354903956391e-01 1.251265199663869621e-01
1.171107619493006735e-01 1.493965365637330567e-01
1.082162736999866814e-01 1.830252617176621188e-01
1.040655125169735046e-01 2.004952656344090867e-01
9.783937074245370458e-02 2.289103510540752284e-01
9.457805838437192969e-02 2.448778534628600623e-01
9.309564367615293101e-02 2.523858250901062639e-01
9.102026308464633564e-02 2.631614996393735195e-01
8.420115542683895282e-02 3.007583610275597064e-01
8.064336012711337265e-02 3.217158712527454223e-01
8.005039424382576208e-02 3.252984096087256916e-01
7.649259894410016802e-02 3.473305851482736406e-01
7.412073541094978124e-02 3.625285898516916738e-01
7.204535481944318587e-02 3.761596509004678790e-01
7.115590599451178389e-02 3.820961561382232308e-01
6.878404246136139710e-02 3.982027141488467814e-01
7.204535481944318587e-02 3.761596509004678790e-01
7.234183776108699115e-02 3.741934088273713988e-01
6.967349128629278521e-02 3.921158714755809127e-01
6.996997422793659049e-02 3.900994064801895922e-01
6.937700834464900768e-02 3.941385828586921880e-01
6.789459363643000900e-02 4.043455626037896211e-01
6.789459363643000900e-02 4.043455626037896211e-01
6.196493480355402123e-02 4.467108895906160004e-01
6.107548597862261924e-02 4.532744925576422945e-01
5.840713950382842717e-02 4.732851096142309810e-01
5.870362244547223246e-02 4.710382183974096693e-01
5.840713950382842717e-02 4.732851096142309810e-01
5.484934420410284006e-02 5.006977743033890205e-01
5.484934420410284006e-02 5.006977743033890205e-01
5.307044655424004997e-02 5.147101333126655742e-01
5.188451478766484964e-02 5.241625362563739898e-01
5.040210007944585097e-02 5.361006550949052318e-01
4.773375360465165890e-02 5.579252225941291332e-01
4.891968537122685229e-02 5.481727599670809248e-01
4.625133889643266022e-02 5.702320701024229388e-01
4.417595830492607872e-02 5.876737803767448920e-01
4.121112888848808137e-02 6.130054280839929426e-01
3.794981653040628566e-02 6.414076534179217193e-01
4.032168006355668632e-02 6.206969709910064026e-01
4.121112888848808137e-02 6.130054280839929426e-01
3.854278241369388930e-02 6.362031933163905251e-01
3.557795299725589194e-02 6.623983605342298464e-01
3.409553828903690020e-02 6.756535088032568082e-01
3.320608946410550516e-02 6.836549817031285503e-01
2.964829416437991111e-02 7.160061171722618134e-01
2.342215238986013193e-02 7.738217178513379091e-01
1.897490826520314283e-02 8.159145165192873694e-01
1.838194238191554614e-02 8.215697200589215932e-01
1.274876649068336365e-02 8.757124792136103952e-01
9.487454132601571416e-03 9.073406465970995649e-01
6.522624716163580999e-03 9.362216548281087070e-01
4.743727066300785708e-03 9.535926721610885615e-01
2.371863533150392854e-03 9.767866116195857984e-01
-1.185931766575196427e-03 9.883920896866599248e-01
-4.447244124656986493e-03 9.564901871408936218e-01
-7.708556482738777860e-03 9.246571451663863073e-01
-1.126635178246436671e-02 8.900676414656445434e-01
-1.512063002383375564e-02 8.528300929131141794e-01
-1.067338589917677001e-02 8.958199811174174521e-01
-1.126635178246436671e-02 8.900676414656445434e-01
-1.689952767369655093e-02 8.357473386901990153e-01
-1.749249355698414762e-02 8.300696778096683381e-01
-1.749249355698414762e-02 8.300696778096683381e-01
-1.512063002383375564e-02 8.528300929131141794e-01
-1.630656179040895423e-02 8.414334856400400575e-01
-1.541711296547755572e-02 8.499779917054914868e-01
-1.274876649068336365e-02 8.757124792136103952e-01
-1.363821531561476043e-02 8.671184675178263968e-01
-1.067338589917677001e-02 8.958199811174174521e-01
-6.522624716163580999e-03 9.362216548281087070e-01
-2.075380591506594073e-03 9.796876201423365682e-01
-2.371863533150392854e-03 9.767866116195857984e-01
-4.447244124656986493e-03 9.564901871408936218e-01
-4.743727066300785708e-03 9.535926721610885615e-01
-7.115590599451179429e-03 9.304375823302792892e-01
-1.008042001588917158e-02 9.015777484609692749e-01
-9.783937074245369764e-03 9.044585747676215925e-01
-1.008042001588917158e-02 9.015777484609692749e-01
-1.008042001588917158e-02 9.015777484609692749e-01
-1.126635178246436671e-02 8.900676414656445434e-01
-8.301522366026376290e-03 9.188806437371819236e-01
-5.929658832875982569e-03 9.420090616967976560e-01
-6.522624716163580999e-03 9.362216548281087070e-01
-1.156283472410816505e-02 8.871935995775296346e-01
-1.008042001588917158e-02 9.015777484609692749e-01
-7.115590599451179429e-03 9.304375823302792892e-01
-3.261312358081790500e-03 9.680855615709162976e-01
-2.964829416437991284e-03 9.709855443841508560e-01
1.482414708218995642e-03 9.854903971587298805e-01
4.447244124656986493e-03 9.564901871408936218e-01
6.522624716163580999e-03 9.362216548281087070e-01
1.156283472410816505e-02 8.871935995775296346e-01
1.512063002383375564e-02 8.528300929131141794e-01
1.512063002383375564e-02 8.528300929131141794e-01
2.045732297342214151e-02 8.018185775483293032e-01
2.282918650657253176e-02 7.793991000097524324e-01
3.083422593095511144e-02 7.051627864718528205e-01
2.935181122273611623e-02 7.187259347034499202e-01
3.439202123068069855e-02 6.729943383228373932e-01
4.091464594684428302e-02 6.155646465962631986e-01
4.417595830492607872e-02 5.876737803767448920e-01
4.832671948793926253e-02 5.530385568064644097e-01
5.158803184602105130e-02 5.265393238943145704e-01
5.870362244547223246e-02 4.710382183974096693e-01
6.759811069478620371e-02 4.064055859092239320e-01
7.263832070273078256e-02 3.722334733269203610e-01
7.530666717752497463e-02 3.548787408868433468e-01
7.975391130218197067e-02 3.270992764848893453e-01
8.331170660190755084e-02 3.059113150685330851e-01
8.568357013505793762e-02 2.922980591971183206e-01
9.220619485122152903e-02 2.569660949863233901e-01
9.665343897587852506e-02 2.346295940543654812e-01
1.067338589917676828e-01 1.891315875895746845e-01
1.099951713498494715e-01 1.758901426415079849e-01
1.099951713498494715e-01 1.758901426415079849e-01
1.188896595991634497e-01 1.432703234095544509e-01
1.257087672569708325e-01 1.215432029779579537e-01
1.328243578564220206e-01 1.016861715867894561e-01
1.384575337476542101e-01 8.785718776847366296e-02
1.426082949306673731e-01 7.866239174997337325e-02
1.464625731720367863e-01 7.083405627545150129e-02
1.458696072887491757e-01 7.199551143277801990e-02
1.523922320049127810e-01 6.003610770577670619e-02
1.574324420128573321e-01 5.195585688905465099e-02
1.657339643788836858e-01 4.062025061725434844e-02
1.689952767369655162e-01 3.677459187518880568e-02
1.722565890950473189e-01 3.324062318246848169e-02
1.811510773443612554e-01 2.503171156256107574e-02
1.823370091109364766e-01 2.408105534906180081e-02
1.855983214690182792e-01 2.162497734715208147e-02
1.921209461851818290e-01 1.735386713444437082e-02
1.968646732514826303e-01 1.472677023220517363e-02
1.995330197262767946e-01 1.340723163464072921e-02
1.995330197262767946e-01 1.340723163464072921e-02
1.998295026679206277e-01 1.326720500917765236e-02
2.007189514928520158e-01 1.285477609808136946e-02
2.030908150260024025e-01 1.180939103886916204e-02
2.042767467925776237e-01 1.131526334653156808e-02
2.033872979676461801e-01 1.168411518111653509e-02
2.019048832594272092e-01 1.232236446879479697e-02
2.001259856095644052e-01 1.312846000150022160e-02
2.007189514928520158e-01 1.285477609808136946e-02
1.950857756016198541e-01 1.566818058637705832e-02
1.882666679438124158e-01 1.977907712914557872e-02
1.850053555857306409e-01 2.205476861728597471e-02
1.799651455777860898e-01 2.601435669290800418e-02
1.713671402701158752e-01 3.417465531066563034e-02
1.678093449703902951e-01 3.813589642066621960e-02
1.621761690791581056e-01 4.519484355562229660e-02
1.547640955380631400e-01 5.611360452277151800e-02
1.473520219969681744e-01 6.912043905713827208e-02
1.426082949306673731e-01 7.866239174997337325e-02
1.348997384479286021e-01 9.640415098633114965e-02
1.313419431482030220e-01 1.055967786728839730e-01
1.260052501986146101e-01 1.206599088162962907e-01
1.180002107742320477e-01 1.463091416155722080e-01
1.129600007662874689e-01 1.644580077525825412e-01
1.085127566416304729e-01 1.818215535488938439e-01
1.046584784002610874e-01 1.979283280303456294e-01
9.991475133396031383e-02 2.191394989321321374e-01
9.220619485122152903e-02 2.569660949863233901e-01
8.420115542683895282e-02 3.007583610275597064e-01
8.064336012711337265e-02 3.217158712527454223e-01
7.204535481944318587e-02 3.761596509004678790e-01
6.285438362848541627e-02 4.402011722932126503e-01
5.959307127040363444e-02 4.643326384597320500e-01
5.010561713780205262e-02 5.385044362657284145e-01
4.239706065506327476e-02 6.028154322422107914e-01
3.379905534739310186e-02 6.783166922166690149e-01
2.638698180629811887e-02 7.461131743107052294e-01
2.164325473999733837e-02 7.905873935986582612e-01
1.719601061534034928e-02 8.329074296730538673e-01
1.393469825725855878e-02 8.642571976626228780e-01
8.894488249313972986e-03 9.131083778348803026e-01
1.037690295753296993e-02 8.986982048648328725e-01
9.783937074245369764e-03 9.044585747676215925e-01
6.522624716163580999e-03 9.362216548281087070e-01
8.894488249313972986e-03 9.131083778348803026e-01
5.040210007944585791e-03 9.506957643301321426e-01
4.743727066300785708e-03 9.535926721610885615e-01
3.557795299725589715e-03 9.651859965367522998e-01
1.778897649862794857e-03 9.825888946481970976e-01
1.185931766575196427e-03 9.883920896866599248e-01
1.482414708218995642e-03 9.854903971587298805e-01
4.447244124656986493e-03 9.564901871408936218e-01
6.522624716163580999e-03 9.362216548281087070e-01
6.522624716163580999e-03 9.362216548281087070e-01
4.743727066300785708e-03 9.535926721610885615e-01
5.929658832875982569e-03 9.420090616967976560e-01
9.487454132601571416e-03 9.073406465970995649e-01
8.598005307670174638e-03 9.159939626331864426e-01
7.115590599451179429e-03 9.304375823302792892e-01
8.598005307670174638e-03 9.159939626331864426e-01
7.412073541094977777e-03 9.275468905428219113e-01
8.005039424382576208e-03 9.217683837331315244e-01
5.633175891232183354e-03 9.449039213268972670e-01
7.708556482738777860e-03 9.246571451663863073e-01
1.215580060739576349e-02 8.814499563060378406e-01
1.363821531561476043e-02 8.671184675178263968e-01
1.274876649068336365e-02 8.757124792136103952e-01
1.334173237397096035e-02 8.699814620729005021e-01
1.482414708218995555e-02 8.556841003043771376e-01
1.541711296547755572e-02 8.499779917054914868e-01
1.571359590712135407e-02 8.471278327644229389e-01
1.215580060739576349e-02 8.814499563060378406e-01
1.008042001588917158e-02 9.015777484609692749e-01
1.156283472410816505e-02 8.871935995775296346e-01
1.245228354903956530e-02 8.785804286038754185e-01
1.363821531561476043e-02 8.671184675178263968e-01
1.541711296547755572e-02 8.499779917054914868e-01
2.075380591506593986e-02 7.990068805269330277e-01
2.282918650657253176e-02 7.793991000097524324e-01
2.371863533150393027e-02 7.710373360539325427e-01
2.342215238986013193e-02 7.738217178513379091e-01
2.638698180629811887e-02 7.461131743107052294e-01
2.668346474794192069e-02 7.433594574316628734e-01
2.401511827314772862e-02 7.682558718230400041e-01
2.223622062328493507e-02 7.849877489446721590e-01
1.897490826520314283e-02 8.159145165192873694e-01
1.689952767369655093e-02 8.357473386901990153e-01
1.541711296547755572e-02 8.499779917054914868e-01
1.660304473205275258e-02 8.385893692449536418e-01
1.363821531561476043e-02 8.671184675178263968e-01
1.363821531561476043e-02 8.671184675178263968e-01
1.156283472410816505e-02 8.871935995775296346e-01
8.598005307670174638e-03 9.159939626331864426e-01
4.447244124656986493e-03 9.564901871408936218e-01
2.964829416437991067e-04 9.970979274004432291e-01
-4.743727066300785708e-03 9.535926721610885615e-01
-8.301522366026376290e-03 9.188806437371819236e-01
-9.487454132601571416e-03 9.073406465970995649e-01
-1.245228354903956530e-02 8.785804286038754185e-01
-1.037690295753296993e-02 8.986982048648328725e-01
-1.452766414054615894e-02 8.585399777232740615e-01
-1.719601061534034928e-02 8.329074296730538673e-01
-2.016084003177834316e-02 8.046328177724200170e-01
-2.164325473999733837e-02 7.905873935986582612e-01
-1.986435709013454134e-02 8.074495665615314399e-01
-2.816587945616091937e-02 7.296402116268713156e-01
-3.379905534739310186e-02 6.783166922166690149e-01
-4.180409477177567806e-02 6.079010046257529165e-01
-4.150761183013187972e-02 6.104508724027611910e-01
-4.239706065506327476e-02 6.028154322422107914e-01
-4.002519712191288104e-02 6.232700258990213626e-01
-4.121112888848808137e-02 6.130054280839929426e-01
-4.180409477177567806e-02 6.079010046257529165e-01
-4.061816300520047773e-02 6.181285027002140220e-01
-4.061816300520047773e-02 6.181285027002140220e-01
-3.854278241369388930e-02 6.362031933163905251e-01
-4.210057771341947641e-02 6.053558496593003380e-01
-4.358299242163847509e-02 5.927016269434939311e-01
-4.565837301314506352e-02 5.751904245813735939e-01
-4.299002653835087145e-02 5.977489081697676676e-01
-4.862320242958305394e-02 5.506030392940450824e-01
-4.684430477972026385e-02 5.652939792471884939e-01
-4.803023654629545725e-02 5.554792916008994830e-01
-4.536189007150127211e-02 5.776771447487902833e-01
-4.299002653835087145e-02 5.977489081697676676e-01
-3.794981653040628566e-02 6.414076534179217193e-01
-3.231664063917410318e-02 6.916917832445974579e-01
-3.379905534739310186e-02 6.783166922166690149e-01
-3.261312358081790846e-02 6.890089730484230124e-01
-3.350257240574930351e-02 6.809838595647544901e-01
-3.261312358081790846e-02 6.890089730484230124e-01
-2.935181122273611623e-02 7.187259347034499202e-01
-2.875884533944851953e-02 7.241761344400822198e-01
-2.638698180629811887e-02 7.461131743107052294e-01
-2.520105003972292548e-02 7.571598568220951897e-01
-2.609049886465432400e-02 7.488701052228343702e-01
-2.460808415643532879e-02 7.627018295362357758e-01
-2.282918650657253176e-02 7.793991000097524324e-01
-2.164325473999733837e-02 7.905873935986582612e-01
-2.223622062328493507e-02 7.849877489446721590e-01
-1.867842532355934448e-02 8.187409513033527819e-01
-1.304524943232716200e-02 8.728461448268055589e-01
-1.512063002383375564e-02 8.528300929131141794e-01
-1.185931766575196514e-02 8.843210255678012333e-01
-6.819107657807380214e-03 9.333291829600072198e-01
-7.412073541094977777e-03 9.275468905428219113e-01
-3.854278241369388930e-03 9.622868871938534685e-01
-2.964829416437991284e-03 9.709855443841508560e-01
0.000000000000000000e+00 1.000000000000000000e+00
-1.185931766575196427e-03 9.883920896866599248e-01
2.668346474794192503e-03 9.738859070480740954e-01
4.743727066300785708e-03 9.535926721610885615e-01
6.226141774519782651e-03 9.391149602969872667e-01
5.929658832875982135e-04 9.941958928102592186e-01
-2.075380591506594073e-03 9.796876201423365682e-01
-2.371863533150392854e-03 9.767866116195857984e-01
-2.964829416437991284e-03 9.709855443841508560e-01
1.185931766575196427e-03 9.883920896866599248e-01
5.040210007944585791e-03 9.506957643301321426e-01
6.522624716163580999e-03 9.362216548281087070e-01
1.156283472410816505e-02 8.871935995775296346e-01
1.363821531561476043e-02 8.671184675178263968e-01
1.571359590712135407e-02 8.471278327644229389e-01
1.630656179040895423e-02 8.414334856400400575e-01
1.986435709013454134e-02 8.074495665615314399e-01
2.134677179835354002e-02 7.933912541585084188e-01
2.045732297342214151e-02 8.018185775483293032e-01
2.401511827314772862e-02 7.682558718230400041e-01
2.312566944821633011e-02 7.766089837084957370e-01
2.460808415643532879e-02 7.627018295362357758e-01
2.846236239780471772e-02 7.269064540756902115e-01
2.875884533944851953e-02 7.241761344400822198e-01
2.757291357287331920e-02 7.351179139191905687e-01
2.905532828109231788e-02 7.214492841993171979e-01
3.231664063917410318e-02 6.916917832445974579e-01
3.468850417232450384e-02 6.703392096267499767e-01
3.617091888054349558e-02 6.571251923062654265e-01
3.409553828903690020e-02 6.756535088032568082e-01
2.846236239780471772e-02 7.269064540756902115e-01
3.113070887259890979e-02 7.024610924282417290e-01
3.053774298931130962e-02 7.078681665885183660e-01
3.290960652246169987e-02 6.863300293422641696e-01
3.142719181424270813e-02 6.997631148740800500e-01
2.816587945616091937e-02 7.296402116268713156e-01
3.083422593095511144e-02 7.051627864718528205e-01
3.024126004766751127e-02 7.105772022253978859e-01
3.053774298931130962e-02 7.078681665885183660e-01
2.520105003972292548e-02 7.571598568220951897e-01
2.401511827314772862e-02 7.682558718230400041e-01
2.549753298136672730e-02 7.543934791309931942e-01
2.816587945616091937e-02 7.296402116268713156e-01
2.786939651451711755e-02 7.323773754862044072e-01
3.172367475588650648e-02 6.970688840883159099e-01
3.083422593095511144e-02 7.051627864718528205e-01
3.261312358081790846e-02 6.890089730484230124e-01
3.320608946410550516e-02 6.836549817031285503e-01
2.875884533944851953e-02 7.241761344400822198e-01
2.875884533944851953e-02 7.241761344400822198e-01
2.875884533944851953e-02 7.241761344400822198e-01
2.994477710602371293e-02 7.132898626942123510e-01
3.231664063917410318e-02 6.916917832445974579e-01
3.053774298931130962e-02 7.078681665885183660e-01
3.142719181424270813e-02 6.997631148740800500e-01
3.053774298931130962e-02 7.078681665885183660e-01
3.231664063917410318e-02 6.916917832445974579e-01
3.379905534739310186e-02 6.783166922166690149e-01
3.617091888054349558e-02 6.571251923062654265e-01
4.061816300520047773e-02 6.181285027002140220e-01
4.121112888848808137e-02 6.130054280839929426e-01
5.188451478766484964e-02 5.241625362563739898e-01
5.336692949588384138e-02 5.123608116645708144e-01
5.247748067095245328e-02 5.194253481110322479e-01
5.959307127040363444e-02 4.643326384597320500e-01
6.374383245341681825e-02 4.337456682186658918e-01
6.878404246136139710e-02 3.982027141488467814e-01
7.293480364437458785e-02 3.702798501657540431e-01
7.412073541094978124e-02 3.625285898516916738e-01
7.530666717752497463e-02 3.548787408868433468e-01
7.708556482738777860e-02 3.435947177508160699e-01
7.738204776903157001e-02 3.417363481679077664e-01
8.123632601040095547e-02 3.181589335362122739e-01
8.420115542683895282e-02 3.007583610275597064e-01
8.331170660190755084e-02 3.059113150685330851e-01
8.627653601834554820e-02 2.889586880531052615e-01
9.161322896793393233e-02 2.600511546084796621e-01
9.694992191752231647e-02 2.331904780420603340e-01
1.013971660421793125e-01 2.123442977666193665e-01
1.070303419334115019e-01 1.878985788604782270e-01
1.114775860580684702e-01 1.701028214865349941e-01
1.135529666495750795e-01 1.622396193963453470e-01
1.171107619493006735e-01 1.493965365637330567e-01
1.221509719572452385e-01 1.325371267116732255e-01
1.248193184320394444e-01 1.242231377330656611e-01
1.263017331402584431e-01 1.197815966419093492e-01
1.268946990235460259e-01 1.180398538126406216e-01
1.274876649068336365e-01 1.163178451872034641e-01
1.242263525487518477e-01 1.260349640212920785e-01
1.215580060739576418e-01 1.344413376410750205e-01
1.185931766575196444e-01 1.442778897652365333e-01
1.162213131243692715e-01 1.525328993618891293e-01
1.141459325328626762e-01 1.600436637293107256e-01
1.082162736999866814e-01 1.830252617176621188e-01
1.028795807503982973e-01 2.057011360082986462e-01
1.011006831005355072e-01 2.136911374789931539e-01
9.813585368409750986e-02 2.274960234345000387e-01
9.279916073450913960e-02 2.539062796430360813e-01
9.250267779286532044e-02 2.554330344410288833e-01
9.013081425971493366e-02 2.678745115430254953e-01
8.657301895998935348e-02 2.872985839667833163e-01
8.479412131012654952e-02 2.973550534664020639e-01
8.093984306875716406e-02 3.199342018916918606e-01
7.797501365231916670e-02 3.380387516657661351e-01
7.352776952766218455e-02 3.663915630135512469e-01
6.819107657807380041e-02 4.022917372086682875e-01
6.315086657012922156e-02 4.380432981770336909e-01
5.959307127040363444e-02 4.643326384597320500e-01
5.395989537917145196e-02 5.076788297393297622e-01
4.891968537122685229e-02 5.481727599670809248e-01
4.210057771341947641e-02 6.053558496593003380e-01
4.061816300520047773e-02 6.181285027002140220e-01
3.498498711396829525e-02 6.676881514184496158e-01
3.202015769753030483e-02 6.943784302114590634e-01
3.202015769753030483e-02 6.943784302114590634e-01
2.875884533944851953e-02 7.241761344400822198e-01
2.193973768164113672e-02 7.877862138133687742e-01
1.749249355698414762e-02 8.300696778096683381e-01
1.482414708218995555e-02 8.556841003043771376e-01
1.008042001588917158e-02 9.015777484609692749e-01
8.301522366026376290e-03 9.188806437371819236e-01
5.633175891232183354e-03 9.449039213268972670e-01
5.040210007944585791e-03 9.506957643301321426e-01
2.964829416437991067e-04 9.970979274004432291e-01
-5.929658832875982135e-04 9.941958928102592186e-01
-1.482414708218995642e-03 9.854903971587298805e-01
2.964829416437991067e-04 9.970979274004432291e-01
-2.964829416437991284e-03 9.709855443841508560e-01
-3.854278241369388930e-03 9.622868871938534685e-01
-8.894488249313972986e-03 9.131083778348803026e-01
-1.126635178246436671e-02 8.900676414656445434e-01
-1.274876649068336365e-02 8.757124792136103952e-01
-1.304524943232716200e-02 8.728461448268055589e-01
-1.482414708218995555e-02 8.556841003043771376e-01
-1.571359590712135407e-02 8.471278327644229389e-01
-1.423118119890235886e-02 8.613976889420622562e-01
-1.185931766575196514e-02 8.843210255678012333e-01
-7.115590599451179429e-03 9.304375823302792892e-01
-4.150761183013188145e-03 9.593882714367604203e-01
-2.964829416437991067e-04 9.970979274004432291e-01
6.819107657807380214e-03 9.333291829600072198e-01
1.096986884082056836e-02 8.929431143060262421e-01
1.482414708218995555e-02 8.556841003043771376e-01
1.749249355698414762e-02 8.300696778096683381e-01
2.253270356492873341e-02 7.821920330317586600e-01
2.786939651451711755e-02 7.323773754862044072e-01
3.824629947205008401e-02 6.388032218287085229e-01
4.684430477972026385e-02 5.652939792471884939e-01
5.069858302108965625e-02 5.337022337307312236e-01
5.425637832081523643e-02 5.053462048518314598e-01
5.929658832875982222e-02 4.665619685091459967e-01
6.285438362848541627e-02 4.402011722932126503e-01
6.552273010327960834e-02 4.209985332258585622e-01
6.848755951971760569e-02 4.002441182705143152e-01
7.056294011122418719e-02 3.860852451760948822e-01
7.056294011122418719e-02 3.860852451760948822e-01
7.678908188574397331e-02 3.454594644319870511e-01
7.530666717752497463e-02 3.548787408868433468e-01
7.649259894410016802e-02 3.473305851482736406e-01
7.441721835259358653e-02 3.606066084965107166e-01
7.263832070273078256e-02 3.722334733269203610e-01
7.352776952766218455e-02 3.663915630135512469e-01
7.323128658601839314e-02 3.683325449275859365e-01
7.589963306081257133e-02 3.510919355466789460e-01
7.471370129423737794e-02 3.586909702515078679e-01
6.700514481149860702e-02 4.105441911274851918e-01
6.463328127834820636e-02 4.273446895722357031e-01
6.404031539506060966e-02 4.316059353132889465e-01
6.344734951177301296e-02 4.358914596311522782e-01
6.492976421999201164e-02 4.252231985377508128e-01
6.552273010327960834e-02 4.209985332258585622e-01
6.404031539506060966e-02 4.316059353132889465e-01
6.077900303697882090e-02 4.554742759807657304e-01
6.018603715369122420e-02 4.598916382854670859e-01
5.811065656218463576e-02 4.755378256161361117e-01
5.692472479560943543e-02 4.846066389624522630e-01
5.455286126245904171e-02 5.030191806303059288e-01
5.069858302108965625e-02 5.337022337307312236e-01
5.099506596273345460e-02 5.313091918063778119e-01
5.129154890437724601e-02 5.289215487719876041e-01
5.010561713780205262e-02 5.385044362657284145e-01
4.980913419615826121e-02 5.409135574273699065e-01
5.129154890437724601e-02 5.289215487719876041e-01
5.336692949588384138e-02 5.123608116645708144e-01
5.129154890437724601e-02 5.289215487719876041e-01
5.218099772930864799e-02 5.217912047571033884e-01
5.040210007944585097e-02 5.361006550949052318e-01
4.862320242958305394e-02 5.506030392940450824e-01
4.862320242958305394e-02 5.506030392940450824e-01
4.595485595478886881e-02 5.727087255311262837e-01
4.565837301314506352e-02 5.751904245813735939e-01
4.417595830492607872e-02 5.876737803767448920e-01
4.565837301314506352e-02 5.751904245813735939e-01
4.862320242958305394e-02 5.506030392940450824e-01
4.803023654629545725e-02 5.554792916008994830e-01
5.099506596273345460e-02 5.313091918063778119e-01
4.951265125451445592e-02 5.433279985817213165e-01
5.069858302108965625e-02 5.337022337307312236e-01
4.803023654629545725e-02 5.554792916008994830e-01
4.803023654629545725e-02 5.554792916008994830e-01
4.595485595478886881e-02 5.727087255311262837e-01
4.506540712985746683e-02 5.801688633536490336e-01
4.595485595478886881e-02 5.727087255311262837e-01
4.239706065506327476e-02 6.028154322422107914e-01
4.239706065506327476e-02 6.028154322422107914e-01
4.121112888848808137e-02 6.130054280839929426e-01
4.210057771341947641e-02 6.053558496593003380e-01
4.150761183013187972e-02 6.104508724027611910e-01
4.150761183013187972e-02 6.104508724027611910e-01
4.417595830492607872e-02 5.876737803767448920e-01
4.180409477177567806e-02 6.079010046257529165e-01
4.328650947999467674e-02 5.952228501484999601e-01
3.883926535533768765e-02 6.336075945836285861e-01
3.794981653040628566e-02 6.414076534179217193e-01
3.854278241369388930e-02 6.362031933163905251e-01
3.883926535533768765e-02 6.336075945836285861e-01
3.913574829698147906e-02 6.310164521734746845e-01
3.706036770547489062e-02 6.492470972426016562e-01
3.557795299725589194e-02 6.623983605342298464e-01
3.202015769753030483e-02 6.943784302114590634e-01
3.320608946410550516e-02 6.836549817031285503e-01
3.379905534739310186e-02 6.783166922166690149e-01
3.379905534739310186e-02 6.783166922166690149e-01
3.439202123068069855e-02 6.729943383228373932e-01
3.617091888054349558e-02 6.571251923062654265e-01
3.320608946410550516e-02 6.836549817031285503e-01
3.142719181424270813e-02 6.997631148740800500e-01
3.202015769753030483e-02 6.943784302114590634e-01
3.172367475588650648e-02 6.970688840883159099e-01
3.320608946410550516e-02 6.836549817031285503e-01
3.439202123068069855e-02 6.729943383228373932e-01
3.350257240574930351e-02 6.809838595647544901e-01
3.261312358081790846e-02 6.890089730484230124e-01
3.142719181424270813e-02 6.997631148740800500e-01
3.202015769753030483e-02 6.943784302114590634e-01
3.498498711396829525e-02 6.676881514184496158e-01
3.676388476383109227e-02 6.518688709480365828e-01
3.617091888054349558e-02 6.571251923062654265e-01
3.172367475588650648e-02 6.970688840883159099e-01
3.290960652246169987e-02 6.863300293422641696e-01
3.409553828903690020e-02 6.756535088032568082e-01
3.261312358081790846e-02 6.890089730484230124e-01
3.142719181424270813e-02 6.997631148740800500e-01
3.231664063917410318e-02 6.916917832445974579e-01
2.875884533944851953e-02 7.241761344400822198e-01
2.935181122273611623e-02 7.187259347034499202e-01
2.994477710602371293e-02 7.132898626942123510e-01
2.935181122273611623e-02 7.187259347034499202e-01
3.053774298931130962e-02 7.078681665885183660e-01
2.964829416437991111e-02 7.160061171722618134e-01
2.846236239780471772e-02 7.269064540756902115e-01
2.697994768958572598e-02 7.406089869392304958e-01
2.549753298136672730e-02 7.543934791309931942e-01
2.223622062328493507e-02 7.849877489446721590e-01
1.719601061534034928e-02 8.329074296730538673e-01
1.156283472410816505e-02 8.871935995775296346e-01
7.708556482738777860e-03 9.246571451663863073e-01
6.226141774519782651e-03 9.391149602969872667e-01
4.743727066300785708e-03 9.535926721610885615e-01
1.482414708218995642e-03 9.854903971587298805e-01
-1.482414708218995642e-03 9.854903971587298805e-01
-3.261312358081790500e-03 9.680855615709162976e-01
-1.778897649862794857e-03 9.825888946481970976e-01
-5.040210007944585791e-03 9.506957643301321426e-01
-4.447244124656986493e-03 9.564901871408936218e-01
-4.743727066300785708e-03 9.535926721610885615e-01
-4.743727066300785708e-03 9.535926721610885615e-01
-2.964829416437991067e-04 9.970979274004432291e-01
3.557795299725589715e-03 9.651859965367522998e-01
2.668346474794192503e-03 9.738859070480740954e-01
3.557795299725589715e-03 9.651859965367522998e-01
7.115590599451179429e-03 9.304375823302792892e-01
1.067338589917677001e-02 8.958199811174174521e-01
1.037690295753296993e-02 8.986982048648328725e-01
1.274876649068336365e-02 8.757124792136103952e-01
1.838194238191554614e-02 8.215697200589215932e-01
2.075380591506593986e-02 7.990068805269330277e-01
2.549753298136672730e-02 7.543934791309931942e-01
2.846236239780471772e-02 7.269064540756902115e-01
3.528147005561209359e-02 6.650411922526084929e-01
3.498498711396829525e-02 6.676881514184496158e-01
4.002519712191288104e-02 6.232700258990213626e-01
4.536189007150127211e-02 5.776771447487902833e-01
5.010561713780205262e-02 5.385044362657284145e-01
5.336692949588384138e-02 5.123608116645708144e-01
5.129154890437724601e-02 5.289215487719876041e-01
5.129154890437724601e-02 5.289215487719876041e-01
5.040210007944585097e-02 5.361006550949052318e-01
4.832671948793926253e-02 5.530385568064644097e-01
4.180409477177567806e-02 6.079010046257529165e-01
4.299002653835087145e-02 5.977489081697676676e-01
4.210057771341947641e-02 6.053558496593003380e-01
4.210057771341947641e-02 6.053558496593003380e-01
4.239706065506327476e-02 6.028154322422107914e-01
4.210057771341947641e-02 6.053558496593003380e-01
4.150761183013187972e-02 6.104508724027611910e-01
3.794981653040628566e-02 6.414076534179217193e-01
3.765333358876248732e-02 6.440164612225398599e-01
3.439202123068069855e-02 6.729943383228373932e-01
3.409553828903690020e-02 6.756535088032568082e-01
3.350257240574930351e-02 6.809838595647544901e-01
2.905532828109231788e-02 7.214492841993171979e-01
2.757291357287331920e-02 7.351179139191905687e-01
2.549753298136672730e-02 7.543934791309931942e-01
2.579401592301052565e-02 7.516302176940485857e-01
2.490456709807913060e-02 7.599293179387031083e-01
2.460808415643532879e-02 7.627018295362357758e-01
2.549753298136672730e-02 7.543934791309931942e-01
2.609049886465432400e-02 7.488701052228343702e-01
2.668346474794192069e-02 7.433594574316628734e-01
3.231664063917410318e-02 6.916917832445974579e-01
3.320608946410550516e-02 6.836549817031285503e-01
3.943223123862528434e-02 6.284297924686068626e-01
4.832671948793926253e-02 5.530385568064644097e-01
5.277396361259623775e-02 5.170649848479640376e-01
5.751769067889703907e-02 4.800606726505796118e-01
6.581921304492339975e-02 4.188953796157086629e-01
7.145238893615558917e-02 3.801110307813641009e-01
8.005039424382576208e-02 3.252984096087256916e-01
8.360818954355135613e-02 3.041872633676573900e-01
8.983433131807114225e-02 2.694581987406205470e-01
9.635695603423471978e-02 2.360749260676175687e-01
9.991475133396031383e-02 2.191394989321321374e-01
1.002112342756041052e-01 2.177682400319038702e-01
1.034725466336858940e-01 2.030861741795710329e-01
1.064373760501238775e-01 1.903704910752466173e-01
1.052514442835486980e-01 1.953852772556970430e-01
1.061408931084800999e-01 1.916153006288567051e-01
1.091057225249180834e-01 1.794315995123113017e-01
1.058444101668363085e-01 1.928660274584493850e-01
1.028795807503982973e-01 2.057011360082986462e-01
1.019901319254669092e-01 2.096688543504385827e-01
1.031760636920421026e-01 2.043906433569822878e-01
1.019901319254669092e-01 2.096688543504385827e-01
9.902530250902891185e-02 2.232900733959704287e-01
9.220619485122152903e-02 2.569660949863233901e-01
8.568357013505793762e-02 2.922980591971183206e-01
8.153280895204477463e-02 3.163900668191798604e-01
7.738204776903157001e-02 3.417363481679077664e-01
7.441721835259358653e-02 3.606066084965107166e-01
6.819107657807380041e-02 4.022917372086682875e-01
5.870362244547223246e-02 4.710382183974096693e-01
5.484934420410284006e-02 5.006977743033890205e-01
4.891968537122685229e-02 5.481727599670809248e-01
4.150761183013187972e-02 6.104508724027611910e-01
3.439202123068069855e-02 6.729943383228373932e-01
3.172367475588650648e-02 6.970688840883159099e-01
2.875884533944851953e-02 7.241761344400822198e-01
2.342215238986013193e-02 7.738217178513379091e-01
2.105028885670973821e-02 7.961977612492739942e-01
1.689952767369655093e-02 8.357473386901990153e-01
1.334173237397096035e-02 8.699814620729005021e-01
1.096986884082056836e-02 8.929431143060262421e-01
3.854278241369388930e-03 9.622868871938534685e-01
5.929658832875982135e-04 9.941958928102592186e-01
-2.668346474794192503e-03 9.738859070480740954e-01
-3.261312358081790500e-03 9.680855615709162976e-01
-5.929658832875982569e-03 9.420090616967976560e-01
-6.226141774519782651e-03 9.391149602969872667e-01
-6.226141774519782651e-03 9.391149602969872667e-01
-8.598005307670174638e-03 9.159939626331864426e-01
-8.301522366026376290e-03 9.188806437371819236e-01
-9.190971190957773068e-03 9.102239267136499334e-01
-9.783937074245369764e-03 9.044585747676215925e-01
-1.037690295753296993e-02 8.986982048648328725e-01
-1.156283472410816505e-02 8.871935995775296346e-01
-1.245228354903956530e-02 8.785804286038754185e-01
-8.005039424382576208e-03 9.217683837331315244e-01
-3.557795299725589715e-03 9.651859965367522998e-01
-5.929658832875982135e-04 9.941958928102592186e-01
2.964829416437991284e-03 9.709855443841508560e-01
1.008042001588917158e-02 9.015777484609692749e-01
1.274876649068336365e-02 8.757124792136103952e-01
1.393469825725855878e-02 8.642571976626228780e-01
1.867842532355934448e-02 8.187409513033527819e-01
2.016084003177834316e-02 8.046328177724200170e-01
2.312566944821633011e-02 7.766089837084957370e-01
2.431160121479152697e-02 7.654773585553373838e-01
2.609049886465432400e-02 7.488701052228343702e-01
2.697994768958572598e-02 7.406089869392304958e-01
3.053774298931130962e-02 7.078681665885183660e-01
3.350257240574930351e-02 6.809838595647544901e-01
3.735685064711868897e-02 6.466296182230275580e-01
3.735685064711868897e-02 6.466296182230275580e-01
4.002519712191288104e-02 6.232700258990213626e-01
4.536189007150127211e-02 5.776771447487902833e-01
4.476892418821366154e-02 5.826655575414094734e-01
4.891968537122685229e-02 5.481727599670809248e-01
5.218099772930864799e-02 5.217912047571033884e-01
5.277396361259623775e-02 5.170649848479640376e-01
5.129154890437724601e-02 5.289215487719876041e-01
5.336692949588384138e-02 5.123608116645708144e-01
5.455286126245904171e-02 5.030191806303059288e-01
5.307044655424004997e-02 5.147101333126655742e-01
4.832671948793926253e-02 5.530385568064644097e-01
4.803023654629545725e-02 5.554792916008994830e-01
4.447244124656987013e-02 5.851672042832731790e-01
4.299002653835087145e-02 5.977489081697676676e-01
4.239706065506327476e-02 6.028154322422107914e-01
4.417595830492607872e-02 5.876737803767448920e-01
4.091464594684428302e-02 6.155646465962631986e-01
4.002519712191288104e-02 6.232700258990213626e-01
3.735685064711868897e-02 6.466296182230275580e-01
3.379905534739310186e-02 6.783166922166690149e-01
3.202015769753030483e-02 6.943784302114590634e-01
3.172367475588650648e-02 6.970688840883159099e-01
2.964829416437991111e-02 7.160061171722618134e-01
2.816587945616091937e-02 7.296402116268713156e-01
2.282918650657253176e-02 7.793991000097524324e-01
2.282918650657253176e-02 7.793991000097524324e-01
1.956787414849073953e-02 8.102687891826182431e-01
1.838194238191554614e-02 8.215697200589215932e-01
1.719601061534034928e-02 8.329074296730538673e-01
1.096986884082056836e-02 8.929431143060262421e-01
1.245228354903956530e-02 8.785804286038754185e-01
1.185931766575196514e-02 8.843210255678012333e-01
1.512063002383375564e-02 8.528300929131141794e-01
1.482414708218995555e-02 8.556841003043771376e-01
1.571359590712135407e-02 8.471278327644229389e-01
1.838194238191554614e-02 8.215697200589215932e-01
1.393469825725855878e-02 8.642571976626228780e-01
1.512063002383375564e-02 8.528300929131141794e-01
1.185931766575196514e-02 8.843210255678012333e-01
1.126635178246436671e-02 8.900676414656445434e-01
1.304524943232716200e-02 8.728461448268055589e-01
1.630656179040895423e-02 8.414334856400400575e-01
1.304524943232716200e-02 8.728461448268055589e-01
1.334173237397096035e-02 8.699814620729005021e-01
1.215580060739576349e-02 8.814499563060378406e-01
2.016084003177834316e-02 8.046328177724200170e-01
2.697994768958572598e-02 7.406089869392304958e-01
2.697994768958572598e-02 7.406089869392304958e-01
2.312566944821633011e-02 7.766089837084957370e-01
2.727643063122952086e-02 7.378617950653341140e-01
2.905532828109231788e-02 7.214492841993171979e-01
2.490456709807913060e-02 7.599293179387031083e-01
2.579401592301052565e-02 7.516302176940485857e-01
2.935181122273611623e-02 7.187259347034499202e-01
2.490456709807913060e-02 7.599293179387031083e-01
2.697994768958572598e-02 7.406089869392304958e-01
3.290960652246169987e-02 6.863300293422641696e-01
3.824629947205008401e-02 6.388032218287085229e-01
3.735685064711868897e-02 6.466296182230275580e-01
4.299002653835087145e-02 5.977489081697676676e-01
4.803023654629545725e-02 5.554792916008994830e-01
5.069858302108965625e-02 5.337022337307312236e-01
5.929658832875982222e-02 4.665619685091459967e-01
6.522624716163581693e-02 4.231078096129455846e-01
6.967349128629278521e-02 3.921158714755809127e-01
6.996997422793659049e-02 3.900994064801895922e-01
7.471370129423737794e-02 3.586909702515078679e-01
