1.438000000000000111e-01
1.708000000000000074e-01
1.855999999999999872e-01
2.341999999999999915e-01
2.326000000000000012e-01
2.792000000000000037e-01
3.301999999999999935e-01
3.512000000000000122e-01
3.635999999999999788e-01
3.861999999999999877e-01
3.940000000000000169e-01
4.099999999999999756e-01
4.228000000000000091e-01
4.129999999999999782e-01
4.192000000000000171e-01
4.208000000000000074e-01
4.305999999999999828e-01
4.321999999999999731e-01
4.328000000000000180e-01
4.467999999999999750e-01
4.405999999999999917e-01
4.441999999999999837e-01
4.295999999999999819e-01
4.331999999999999740e-01
4.328000000000000180e-01
4.225999999999999757e-01
4.444000000000000172e-01
4.405999999999999917e-01
4.304000000000000048e-01
4.400000000000000022e-01
4.335999999999999854e-01
4.321999999999999731e-01
4.205999999999999739e-01
4.490000000000000102e-01
4.324000000000000066e-01
4.401999999999999802e-01
4.580000000000000182e-01
4.662000000000000033e-01
4.776000000000000245e-01
5.020000000000000018e-01
4.915999999999999814e-01
4.828000000000000069e-01
4.858000000000000096e-01
4.872000000000000219e-01
4.932000000000000273e-01
4.773999999999999910e-01
4.640000000000000235e-01
4.384000000000000119e-01
4.179999999999999827e-01
4.203999999999999959e-01
3.834000000000000186e-01
3.761999999999999789e-01
3.595999999999999752e-01
3.556000000000000272e-01
3.287999999999999812e-01
3.271999999999999909e-01
3.361999999999999988e-01
3.271999999999999909e-01
3.452000000000000068e-01
3.513999999999999901e-01
3.714000000000000079e-01
3.821999999999999842e-01
4.062000000000000055e-01
4.032000000000000028e-01
4.218000000000000083e-01
4.056000000000000161e-01
4.173999999999999932e-01
4.010000000000000231e-01
4.245999999999999774e-01
3.920000000000000151e-01
4.087999999999999967e-01
3.927999999999999825e-01
3.817999999999999727e-01
3.675999999999999823e-01
3.649999999999999911e-01
3.731999999999999762e-01
3.876000000000000001e-01
3.961999999999999966e-01
3.795999999999999930e-01
3.754000000000000115e-01
3.709999999999999964e-01
3.738000000000000211e-01
3.618000000000000105e-01
3.745999999999999885e-01
3.609999999999999876e-01
3.642000000000000237e-01
3.483999999999999875e-01
3.350000000000000200e-01
3.039999999999999925e-01
3.145999999999999908e-01
3.039999999999999925e-01
2.963999999999999968e-01
2.876000000000000223e-01
2.836000000000000187e-01
2.873999999999999888e-01
2.614000000000000212e-01
2.561999999999999833e-01
2.467999999999999916e-01
2.560000000000000053e-01
2.661999999999999922e-01
2.469999999999999973e-01
2.594000000000000195e-01
2.595999999999999974e-01
2.792000000000000037e-01
2.816000000000000170e-01
2.777999999999999914e-01
3.022000000000000242e-01
3.174000000000000155e-01
3.361999999999999988e-01
3.496000000000000218e-01
3.668000000000000149e-01
3.924000000000000266e-01
4.053999999999999826e-01
4.329999999999999960e-01
4.530000000000000138e-01
4.561999999999999944e-01
4.769999999999999796e-01
4.873999999999999999e-01
4.845999999999999752e-01
4.985999999999999877e-01
5.071999999999999842e-01
4.768000000000000016e-01
4.875999999999999779e-01
4.611999999999999988e-01
4.484000000000000208e-01
4.455999999999999961e-01
4.295999999999999819e-01
4.133999999999999897e-01
4.138000000000000012e-01
4.126000000000000223e-01
3.911999999999999922e-01
4.002000000000000002e-01
3.709999999999999964e-01
3.679999999999999938e-01
3.416000000000000147e-01
3.442000000000000060e-01
3.333999999999999742e-01
3.370000000000000218e-01
3.145999999999999908e-01
3.074000000000000066e-01
3.128000000000000225e-01
3.024000000000000021e-01
2.701999999999999957e-01
2.802000000000000046e-01
2.634000000000000230e-01
2.674000000000000266e-01
2.462000000000000022e-01
2.548000000000000265e-01
2.363999999999999990e-01
2.459999999999999964e-01
2.368000000000000105e-01
2.331999999999999906e-01
2.520000000000000018e-01
2.624000000000000221e-01
2.647999999999999798e-01
2.839999999999999747e-01
2.945999999999999730e-01
2.988000000000000100e-01
3.049999999999999933e-01
3.178000000000000269e-01
3.148000000000000242e-01
3.131999999999999784e-01
3.174000000000000155e-01
3.333999999999999742e-01
3.190000000000000058e-01
3.377999999999999892e-01
3.250000000000000111e-01
3.393999999999999795e-01
3.462000000000000077e-01
3.469999999999999751e-01
3.477999999999999980e-01
3.462000000000000077e-01
3.605999999999999761e-01
3.619999999999999885e-01
3.599999999999999867e-01
3.714000000000000079e-01
3.845999999999999974e-01
3.904000000000000248e-01
4.006000000000000116e-01
4.113999999999999879e-01
4.016000000000000125e-01
4.188000000000000056e-01
4.043999999999999817e-01
4.082000000000000073e-01
4.136000000000000232e-01
4.294000000000000039e-01
4.219999999999999862e-01
4.252000000000000224e-01
4.228000000000000091e-01
4.092000000000000082e-01
4.335999999999999854e-01
4.112000000000000099e-01
4.274000000000000021e-01
4.158000000000000029e-01
4.112000000000000099e-01
4.119999999999999774e-01
4.062000000000000055e-01
4.272000000000000242e-01
4.431999999999999829e-01
4.274000000000000021e-01
4.355999999999999872e-01
4.269999999999999907e-01
4.195999999999999730e-01
3.837999999999999745e-01
3.981999999999999984e-01
3.835999999999999965e-01
3.910000000000000142e-01
3.821999999999999842e-01
3.741999999999999771e-01
3.744000000000000106e-01
3.674000000000000044e-01
3.638000000000000123e-01
3.662000000000000255e-01
3.784000000000000141e-01
3.593999999999999972e-01
3.549999999999999822e-01
3.612000000000000210e-01
3.699999999999999956e-01
3.784000000000000141e-01
3.622000000000000219e-01
3.735999999999999877e-01
3.804000000000000159e-01
3.814000000000000168e-01
4.036000000000000143e-01
3.768000000000000238e-01
3.907999999999999807e-01
3.830000000000000071e-01
3.623999999999999999e-01
3.815999999999999948e-01
3.770000000000000018e-01
3.821999999999999842e-01
3.705999999999999850e-01
3.497999999999999998e-01
3.237999999999999767e-01
3.034000000000000030e-01
2.872000000000000108e-01
2.832000000000000073e-01
2.657999999999999807e-01
2.475999999999999868e-01
2.308000000000000052e-01
2.280000000000000082e-01
2.081999999999999962e-01
2.074000000000000010e-01
1.991999999999999882e-01
2.154000000000000081e-01
1.938000000000000000e-01
1.975999999999999979e-01
2.200000000000000011e-01
2.293999999999999928e-01
2.343999999999999972e-01
2.356000000000000039e-01
2.195999999999999897e-01
2.260000000000000064e-01
2.363999999999999990e-01
2.524000000000000132e-01
2.504000000000000115e-01
2.456000000000000127e-01
2.424000000000000044e-01
2.637999999999999790e-01
2.584000000000000186e-01
2.621999999999999886e-01
2.786000000000000143e-01
2.630000000000000115e-01
2.664000000000000257e-01
2.746000000000000107e-01
2.780000000000000249e-01
2.816000000000000170e-01
2.892000000000000126e-01
2.983999999999999986e-01
3.241999999999999882e-01
3.207999999999999741e-01
3.390000000000000235e-01
3.467999999999999972e-01
3.497999999999999998e-01
3.855999999999999983e-01
3.880000000000000115e-01
3.963999999999999746e-01
4.238000000000000100e-01
4.536000000000000032e-01
4.633999999999999786e-01
4.601999999999999980e-01
4.788000000000000034e-01
4.762000000000000122e-01
4.882000000000000228e-01
4.863999999999999990e-01
5.063999999999999613e-01
4.702000000000000068e-01
4.912000000000000255e-01
4.889999999999999902e-01
4.838000000000000078e-01
4.627999999999999892e-01
4.703999999999999848e-01
4.749999999999999778e-01
4.822000000000000175e-01
4.985999999999999877e-01
4.743999999999999884e-01
4.633999999999999786e-01
4.215999999999999748e-01
3.901999999999999913e-01
3.701999999999999735e-01
3.473999999999999866e-01
3.271999999999999909e-01
2.936000000000000276e-01
2.819999999999999729e-01
2.680000000000000160e-01
2.640000000000000124e-01
2.584000000000000186e-01
2.535999999999999921e-01
2.531999999999999806e-01
2.763999999999999790e-01
2.787999999999999923e-01
2.677999999999999825e-01
2.737999999999999878e-01
2.776000000000000134e-01
2.797999999999999932e-01
2.772000000000000020e-01
2.591999999999999860e-01
2.766000000000000125e-01
2.703999999999999737e-01
2.736000000000000099e-01
2.727999999999999869e-01
2.584000000000000186e-01
2.892000000000000126e-01
2.952000000000000179e-01
3.170000000000000040e-01
3.054000000000000048e-01
3.098000000000000198e-01
3.234000000000000208e-01
3.048000000000000154e-01
3.306000000000000050e-01
3.336000000000000076e-01
3.618000000000000105e-01
3.771999999999999797e-01
3.808000000000000274e-01
3.874000000000000221e-01
4.163999999999999924e-01
4.213999999999999968e-01
4.484000000000000208e-01
4.418000000000000260e-01
4.437999999999999723e-01
4.511999999999999900e-01
4.643999999999999795e-01
4.540000000000000147e-01
4.709999999999999742e-01
4.737999999999999989e-01
4.885999999999999788e-01
4.778000000000000025e-01
4.998000000000000220e-01
4.954000000000000070e-01
5.088000000000000300e-01
5.070000000000000062e-01
4.932000000000000273e-01
4.882000000000000228e-01
4.769999999999999796e-01
4.799999999999999822e-01
4.872000000000000219e-01
4.902000000000000246e-01
4.783999999999999919e-01
5.040000000000000036e-01
4.925999999999999823e-01
4.882000000000000228e-01
4.902000000000000246e-01
4.779999999999999805e-01
4.749999999999999778e-01
4.914000000000000035e-01
4.782000000000000139e-01
4.732000000000000095e-01
4.692000000000000060e-01
4.616000000000000103e-01
4.547999999999999821e-01
4.534000000000000252e-01
4.551999999999999935e-01
4.531999999999999917e-01
4.566000000000000059e-01
4.583999999999999742e-01
4.511999999999999900e-01
4.299999999999999933e-01
4.364000000000000101e-01
4.183999999999999941e-01
4.192000000000000171e-01
4.152000000000000135e-01
4.374000000000000110e-01
4.339999999999999969e-01
4.394000000000000128e-01
4.394000000000000128e-01
4.495999999999999996e-01
4.707999999999999963e-01
4.702000000000000068e-01
4.806000000000000272e-01
4.692000000000000060e-01
4.759999999999999787e-01
4.958000000000000185e-01
4.951999999999999735e-01
4.941999999999999726e-01
4.944000000000000061e-01
4.988000000000000211e-01
4.995999999999999885e-01
4.899999999999999911e-01
4.884000000000000008e-01
4.885999999999999788e-01
4.888000000000000123e-01
4.803999999999999937e-01
4.742000000000000104e-01
4.656000000000000139e-01
4.434000000000000163e-01
4.461999999999999855e-01
4.435999999999999943e-01
4.391999999999999793e-01
4.328000000000000180e-01
4.325999999999999845e-01
4.331999999999999740e-01
4.511999999999999900e-01
4.441999999999999837e-01
4.491999999999999882e-01
4.507999999999999785e-01
4.414000000000000146e-01
4.480000000000000093e-01
4.563999999999999724e-01
4.603999999999999759e-01
4.693999999999999839e-01
4.717999999999999972e-01
4.687999999999999945e-01
4.727999999999999980e-01
4.693999999999999839e-01
4.828000000000000069e-01
4.782000000000000139e-01
4.696000000000000174e-01
4.779999999999999805e-01
4.875999999999999779e-01
4.778000000000000025e-01
4.773999999999999910e-01
4.878000000000000114e-01
4.653999999999999804e-01
4.747999999999999998e-01
4.577999999999999847e-01
4.573999999999999733e-01
4.573999999999999733e-01
4.369999999999999996e-01
4.319999999999999951e-01
4.318000000000000171e-01
4.243999999999999995e-01
4.329999999999999960e-01
4.298000000000000154e-01
4.324000000000000066e-01
4.179999999999999827e-01
4.126000000000000223e-01
4.162000000000000144e-01
4.126000000000000223e-01
4.116000000000000214e-01
4.087999999999999967e-01
4.152000000000000135e-01
4.294000000000000039e-01
4.315999999999999837e-01
4.364000000000000101e-01
4.321999999999999731e-01
4.421999999999999820e-01
4.400000000000000022e-01
4.420000000000000040e-01
4.415999999999999925e-01
4.471999999999999864e-01
4.437999999999999723e-01
4.603999999999999759e-01
4.544000000000000261e-01
4.464000000000000190e-01
4.451999999999999846e-01
4.557999999999999829e-01
4.603999999999999759e-01
4.544000000000000261e-01
4.657999999999999918e-01
4.494000000000000217e-01
4.657999999999999918e-01
4.656000000000000139e-01
4.646000000000000130e-01
4.554000000000000270e-01
4.516000000000000014e-01
4.495999999999999996e-01
4.447999999999999732e-01
4.551999999999999935e-01
4.530000000000000138e-01
4.606000000000000094e-01
4.461999999999999855e-01
4.225999999999999757e-01
4.183999999999999941e-01
4.099999999999999756e-01
4.027999999999999914e-01
4.033999999999999808e-01
3.774000000000000132e-01
3.559999999999999831e-01
3.439999999999999725e-01
3.131999999999999784e-01
2.919999999999999818e-01
2.740000000000000213e-01
2.464000000000000079e-01
2.182000000000000051e-01
2.124000000000000055e-01
1.922000000000000097e-01
1.754000000000000004e-01
1.759999999999999898e-01
1.613999999999999879e-01
1.749999999999999889e-01
1.817999999999999894e-01
1.726000000000000034e-01
1.719999999999999862e-01
1.736000000000000043e-01
1.852000000000000035e-01
1.842000000000000026e-01
1.930000000000000049e-01
2.159999999999999976e-01
2.288000000000000034e-01
2.585999999999999965e-01
2.620000000000000107e-01
2.574000000000000177e-01
2.456000000000000127e-01
2.518000000000000238e-01
2.651999999999999913e-01
2.561999999999999833e-01
2.535999999999999921e-01
2.570000000000000062e-01
2.859999999999999765e-01
2.753999999999999782e-01
2.574000000000000177e-01
2.876000000000000223e-01
2.726000000000000090e-01
2.641999999999999904e-01
2.806000000000000161e-01
2.993999999999999995e-01
3.135999999999999899e-01
3.078000000000000180e-01
3.351999999999999980e-01
3.393999999999999795e-01
3.463999999999999857e-01
3.605999999999999761e-01
3.508000000000000007e-01
3.599999999999999867e-01
3.886000000000000010e-01
3.745999999999999885e-01
4.006000000000000116e-01
3.976000000000000090e-01
4.219999999999999862e-01
4.329999999999999960e-01
4.778000000000000025e-01
4.637999999999999901e-01
5.058000000000000274e-01
4.783999999999999919e-01
4.739999999999999769e-01
4.561999999999999944e-01
4.520000000000000129e-01
4.404000000000000137e-01
4.274000000000000021e-01
4.033999999999999808e-01
3.911999999999999922e-01
3.860000000000000098e-01
3.897999999999999798e-01
3.778000000000000247e-01
3.708000000000000185e-01
3.612000000000000210e-01
3.466000000000000192e-01
3.532000000000000139e-01
3.502000000000000113e-01
3.436000000000000165e-01
3.387999999999999901e-01
3.496000000000000218e-01
3.532000000000000139e-01
3.533999999999999919e-01
3.625999999999999779e-01
3.642000000000000237e-01
3.648000000000000131e-01
3.685999999999999832e-01
3.645999999999999797e-01
3.659999999999999920e-01
3.649999999999999911e-01
3.598000000000000087e-01
3.602000000000000202e-01
3.589999999999999858e-01
3.538000000000000034e-01
3.699999999999999956e-01
3.721999999999999753e-01
3.774000000000000132e-01
3.825999999999999956e-01
3.750000000000000000e-01
3.711999999999999744e-01
3.830000000000000071e-01
3.815999999999999948e-01
3.865999999999999992e-01
3.987999999999999878e-01
3.987999999999999878e-01
3.983999999999999764e-01
4.067999999999999949e-01
4.282000000000000250e-01
4.447999999999999732e-01
4.491999999999999882e-01
4.465999999999999970e-01
4.590000000000000191e-01
4.743999999999999884e-01
4.873999999999999999e-01
5.151999999999999913e-01
4.839999999999999858e-01
4.818000000000000060e-01
4.716000000000000192e-01
4.381999999999999784e-01
4.475999999999999979e-01
4.183999999999999941e-01
3.956000000000000072e-01
3.887999999999999790e-01
3.911999999999999922e-01
3.917999999999999816e-01
3.785999999999999921e-01
3.870000000000000107e-01
3.678000000000000158e-01
3.639999999999999902e-01
3.553999999999999937e-01
3.304000000000000270e-01
3.330000000000000182e-01
3.264000000000000234e-01
3.170000000000000040e-01
3.134000000000000119e-01
3.178000000000000269e-01
3.190000000000000058e-01
3.181999999999999829e-01
3.214000000000000190e-01
3.245999999999999996e-01
3.099999999999999978e-01
3.382000000000000006e-01
2.995999999999999774e-01
3.049999999999999933e-01
3.089999999999999969e-01
3.165999999999999925e-01
3.267999999999999794e-01
3.526000000000000245e-01
3.609999999999999876e-01
3.910000000000000142e-01
4.013999999999999790e-01
4.092000000000000082e-01
4.163999999999999924e-01
4.431999999999999829e-01
4.689999999999999725e-01
4.855999999999999761e-01
4.971999999999999753e-01
4.833999999999999964e-01
4.580000000000000182e-01
4.481999999999999873e-01
4.526000000000000023e-01
4.315999999999999837e-01
4.232000000000000206e-01
4.245999999999999774e-01
4.228000000000000091e-01
4.027999999999999914e-01
3.940000000000000169e-01
3.886000000000000010e-01
3.795999999999999930e-01
3.509999999999999787e-01
3.313999999999999724e-01
3.287999999999999812e-01
3.184000000000000163e-01
2.993999999999999995e-01
3.158000000000000251e-01
3.227999999999999758e-01
3.310000000000000164e-01
3.320000000000000173e-01
3.304000000000000270e-01
3.361999999999999988e-01
3.563999999999999946e-01
3.370000000000000218e-01
3.635999999999999788e-01
3.473999999999999866e-01
3.760000000000000009e-01
3.815999999999999948e-01
3.775999999999999912e-01
3.891999999999999904e-01
3.845999999999999974e-01
4.123999999999999888e-01
4.026000000000000134e-01
4.027999999999999914e-01
4.082000000000000073e-01
4.072000000000000064e-01
4.222000000000000197e-01
4.358000000000000207e-01
4.484000000000000208e-01
4.345999999999999863e-01
4.421999999999999820e-01
4.487999999999999767e-01
4.520000000000000129e-01
4.465999999999999970e-01
4.418000000000000260e-01
4.607999999999999874e-01
4.500000000000000111e-01
4.657999999999999918e-01
4.696000000000000174e-01
4.753999999999999893e-01
4.806000000000000272e-01
4.769999999999999796e-01
4.796000000000000263e-01
4.888000000000000123e-01
4.823999999999999955e-01
4.964000000000000079e-01
4.845999999999999752e-01
5.030000000000000027e-01
5.076000000000000512e-01
4.965999999999999859e-01
4.984000000000000097e-01
4.872000000000000219e-01
4.988000000000000211e-01
4.969999999999999973e-01
4.882000000000000228e-01
5.053999999999999604e-01
4.995999999999999885e-01
4.758000000000000007e-01
4.623999999999999777e-01
4.647999999999999909e-01
4.455999999999999961e-01
4.405999999999999917e-01
4.142000000000000126e-01
3.851999999999999869e-01
3.844000000000000195e-01
3.642000000000000237e-01
3.553999999999999937e-01
3.393999999999999795e-01
3.436000000000000165e-01
3.201999999999999846e-01
3.287999999999999812e-01
3.317999999999999838e-01
3.217999999999999750e-01
3.025999999999999801e-01
3.099999999999999978e-01
2.965999999999999748e-01
3.088000000000000189e-01
2.962000000000000188e-01
3.138000000000000234e-01
2.912000000000000144e-01
2.867999999999999994e-01
2.902000000000000135e-01
2.786000000000000143e-01
2.670000000000000151e-01
2.621999999999999886e-01
2.475999999999999868e-01
2.530000000000000027e-01
2.548000000000000265e-01
2.701999999999999957e-01
2.570000000000000062e-01
2.541999999999999815e-01
2.508000000000000229e-01
2.449999999999999956e-01
2.548000000000000265e-01
2.336000000000000021e-01
2.429999999999999938e-01
2.474000000000000088e-01
2.564000000000000168e-01
2.717999999999999861e-01
2.585999999999999965e-01
2.730000000000000204e-01
2.899999999999999800e-01
2.973999999999999977e-01
2.962000000000000188e-01
3.115999999999999881e-01
3.128000000000000225e-01
3.205999999999999961e-01
3.245999999999999996e-01
3.254000000000000226e-01
3.423999999999999821e-01
3.158000000000000251e-01
3.187999999999999723e-01
3.250000000000000111e-01
3.065999999999999837e-01
3.018000000000000127e-01
3.109999999999999987e-01
3.091999999999999749e-01
3.002000000000000224e-01
3.062000000000000277e-01
2.969999999999999862e-01
2.988000000000000100e-01
3.045999999999999819e-01
3.118000000000000216e-01
3.028000000000000136e-01
3.151999999999999802e-01
3.260000000000000120e-01
3.286000000000000032e-01
3.200000000000000067e-01
3.270000000000000129e-01
3.304000000000000270e-01
3.452000000000000068e-01
3.483999999999999875e-01
3.578000000000000069e-01
3.672000000000000264e-01
3.864000000000000212e-01
3.798000000000000265e-01
4.176000000000000267e-01
4.229999999999999871e-01
4.521999999999999909e-01
4.763999999999999901e-01
4.763999999999999901e-01
4.630000000000000226e-01
4.733999999999999875e-01
4.869999999999999885e-01
4.732000000000000095e-01
4.573999999999999733e-01
4.570000000000000173e-01
4.248000000000000109e-01
4.198000000000000065e-01
4.195999999999999730e-01
4.259999999999999898e-01
4.319999999999999951e-01
4.285999999999999810e-01
4.507999999999999785e-01
4.646000000000000130e-01
4.563999999999999724e-01
4.576000000000000068e-01
4.758000000000000007e-01
4.912000000000000255e-01
4.799999999999999822e-01
4.652000000000000024e-01
4.500000000000000111e-01
4.418000000000000260e-01
4.378000000000000225e-01
4.345999999999999863e-01
4.265999999999999792e-01
4.099999999999999756e-01
3.970000000000000195e-01
4.119999999999999774e-01
4.063999999999999835e-01
3.877999999999999781e-01
3.824000000000000177e-01
3.920000000000000151e-01
3.830000000000000071e-01
3.709999999999999964e-01
3.711999999999999744e-01
3.553999999999999937e-01
3.639999999999999902e-01
3.768000000000000238e-01
3.386000000000000121e-01
3.447999999999999954e-01
3.178000000000000269e-01
3.382000000000000006e-01
3.227999999999999758e-01
3.065999999999999837e-01
3.074000000000000066e-01
3.025999999999999801e-01
2.949999999999999845e-01
3.045999999999999819e-01
2.908000000000000029e-01
2.852000000000000091e-01
2.701999999999999957e-01
2.610000000000000098e-01
2.510000000000000009e-01
2.378000000000000114e-01
2.174000000000000099e-01
2.116000000000000103e-01
2.262000000000000122e-01
2.036000000000000032e-01
1.922000000000000097e-01
2.076000000000000068e-01
2.018000000000000071e-01
