6.500000000000000222e-02
5.480000000000000149e-02
5.480000000000000149e-02
3.339999999999999913e-02
2.639999999999999986e-02
2.220000000000000098e-02
2.319999999999999840e-02
1.859999999999999848e-02
2.520000000000000018e-02
2.599999999999999881e-02
2.500000000000000139e-02
3.339999999999999913e-02
4.120000000000000051e-02
4.859999999999999737e-02
4.240000000000000019e-02
5.079999999999999793e-02
8.060000000000000497e-02
7.900000000000000078e-02
9.660000000000000531e-02
1.130000000000000032e-01
1.250000000000000000e-01
1.451999999999999957e-01
1.497999999999999887e-01
1.663999999999999924e-01
1.842000000000000026e-01
1.910000000000000031e-01
1.885999999999999899e-01
1.845999999999999863e-01
1.774000000000000021e-01
1.693999999999999950e-01
1.663999999999999924e-01
1.693999999999999950e-01
1.787999999999999867e-01
1.910000000000000031e-01
1.998000000000000054e-01
2.278000000000000025e-01
2.391999999999999960e-01
2.637999999999999790e-01
3.025999999999999801e-01
3.595999999999999752e-01
3.583999999999999964e-01
3.896000000000000019e-01
4.265999999999999792e-01
4.590000000000000191e-01
4.727999999999999980e-01
5.010000000000000009e-01
4.766000000000000236e-01
4.420000000000000040e-01
4.265999999999999792e-01
4.298000000000000154e-01
4.109999999999999765e-01
4.139999999999999791e-01
3.751999999999999780e-01
3.715999999999999859e-01
3.572000000000000175e-01
3.403999999999999804e-01
3.337999999999999856e-01
3.286000000000000032e-01
3.261999999999999900e-01
3.256000000000000005e-01
2.898000000000000020e-01
2.969999999999999862e-01
3.005999999999999783e-01
3.224000000000000199e-01
3.539999999999999813e-01
3.538000000000000034e-01
3.694000000000000061e-01
4.017999999999999905e-01
4.265999999999999792e-01
4.460000000000000075e-01
4.355999999999999872e-01
4.507999999999999785e-01
4.309999999999999942e-01
4.334000000000000075e-01
4.186000000000000276e-01
4.368000000000000216e-01
4.262000000000000233e-01
4.193999999999999950e-01
4.235999999999999766e-01
4.430000000000000049e-01
4.510000000000000120e-01
4.653999999999999804e-01
4.759999999999999787e-01
4.935999999999999832e-01
4.965999999999999859e-01
4.682000000000000051e-01
4.573999999999999733e-01
4.481999999999999873e-01
4.445999999999999952e-01
4.299999999999999933e-01
4.315999999999999837e-01
4.159999999999999809e-01
4.133999999999999897e-01
4.159999999999999809e-01
4.143999999999999906e-01
3.897999999999999798e-01
3.990000000000000213e-01
3.731999999999999762e-01
3.721999999999999753e-01
3.502000000000000113e-01
3.360000000000000209e-01
2.992000000000000215e-01
2.806000000000000161e-01
2.424000000000000044e-01
2.214000000000000135e-01
1.945999999999999952e-01
1.797999999999999876e-01
1.497999999999999887e-01
1.192000000000000004e-01
1.222000000000000031e-01
1.063999999999999946e-01
1.062000000000000027e-01
9.679999999999999716e-02
9.260000000000000175e-02
7.779999999999999416e-02
7.779999999999999416e-02
6.119999999999999746e-02
5.179999999999999882e-02
4.100000000000000172e-02
3.420000000000000123e-02
3.420000000000000123e-02
3.540000000000000091e-02
3.660000000000000059e-02
3.540000000000000091e-02
4.240000000000000019e-02
4.959999999999999826e-02
5.020000000000000157e-02
4.920000000000000068e-02
4.959999999999999826e-02
4.700000000000000011e-02
5.020000000000000157e-02
5.240000000000000213e-02
4.479999999999999954e-02
4.819999999999999979e-02
5.140000000000000124e-02
5.779999999999999721e-02
6.859999999999999432e-02
7.159999999999999698e-02
7.080000000000000182e-02
6.959999999999999520e-02
6.980000000000000093e-02
7.639999999999999569e-02
7.920000000000000651e-02
7.180000000000000271e-02
5.260000000000000092e-02
5.480000000000000149e-02
5.739999999999999963e-02
4.819999999999999979e-02
3.440000000000000002e-02
3.740000000000000269e-02
4.019999999999999962e-02
3.699999999999999817e-02
3.320000000000000034e-02
3.440000000000000002e-02
3.839999999999999664e-02
3.919999999999999873e-02
2.900000000000000147e-02
2.860000000000000042e-02
2.539999999999999897e-02
2.280000000000000082e-02
1.739999999999999880e-02
1.660000000000000017e-02
1.239999999999999956e-02
1.140000000000000041e-02
1.420000000000000082e-02
1.679999999999999896e-02
2.280000000000000082e-02
2.920000000000000026e-02
2.740000000000000074e-02
4.139999999999999930e-02
6.640000000000000069e-02
9.080000000000000571e-02
9.679999999999999716e-02
1.192000000000000004e-01
1.448000000000000120e-01
1.640000000000000069e-01
1.907999999999999974e-01
2.013999999999999957e-01
2.167999999999999927e-01
2.190000000000000002e-01
2.212000000000000077e-01
2.379999999999999893e-01
2.456000000000000127e-01
2.620000000000000107e-01
2.829999999999999738e-01
2.829999999999999738e-01
3.095999999999999863e-01
2.979999999999999871e-01
3.058000000000000163e-01
3.224000000000000199e-01
3.294000000000000261e-01
3.207999999999999741e-01
3.184000000000000163e-01
3.241999999999999882e-01
3.207999999999999741e-01
3.191999999999999837e-01
3.313999999999999724e-01
3.327999999999999847e-01
3.353999999999999759e-01
3.625999999999999779e-01
3.492000000000000104e-01
3.612000000000000210e-01
3.639999999999999902e-01
3.709999999999999964e-01
3.729999999999999982e-01
3.685999999999999832e-01
3.718000000000000194e-01
3.502000000000000113e-01
3.508000000000000007e-01
3.556000000000000272e-01
3.423999999999999821e-01
3.623999999999999999e-01
3.509999999999999787e-01
3.516000000000000236e-01
3.350000000000000200e-01
3.333999999999999742e-01
3.121999999999999775e-01
3.105999999999999872e-01
2.975999999999999757e-01
2.958000000000000074e-01
2.690000000000000169e-01
2.829999999999999738e-01
2.743999999999999773e-01
2.677999999999999825e-01
2.320000000000000118e-01
2.605999999999999983e-01
2.398000000000000131e-01
2.245999999999999941e-01
2.116000000000000103e-01
1.943999999999999895e-01
1.948000000000000009e-01
2.000000000000000111e-01
2.001999999999999891e-01
1.806000000000000105e-01
2.028000000000000080e-01
1.862000000000000044e-01
1.799999999999999933e-01
1.764000000000000012e-01
1.718000000000000083e-01
1.691999999999999893e-01
1.854000000000000092e-01
1.799999999999999933e-01
1.958000000000000018e-01
1.794000000000000039e-01
1.890000000000000013e-01
1.935999999999999943e-01
1.801999999999999991e-01
1.728000000000000091e-01
1.789999999999999925e-01
2.099999999999999922e-01
2.136000000000000121e-01
2.091999999999999971e-01
2.001999999999999891e-01
1.983999999999999930e-01
1.968000000000000027e-01
2.043999999999999984e-01
1.962000000000000133e-01
1.882000000000000062e-01
2.038000000000000089e-01
2.049999999999999878e-01
2.068000000000000116e-01
2.043999999999999984e-01
1.943999999999999895e-01
1.799999999999999933e-01
1.575999999999999901e-01
1.468000000000000138e-01
1.378000000000000058e-01
1.059999999999999970e-01
6.679999999999999827e-02
4.979999999999999705e-02
5.099999999999999672e-02
5.220000000000000334e-02
4.700000000000000011e-02
5.140000000000000124e-02
6.099999999999999867e-02
8.519999999999999796e-02
1.226000000000000006e-01
1.120000000000000023e-01
1.516000000000000125e-01
1.522000000000000020e-01
1.564000000000000112e-01
1.778000000000000136e-01
1.776000000000000079e-01
1.897999999999999965e-01
1.915999999999999925e-01
1.885999999999999899e-01
1.700000000000000122e-01
1.794000000000000039e-01
1.660000000000000087e-01
1.710000000000000131e-01
1.933999999999999886e-01
1.845999999999999863e-01
1.991999999999999882e-01
1.867999999999999938e-01
2.016000000000000014e-01
1.746000000000000052e-01
1.786000000000000087e-01
1.698000000000000065e-01
1.698000000000000065e-01
1.776000000000000079e-01
1.804000000000000048e-01
1.845999999999999863e-01
1.671999999999999875e-01
1.590000000000000024e-01
1.549999999999999989e-01
1.401999999999999913e-01
1.338000000000000023e-01
1.218000000000000055e-01
1.247999999999999943e-01
1.264000000000000123e-01
1.393999999999999961e-01
1.277999999999999969e-01
1.489999999999999936e-01
1.433999999999999997e-01
1.633999999999999897e-01
1.728000000000000091e-01
1.816000000000000114e-01
2.139999999999999958e-01
2.247999999999999998e-01
2.434000000000000052e-01
2.681999999999999940e-01
2.812000000000000055e-01
3.261999999999999900e-01
3.373999999999999777e-01
3.672000000000000264e-01
4.077999999999999958e-01
3.996000000000000107e-01
4.249999999999999889e-01
4.516000000000000014e-01
5.040000000000000036e-01
4.773999999999999910e-01
4.188000000000000056e-01
3.801999999999999824e-01
3.589999999999999858e-01
3.297999999999999821e-01
2.992000000000000215e-01
2.752000000000000002e-01
2.962000000000000188e-01
2.561999999999999833e-01
2.311999999999999889e-01
2.250000000000000056e-01
2.033999999999999975e-01
1.791999999999999982e-01
1.665999999999999981e-01
1.628000000000000003e-01
1.381999999999999895e-01
1.361999999999999877e-01
1.283999999999999864e-01
1.140000000000000041e-01
9.679999999999999716e-02
1.110000000000000014e-01
9.619999999999999385e-02
1.213999999999999940e-01
1.448000000000000120e-01
1.517999999999999905e-01
1.794000000000000039e-01
1.658000000000000029e-01
1.854000000000000092e-01
1.769999999999999907e-01
2.101999999999999980e-01
2.064000000000000001e-01
2.064000000000000001e-01
2.243999999999999884e-01
2.417999999999999872e-01
2.275999999999999968e-01
2.414000000000000035e-01
2.417999999999999872e-01
2.575999999999999956e-01
2.525999999999999912e-01
2.571999999999999842e-01
2.676000000000000045e-01
2.763999999999999790e-01
2.792000000000000037e-01
2.792000000000000037e-01
2.948000000000000065e-01
2.853999999999999870e-01
3.201999999999999846e-01
3.407999999999999918e-01
3.479999999999999760e-01
3.483999999999999875e-01
3.406000000000000139e-01
3.824000000000000177e-01
3.619999999999999885e-01
3.926000000000000045e-01
4.026000000000000134e-01
4.017999999999999905e-01
3.991999999999999993e-01
3.997999999999999887e-01
3.901999999999999913e-01
3.665999999999999814e-01
3.688000000000000167e-01
3.714000000000000079e-01
3.427999999999999936e-01
3.260000000000000120e-01
3.377999999999999892e-01
3.390000000000000235e-01
3.360000000000000209e-01
3.254000000000000226e-01
3.194000000000000172e-01
3.114000000000000101e-01
3.059999999999999942e-01
3.221999999999999864e-01
2.750000000000000222e-01
2.782000000000000028e-01
2.819999999999999729e-01
2.892000000000000126e-01
2.867999999999999994e-01
2.899999999999999800e-01
2.641999999999999904e-01
2.661999999999999922e-01
2.817999999999999949e-01
3.225999999999999979e-01
3.207999999999999741e-01
3.704000000000000070e-01
3.582000000000000184e-01
4.016000000000000125e-01
4.401999999999999802e-01
4.527999999999999803e-01
4.788000000000000034e-01
4.919999999999999929e-01
4.666000000000000147e-01
4.369999999999999996e-01
4.116000000000000214e-01
3.991999999999999993e-01
3.719999999999999973e-01
3.685999999999999832e-01
3.682000000000000273e-01
3.543999999999999928e-01
3.382000000000000006e-01
3.361999999999999988e-01
3.194000000000000172e-01
3.190000000000000058e-01
3.071999999999999731e-01
3.320000000000000173e-01
3.343999999999999750e-01
3.098000000000000198e-01
3.048000000000000154e-01
3.121999999999999775e-01
3.104000000000000092e-01
2.989999999999999880e-01
3.054000000000000048e-01
3.125999999999999890e-01
3.115999999999999881e-01
3.290000000000000147e-01
3.548000000000000043e-01
3.549999999999999822e-01
3.528000000000000025e-01
3.649999999999999911e-01
3.719999999999999973e-01
3.755999999999999894e-01
3.731999999999999762e-01
3.689999999999999947e-01
3.449999999999999734e-01
3.313999999999999724e-01
2.919999999999999818e-01
2.837999999999999967e-01
2.859999999999999765e-01
2.803999999999999826e-01
2.607999999999999763e-01
2.305999999999999994e-01
2.242000000000000104e-01
2.006000000000000005e-01
1.960000000000000075e-01
1.824000000000000066e-01
1.592000000000000082e-01
1.499999999999999944e-01
1.305999999999999939e-01
1.179999999999999938e-01
8.740000000000000546e-02
7.799999999999999989e-02
6.759999999999999343e-02
6.840000000000000246e-02
6.679999999999999827e-02
8.160000000000000586e-02
8.519999999999999796e-02
9.400000000000000022e-02
1.059999999999999970e-01
1.155999999999999944e-01
1.262000000000000066e-01
1.539999999999999980e-01
1.348000000000000032e-01
1.580000000000000016e-01
1.925999999999999934e-01
2.059999999999999887e-01
2.398000000000000131e-01
2.378000000000000114e-01
2.574000000000000177e-01
2.730000000000000204e-01
2.856000000000000205e-01
2.912000000000000144e-01
3.160000000000000031e-01
3.316000000000000059e-01
3.396000000000000130e-01
3.658000000000000140e-01
4.097999999999999976e-01
4.335999999999999854e-01
4.581999999999999962e-01
4.858000000000000096e-01
4.842000000000000193e-01
4.521999999999999909e-01
3.907999999999999807e-01
3.376000000000000112e-01
3.101999999999999758e-01
2.978000000000000091e-01
2.482000000000000040e-01
2.361999999999999933e-01
2.326000000000000012e-01
2.273999999999999910e-01
2.222000000000000086e-01
2.411999999999999977e-01
2.185999999999999888e-01
2.411999999999999977e-01
2.504000000000000115e-01
2.464000000000000079e-01
2.631999999999999895e-01
2.726000000000000090e-01
2.819999999999999729e-01
2.640000000000000124e-01
3.002000000000000224e-01
3.119999999999999996e-01
3.406000000000000139e-01
3.669999999999999929e-01
4.282000000000000250e-01
4.958000000000000185e-01
4.951999999999999735e-01
4.561999999999999944e-01
4.384000000000000119e-01
3.976000000000000090e-01
3.463999999999999857e-01
3.071999999999999731e-01
2.740000000000000213e-01
2.535999999999999921e-01
2.561999999999999833e-01
2.429999999999999938e-01
2.424000000000000044e-01
2.454000000000000070e-01
2.511999999999999789e-01
2.466000000000000136e-01
2.457999999999999907e-01
2.587999999999999745e-01
2.664000000000000257e-01
2.859999999999999765e-01
2.906000000000000250e-01
3.018000000000000127e-01
3.175999999999999934e-01
3.351999999999999980e-01
3.572000000000000175e-01
3.874000000000000221e-01
4.103999999999999870e-01
4.179999999999999827e-01
4.451999999999999846e-01
4.601999999999999980e-01
4.580000000000000182e-01
4.606000000000000094e-01
4.868000000000000105e-01
4.885999999999999788e-01
4.878000000000000114e-01
4.868000000000000105e-01
4.951999999999999735e-01
4.591999999999999971e-01
4.097999999999999976e-01
4.060000000000000275e-01
3.719999999999999973e-01
3.715999999999999859e-01
3.854000000000000203e-01
3.874000000000000221e-01
3.715999999999999859e-01
3.780000000000000027e-01
3.830000000000000071e-01
3.755999999999999894e-01
3.927999999999999825e-01
3.973999999999999755e-01
4.128000000000000003e-01
4.146000000000000241e-01
4.302000000000000268e-01
4.284000000000000030e-01
4.304000000000000048e-01
4.421999999999999820e-01
4.460000000000000075e-01
4.361999999999999766e-01
4.497999999999999776e-01
4.359999999999999987e-01
4.490000000000000102e-01
4.576000000000000068e-01
4.474000000000000199e-01
4.410000000000000031e-01
4.550000000000000155e-01
4.537999999999999812e-01
4.521999999999999909e-01
4.546000000000000041e-01
4.616000000000000103e-01
4.390000000000000013e-01
4.455999999999999961e-01
4.371999999999999775e-01
4.475999999999999979e-01
4.378000000000000225e-01
4.213999999999999968e-01
4.411999999999999811e-01
4.511999999999999900e-01
4.570000000000000173e-01
4.566000000000000059e-01
4.411999999999999811e-01
4.596000000000000085e-01
4.474000000000000199e-01
4.534000000000000252e-01
4.531999999999999917e-01
4.424000000000000155e-01
4.632000000000000006e-01
4.783999999999999919e-01
4.660000000000000253e-01
4.928000000000000158e-01
4.808000000000000052e-01
4.434000000000000163e-01
4.428000000000000269e-01
4.083999999999999853e-01
3.870000000000000107e-01
3.526000000000000245e-01
3.266000000000000014e-01
3.205999999999999961e-01
2.883999999999999897e-01
2.736000000000000099e-01
2.859999999999999765e-01
2.555999999999999939e-01
2.697999999999999843e-01
2.660000000000000142e-01
2.657999999999999807e-01
2.693999999999999728e-01
2.700000000000000178e-01
2.661999999999999922e-01
2.866000000000000214e-01
2.756000000000000116e-01
2.883999999999999897e-01
2.757999999999999896e-01
2.787999999999999923e-01
2.823999999999999844e-01
2.793999999999999817e-01
2.730000000000000204e-01
2.710000000000000187e-01
2.680000000000000160e-01
2.701999999999999957e-01
2.686000000000000054e-01
2.664000000000000257e-01
2.577999999999999736e-01
2.661999999999999922e-01
2.647999999999999798e-01
2.590000000000000080e-01
2.684000000000000274e-01
2.893999999999999906e-01
2.817999999999999949e-01
2.803999999999999826e-01
2.610000000000000098e-01
2.621999999999999886e-01
2.620000000000000107e-01
2.640000000000000124e-01
2.700000000000000178e-01
2.926000000000000267e-01
3.049999999999999933e-01
3.068000000000000171e-01
2.889999999999999791e-01
2.952000000000000179e-01
3.114000000000000101e-01
3.197999999999999732e-01
3.101999999999999758e-01
3.054000000000000048e-01
3.124000000000000110e-01
3.004000000000000004e-01
2.999999999999999889e-01
2.953999999999999959e-01
2.843999999999999861e-01
2.817999999999999949e-01
2.882000000000000117e-01
2.862000000000000099e-01
2.812000000000000055e-01
2.676000000000000045e-01
2.700000000000000178e-01
2.713999999999999746e-01
2.595999999999999974e-01
2.664000000000000257e-01
2.770000000000000240e-01
2.836000000000000187e-01
3.014000000000000012e-01
3.160000000000000031e-01
3.462000000000000077e-01
3.765999999999999903e-01
3.874000000000000221e-01
3.947999999999999843e-01
3.927999999999999825e-01
4.053999999999999826e-01
3.941999999999999948e-01
4.113999999999999879e-01
4.136000000000000232e-01
4.148000000000000020e-01
3.997999999999999887e-01
4.062000000000000055e-01
3.950000000000000178e-01
3.986000000000000099e-01
4.020000000000000240e-01
3.993999999999999773e-01
4.077999999999999958e-01
4.176000000000000267e-01
4.278000000000000136e-01
4.112000000000000099e-01
4.405999999999999917e-01
4.441999999999999837e-01
4.228000000000000091e-01
4.275999999999999801e-01
4.243999999999999995e-01
4.215999999999999748e-01
3.963999999999999746e-01
4.002000000000000002e-01
4.082000000000000073e-01
4.016000000000000125e-01
3.977999999999999869e-01
3.976000000000000090e-01
4.037999999999999923e-01
4.203999999999999959e-01
4.037999999999999923e-01
4.107999999999999985e-01
4.119999999999999774e-01
4.222000000000000197e-01
4.242000000000000215e-01
4.218000000000000083e-01
4.000000000000000222e-01
4.000000000000000222e-01
3.804000000000000159e-01
3.669999999999999929e-01
3.516000000000000236e-01
3.300000000000000155e-01
3.281999999999999917e-01
3.174000000000000155e-01
3.141999999999999793e-01
2.953999999999999959e-01
2.913999999999999924e-01
2.853999999999999870e-01
2.661999999999999922e-01
2.737999999999999878e-01
2.671999999999999931e-01
2.711999999999999966e-01
2.747999999999999887e-01
2.691999999999999948e-01
2.565999999999999948e-01
2.733999999999999764e-01
2.515999999999999903e-01
2.359999999999999876e-01
2.366000000000000048e-01
2.220000000000000029e-01
2.129999999999999949e-01
1.895999999999999908e-01
1.887999999999999956e-01
1.816000000000000114e-01
1.779999999999999916e-01
1.764000000000000012e-01
1.600000000000000033e-01
1.502000000000000002e-01
1.403999999999999970e-01
1.209999999999999964e-01
1.034000000000000058e-01
8.580000000000000127e-02
7.799999999999999989e-02
9.760000000000000620e-02
8.899999999999999578e-02
9.099999999999999756e-02
9.760000000000000620e-02
1.198000000000000037e-01
1.348000000000000032e-01
1.537999999999999923e-01
1.640000000000000069e-01
1.935999999999999943e-01
2.111999999999999988e-01
2.275999999999999968e-01
2.401999999999999968e-01
2.505999999999999894e-01
2.806000000000000161e-01
2.839999999999999747e-01
3.004000000000000004e-01
3.214000000000000190e-01
3.402000000000000024e-01
3.538000000000000034e-01
3.619999999999999885e-01
3.770000000000000018e-01
4.012000000000000011e-01
3.970000000000000195e-01
4.109999999999999765e-01
4.351999999999999758e-01
4.596000000000000085e-01
4.696000000000000174e-01
4.835999999999999743e-01
4.978000000000000203e-01
5.020000000000000018e-01
4.888000000000000123e-01
4.792000000000000148e-01
4.737999999999999989e-01
4.391999999999999793e-01
4.229999999999999871e-01
4.218000000000000083e-01
4.109999999999999765e-01
3.950000000000000178e-01
3.791999999999999815e-01
3.573999999999999955e-01
3.353999999999999759e-01
3.225999999999999979e-01
2.863999999999999879e-01
2.670000000000000151e-01
2.521999999999999797e-01
2.245999999999999941e-01
2.414000000000000035e-01
2.369999999999999885e-01
2.706000000000000072e-01
2.733999999999999764e-01
2.807999999999999940e-01
2.869999999999999774e-01
3.098000000000000198e-01
3.154000000000000137e-01
3.380000000000000226e-01
3.689999999999999947e-01
3.837999999999999745e-01
3.997999999999999887e-01
3.837999999999999745e-01
4.052000000000000046e-01
3.926000000000000045e-01
4.062000000000000055e-01
3.907999999999999807e-01
3.870000000000000107e-01
3.877999999999999781e-01
3.771999999999999797e-01
3.615999999999999770e-01
3.682000000000000273e-01
3.672000000000000264e-01
3.804000000000000159e-01
3.689999999999999947e-01
3.674000000000000044e-01
3.788000000000000256e-01
3.533999999999999919e-01
3.447999999999999954e-01
3.284000000000000252e-01
3.353999999999999759e-01
3.652000000000000246e-01
3.538000000000000034e-01
3.449999999999999734e-01
3.466000000000000192e-01
3.400000000000000244e-01
3.178000000000000269e-01
3.094000000000000083e-01
3.084000000000000075e-01
3.025999999999999801e-01
3.018000000000000127e-01
2.978000000000000091e-01
2.869999999999999774e-01
3.065999999999999837e-01
3.065999999999999837e-01
3.045999999999999819e-01
