3.734000000000000097e-01
3.835999999999999965e-01
3.824000000000000177e-01
3.688000000000000167e-01
3.509999999999999787e-01
3.185999999999999943e-01
3.035999999999999810e-01
2.952000000000000179e-01
3.062000000000000277e-01
2.736000000000000099e-01
3.078000000000000180e-01
3.140000000000000013e-01
3.794000000000000150e-01
4.083999999999999853e-01
4.571999999999999953e-01
4.819999999999999840e-01
4.908000000000000140e-01
4.729999999999999760e-01
4.697999999999999954e-01
4.606000000000000094e-01
4.547999999999999821e-01
4.623999999999999777e-01
4.789999999999999813e-01
4.613999999999999768e-01
4.516000000000000014e-01
4.355999999999999872e-01
4.510000000000000120e-01
4.232000000000000206e-01
3.997999999999999887e-01
3.593999999999999972e-01
3.194000000000000172e-01
3.336000000000000076e-01
3.341999999999999971e-01
3.264000000000000234e-01
3.044000000000000039e-01
3.231999999999999873e-01
2.982000000000000206e-01
2.859999999999999765e-01
2.617999999999999772e-01
2.283999999999999919e-01
2.595999999999999974e-01
2.548000000000000265e-01
2.770000000000000240e-01
2.998000000000000109e-01
3.304000000000000270e-01
3.466000000000000192e-01
3.207999999999999741e-01
3.098000000000000198e-01
3.074000000000000066e-01
2.972000000000000197e-01
3.254000000000000226e-01
3.131999999999999784e-01
3.224000000000000199e-01
3.225999999999999979e-01
3.382000000000000006e-01
3.579999999999999849e-01
3.857999999999999763e-01
3.778000000000000247e-01
4.002000000000000002e-01
4.043999999999999817e-01
4.047999999999999932e-01
4.062000000000000055e-01
4.016000000000000125e-01
3.820000000000000062e-01
3.980000000000000204e-01
3.871999999999999886e-01
4.006000000000000116e-01
4.022000000000000020e-01
4.583999999999999742e-01
4.798000000000000043e-01
4.868000000000000105e-01
4.733999999999999875e-01
4.526000000000000023e-01
4.089999999999999747e-01
4.431999999999999829e-01
4.388000000000000234e-01
4.375999999999999890e-01
4.368000000000000216e-01
4.577999999999999847e-01
4.743999999999999884e-01
4.865999999999999770e-01
5.023999999999999577e-01
4.680000000000000271e-01
4.587999999999999856e-01
4.209999999999999853e-01
3.997999999999999887e-01
4.109999999999999765e-01
3.947999999999999843e-01
4.072000000000000064e-01
4.282000000000000250e-01
4.199999999999999845e-01
4.536000000000000032e-01
4.686000000000000165e-01
4.687999999999999945e-01
4.660000000000000253e-01
4.919999999999999929e-01
5.006000000000000449e-01
4.959999999999999964e-01
4.839999999999999858e-01
4.756000000000000227e-01
4.371999999999999775e-01
4.020000000000000240e-01
3.800000000000000044e-01
3.735999999999999877e-01
3.701999999999999735e-01
3.810000000000000053e-01
3.850000000000000089e-01
3.770000000000000018e-01
4.138000000000000012e-01
4.309999999999999942e-01
4.455999999999999961e-01
4.501999999999999891e-01
4.719999999999999751e-01
4.859999999999999876e-01
4.868000000000000105e-01
4.682000000000000051e-01
4.243999999999999995e-01
3.850000000000000089e-01
3.931999999999999940e-01
3.731999999999999762e-01
3.417999999999999927e-01
3.121999999999999775e-01
3.074000000000000066e-01
3.343999999999999750e-01
3.619999999999999885e-01
4.060000000000000275e-01
4.264000000000000012e-01
4.504000000000000226e-01
4.471999999999999864e-01
4.437999999999999723e-01
4.368000000000000216e-01
4.284000000000000030e-01
4.411999999999999811e-01
4.642000000000000015e-01
5.096000000000000529e-01
4.935999999999999832e-01
4.696000000000000174e-01
4.855999999999999761e-01
4.662000000000000033e-01
4.517999999999999794e-01
4.541999999999999926e-01
4.621999999999999997e-01
4.480000000000000093e-01
4.494000000000000217e-01
4.516000000000000014e-01
4.557999999999999829e-01
4.358000000000000207e-01
4.573999999999999733e-01
4.487999999999999767e-01
4.517999999999999794e-01
4.541999999999999926e-01
4.626000000000000112e-01
4.657999999999999918e-01
4.630000000000000226e-01
4.400000000000000022e-01
4.435999999999999943e-01
4.410000000000000031e-01
4.258000000000000118e-01
4.491999999999999882e-01
4.345999999999999863e-01
4.501999999999999891e-01
4.583999999999999742e-01
4.560000000000000164e-01
4.577999999999999847e-01
4.577999999999999847e-01
4.689999999999999725e-01
4.630000000000000226e-01
4.772000000000000131e-01
4.815999999999999726e-01
4.944000000000000061e-01
4.954000000000000070e-01
4.802000000000000157e-01
4.455999999999999961e-01
4.381999999999999784e-01
4.335999999999999854e-01
4.408000000000000251e-01
4.053999999999999826e-01
4.249999999999999889e-01
4.119999999999999774e-01
4.238000000000000100e-01
4.166000000000000258e-01
4.213999999999999968e-01
4.315999999999999837e-01
4.319999999999999951e-01
4.299999999999999933e-01
4.401999999999999802e-01
4.464000000000000190e-01
4.663999999999999813e-01
5.018000000000000238e-01
4.719999999999999751e-01
4.471999999999999864e-01
4.461999999999999855e-01
4.424000000000000155e-01
4.540000000000000147e-01
4.590000000000000191e-01
4.707999999999999963e-01
4.802000000000000157e-01
4.984000000000000097e-01
5.006000000000000449e-01
5.000000000000000000e-01
4.806000000000000272e-01
4.497999999999999776e-01
4.672000000000000042e-01
4.663999999999999813e-01
4.656000000000000139e-01
4.749999999999999778e-01
4.855999999999999761e-01
4.758000000000000007e-01
4.640000000000000235e-01
4.642000000000000015e-01
4.630000000000000226e-01
4.611999999999999988e-01
4.786000000000000254e-01
4.954000000000000070e-01
5.008000000000000229e-01
5.041999999999999815e-01
5.001999999999999780e-01
4.908000000000000140e-01
4.799999999999999822e-01
4.759999999999999787e-01
4.828000000000000069e-01
4.796000000000000263e-01
5.050000000000000044e-01
4.905999999999999805e-01
4.693999999999999839e-01
4.390000000000000013e-01
4.249999999999999889e-01
4.017999999999999905e-01
4.132000000000000117e-01
3.724000000000000088e-01
3.735999999999999877e-01
3.672000000000000264e-01
3.542000000000000148e-01
3.271999999999999909e-01
3.371999999999999997e-01
3.158000000000000251e-01
3.261999999999999900e-01
3.297999999999999821e-01
3.363999999999999768e-01
3.472000000000000086e-01
3.476000000000000201e-01
3.695999999999999841e-01
3.704000000000000070e-01
3.699999999999999956e-01
3.831999999999999851e-01
4.132000000000000117e-01
4.026000000000000134e-01
4.299999999999999933e-01
4.225999999999999757e-01
4.258000000000000118e-01
4.355999999999999872e-01
4.546000000000000041e-01
4.364000000000000101e-01
4.534000000000000252e-01
4.656000000000000139e-01
4.759999999999999787e-01
4.829999999999999849e-01
4.838000000000000078e-01
4.621999999999999997e-01
4.716000000000000192e-01
4.878000000000000114e-01
4.902000000000000246e-01
5.060000000000000053e-01
5.200000000000000178e-01
4.928000000000000158e-01
4.766000000000000236e-01
4.766000000000000236e-01
4.517999999999999794e-01
4.537999999999999812e-01
4.435999999999999943e-01
4.461999999999999855e-01
4.193999999999999950e-01
4.036000000000000143e-01
3.719999999999999973e-01
3.894000000000000239e-01
3.675999999999999823e-01
3.771999999999999797e-01
3.674000000000000044e-01
3.791999999999999815e-01
3.669999999999999929e-01
3.538000000000000034e-01
3.542000000000000148e-01
3.353999999999999759e-01
3.231999999999999873e-01
3.250000000000000111e-01
3.456000000000000183e-01
3.442000000000000060e-01
3.748000000000000220e-01
3.800000000000000044e-01
3.956000000000000072e-01
3.834000000000000186e-01
4.391999999999999793e-01
4.239999999999999880e-01
4.329999999999999960e-01
4.424000000000000155e-01
4.375999999999999890e-01
4.159999999999999809e-01
4.245999999999999774e-01
4.321999999999999731e-01
4.162000000000000144e-01
4.006000000000000116e-01
4.020000000000000240e-01
3.967999999999999861e-01
3.669999999999999929e-01
3.393999999999999795e-01
3.227999999999999758e-01
3.367999999999999883e-01
3.327999999999999847e-01
3.160000000000000031e-01
3.148000000000000242e-01
3.215999999999999970e-01
3.353999999999999759e-01
3.608000000000000096e-01
3.976000000000000090e-01
4.461999999999999855e-01
4.534000000000000252e-01
4.808000000000000052e-01
4.879999999999999893e-01
5.023999999999999577e-01
4.712000000000000077e-01
4.636000000000000121e-01
4.544000000000000261e-01
4.215999999999999748e-01
4.132000000000000117e-01
4.331999999999999740e-01
4.500000000000000111e-01
4.606000000000000094e-01
4.842000000000000193e-01
4.657999999999999918e-01
4.955999999999999850e-01
4.904000000000000026e-01
4.868000000000000105e-01
5.038000000000000256e-01
4.941999999999999726e-01
4.815999999999999726e-01
4.776000000000000245e-01
4.918000000000000149e-01
4.882000000000000228e-01
4.723999999999999866e-01
4.729999999999999760e-01
4.677999999999999936e-01
4.928000000000000158e-01
4.813999999999999946e-01
4.932000000000000273e-01
4.989999999999999991e-01
4.908000000000000140e-01
4.969999999999999973e-01
4.925999999999999823e-01
5.020000000000000018e-01
4.915999999999999814e-01
5.090000000000000080e-01
4.961999999999999744e-01
4.842000000000000193e-01
4.743999999999999884e-01
4.451999999999999846e-01
4.435999999999999943e-01
4.475999999999999979e-01
4.309999999999999942e-01
3.937999999999999834e-01
3.847999999999999754e-01
3.784000000000000141e-01
3.791999999999999815e-01
3.602000000000000202e-01
3.341999999999999971e-01
3.459999999999999742e-01
3.340000000000000191e-01
3.366000000000000103e-01
3.168000000000000260e-01
3.413999999999999813e-01
3.701999999999999735e-01
3.857999999999999763e-01
4.178000000000000047e-01
4.319999999999999951e-01
4.467999999999999750e-01
5.063999999999999613e-01
4.369999999999999996e-01
4.022000000000000020e-01
3.701999999999999735e-01
3.503999999999999893e-01
3.221999999999999864e-01
3.151999999999999802e-01
2.800000000000000266e-01
2.291999999999999871e-01
2.114000000000000046e-01
1.781999999999999973e-01
1.350000000000000089e-01
9.959999999999999409e-02
9.439999999999999780e-02
9.400000000000000022e-02
1.239999999999999991e-01
1.255999999999999894e-01
1.209999999999999964e-01
1.477999999999999869e-01
1.844000000000000083e-01
2.636000000000000010e-01
3.144000000000000128e-01
3.373999999999999777e-01
3.509999999999999787e-01
3.734000000000000097e-01
3.568000000000000060e-01
3.489999999999999769e-01
3.659999999999999920e-01
3.337999999999999856e-01
2.886000000000000232e-01
2.540000000000000036e-01
2.074000000000000010e-01
1.623999999999999888e-01
1.323999999999999899e-01
1.032000000000000001e-01
8.359999999999999376e-02
1.008000000000000007e-01
1.368000000000000049e-01
1.729999999999999871e-01
2.086000000000000076e-01
2.368000000000000105e-01
2.449999999999999956e-01
2.849999999999999756e-01
2.807999999999999940e-01
3.170000000000000040e-01
3.452000000000000068e-01
3.619999999999999885e-01
3.439999999999999725e-01
3.287999999999999812e-01
3.280000000000000138e-01
3.291999999999999926e-01
3.168000000000000260e-01
2.585999999999999965e-01
2.404000000000000026e-01
2.762000000000000011e-01
2.846000000000000196e-01
3.443999999999999839e-01
4.138000000000000012e-01
4.686000000000000165e-01
4.929999999999999938e-01
4.782000000000000139e-01
4.712000000000000077e-01
4.560000000000000164e-01
4.460000000000000075e-01
4.428000000000000269e-01
4.534000000000000252e-01
4.591999999999999971e-01
4.924000000000000044e-01
5.013999999999999568e-01
4.924000000000000044e-01
4.556000000000000050e-01
4.334000000000000075e-01
3.612000000000000210e-01
3.619999999999999885e-01
3.795999999999999930e-01
4.729999999999999760e-01
4.491999999999999882e-01
4.418000000000000260e-01
3.920000000000000151e-01
3.582000000000000184e-01
3.366000000000000103e-01
3.207999999999999741e-01
3.049999999999999933e-01
2.929999999999999827e-01
3.301999999999999935e-01
3.386000000000000121e-01
3.629999999999999893e-01
3.855999999999999983e-01
3.855999999999999983e-01
3.645999999999999797e-01
3.758000000000000229e-01
3.612000000000000210e-01
3.694000000000000061e-01
3.810000000000000053e-01
3.456000000000000183e-01
3.691999999999999726e-01
3.761999999999999789e-01
4.112000000000000099e-01
4.050000000000000266e-01
4.153999999999999915e-01
4.168000000000000038e-01
4.050000000000000266e-01
4.325999999999999845e-01
4.550000000000000155e-01
4.959999999999999964e-01
4.636000000000000121e-01
4.699999999999999734e-01
4.672000000000000042e-01
4.577999999999999847e-01
4.613999999999999768e-01
4.369999999999999996e-01
4.272000000000000242e-01
3.446000000000000174e-01
3.078000000000000180e-01
2.637999999999999790e-01
2.394000000000000017e-01
2.104000000000000037e-01
1.660000000000000087e-01
1.338000000000000023e-01
1.342000000000000137e-01
1.272000000000000075e-01
1.223999999999999949e-01
1.403999999999999970e-01
1.471999999999999975e-01
1.781999999999999973e-01
2.409999999999999920e-01
2.869999999999999774e-01
3.582000000000000184e-01
4.102000000000000091e-01
4.556000000000000050e-01
4.808000000000000052e-01
4.842000000000000193e-01
4.823999999999999955e-01
4.955999999999999850e-01
4.848000000000000087e-01
4.793999999999999928e-01
4.626000000000000112e-01
4.550000000000000155e-01
4.285999999999999810e-01
3.871999999999999886e-01
3.632000000000000228e-01
3.386000000000000121e-01
3.038000000000000145e-01
2.782000000000000028e-01
3.004000000000000004e-01
2.859999999999999765e-01
2.757999999999999896e-01
3.022000000000000242e-01
3.094000000000000083e-01
3.321999999999999953e-01
3.708000000000000185e-01
3.623999999999999999e-01
3.801999999999999824e-01
4.023999999999999799e-01
4.176000000000000267e-01
4.036000000000000143e-01
3.971999999999999975e-01
3.887999999999999790e-01
3.698000000000000176e-01
3.790000000000000036e-01
3.904000000000000248e-01
3.850000000000000089e-01
3.890000000000000124e-01
3.748000000000000220e-01
3.682000000000000273e-01
3.705999999999999850e-01
3.704000000000000070e-01
3.876000000000000001e-01
3.870000000000000107e-01
3.800000000000000044e-01
3.565999999999999726e-01
3.642000000000000237e-01
3.714000000000000079e-01
3.748000000000000220e-01
3.967999999999999861e-01
3.904000000000000248e-01
3.764000000000000123e-01
3.658000000000000140e-01
3.644000000000000017e-01
3.721999999999999753e-01
3.436000000000000165e-01
3.377999999999999892e-01
3.430000000000000271e-01
3.695999999999999841e-01
3.679999999999999938e-01
3.655999999999999805e-01
3.623999999999999999e-01
3.771999999999999797e-01
3.907999999999999807e-01
3.664000000000000035e-01
3.593999999999999972e-01
3.536000000000000254e-01
3.691999999999999726e-01
3.301999999999999935e-01
3.194000000000000172e-01
3.187999999999999723e-01
3.306000000000000050e-01
3.698000000000000176e-01
3.911999999999999922e-01
4.149999999999999800e-01
4.087999999999999967e-01
4.113999999999999879e-01
4.222000000000000197e-01
4.249999999999999889e-01
4.742000000000000104e-01
4.400000000000000022e-01
3.887999999999999790e-01
3.377999999999999892e-01
2.321999999999999897e-01
1.179999999999999938e-01
1.355999999999999983e-01
1.711999999999999911e-01
1.845999999999999863e-01
1.990000000000000102e-01
2.197999999999999954e-01
2.646000000000000019e-01
3.205999999999999961e-01
3.452000000000000068e-01
3.479999999999999760e-01
3.850000000000000089e-01
4.491999999999999882e-01
5.026000000000000467e-01
4.667999999999999927e-01
4.460000000000000075e-01
4.405999999999999917e-01
4.365999999999999881e-01
4.391999999999999793e-01
4.527999999999999803e-01
4.709999999999999742e-01
4.706000000000000183e-01
4.597999999999999865e-01
4.524000000000000243e-01
4.275999999999999801e-01
3.798000000000000265e-01
3.406000000000000139e-01
2.706000000000000072e-01
1.477999999999999869e-01
8.100000000000000255e-02
8.899999999999999578e-02
1.383999999999999952e-01
2.225999999999999923e-01
2.696000000000000063e-01
3.483999999999999875e-01
3.854000000000000203e-01
4.067999999999999949e-01
4.464000000000000190e-01
4.689999999999999725e-01
4.802000000000000157e-01
4.919999999999999929e-01
4.732000000000000095e-01
4.758000000000000007e-01
4.709999999999999742e-01
4.380000000000000004e-01
4.169999999999999818e-01
4.252000000000000224e-01
4.033999999999999808e-01
3.446000000000000174e-01
3.171999999999999820e-01
2.933999999999999941e-01
2.700000000000000178e-01
2.657999999999999807e-01
2.993999999999999995e-01
3.118000000000000216e-01
3.522000000000000131e-01
3.911999999999999922e-01
3.943999999999999728e-01
4.076000000000000179e-01
4.408000000000000251e-01
4.092000000000000082e-01
4.238000000000000100e-01
4.278000000000000136e-01
4.334000000000000075e-01
4.563999999999999724e-01
4.796000000000000263e-01
4.914000000000000035e-01
4.623999999999999777e-01
4.398000000000000242e-01
4.042000000000000037e-01
4.116000000000000214e-01
3.987999999999999878e-01
3.659999999999999920e-01
3.446000000000000174e-01
3.164000000000000146e-01
3.160000000000000031e-01
3.088000000000000189e-01
3.300000000000000155e-01
3.357999999999999874e-01
3.467999999999999972e-01
3.513999999999999901e-01
3.578000000000000069e-01
3.634000000000000008e-01
3.538000000000000034e-01
3.195999999999999952e-01
3.079999999999999960e-01
2.800000000000000266e-01
2.664000000000000257e-01
2.641999999999999904e-01
2.736000000000000099e-01
2.667999999999999816e-01
2.686000000000000054e-01
2.862000000000000099e-01
2.538000000000000256e-01
2.114000000000000046e-01
1.517999999999999905e-01
1.127999999999999975e-01
6.300000000000000044e-02
4.760000000000000342e-02
5.539999999999999786e-02
7.779999999999999416e-02
9.479999999999999538e-02
7.000000000000000666e-02
6.119999999999999746e-02
4.599999999999999922e-02
5.099999999999999672e-02
2.860000000000000042e-02
1.919999999999999832e-02
1.080000000000000057e-02
1.000000000000000021e-02
1.820000000000000090e-02
1.779999999999999985e-02
1.760000000000000106e-02
3.640000000000000180e-02
9.579999999999999627e-02
1.393999999999999961e-01
1.952000000000000124e-01
2.247999999999999998e-01
3.187999999999999723e-01
3.917999999999999816e-01
4.687999999999999945e-01
4.959999999999999964e-01
4.828000000000000069e-01
4.541999999999999926e-01
4.265999999999999792e-01
3.729999999999999982e-01
3.347999999999999865e-01
3.380000000000000226e-01
3.701999999999999735e-01
3.986000000000000099e-01
4.010000000000000231e-01
4.470000000000000084e-01
3.280000000000000138e-01
2.436000000000000110e-01
1.983999999999999930e-01
1.872000000000000053e-01
2.061999999999999944e-01
1.864000000000000101e-01
1.902000000000000079e-01
2.036000000000000032e-01
1.829999999999999960e-01
2.086000000000000076e-01
2.723999999999999755e-01
3.502000000000000113e-01
4.036000000000000143e-01
4.768000000000000016e-01
4.517999999999999794e-01
4.057999999999999940e-01
3.619999999999999885e-01
3.307999999999999829e-01
3.380000000000000226e-01
3.323999999999999733e-01
3.871999999999999886e-01
4.269999999999999907e-01
4.902000000000000246e-01
4.759999999999999787e-01
4.272000000000000242e-01
4.321999999999999731e-01
4.163999999999999924e-01
4.193999999999999950e-01
4.264000000000000012e-01
3.810000000000000053e-01
3.264000000000000234e-01
3.231999999999999873e-01
3.084000000000000075e-01
2.667999999999999816e-01
2.295999999999999985e-01
2.270000000000000073e-01
2.620000000000000107e-01
3.487999999999999989e-01
4.611999999999999988e-01
4.892000000000000237e-01
3.830000000000000071e-01
2.750000000000000222e-01
2.232000000000000095e-01
1.809999999999999942e-01
2.097999999999999865e-01
2.737999999999999878e-01
3.155999999999999917e-01
3.397999999999999909e-01
3.573999999999999955e-01
3.990000000000000213e-01
4.213999999999999968e-01
4.349999999999999978e-01
4.610000000000000209e-01
4.682000000000000051e-01
4.793999999999999928e-01
4.683999999999999830e-01
4.324000000000000066e-01
4.136000000000000232e-01
3.907999999999999807e-01
3.970000000000000195e-01
3.906000000000000028e-01
4.057999999999999940e-01
3.946000000000000063e-01
4.046000000000000152e-01
3.864000000000000212e-01
4.092000000000000082e-01
4.182000000000000162e-01
4.400000000000000022e-01
4.511999999999999900e-01
4.454000000000000181e-01
4.657999999999999918e-01
4.842000000000000193e-01
4.799999999999999822e-01
4.855999999999999761e-01
4.934000000000000052e-01
4.908000000000000140e-01
5.033999999999999586e-01
4.944000000000000061e-01
4.909999999999999920e-01
4.879999999999999893e-01
4.948000000000000176e-01
4.878000000000000114e-01
4.959999999999999964e-01
4.872000000000000219e-01
4.928000000000000158e-01
4.912000000000000255e-01
4.889999999999999902e-01
4.633999999999999786e-01
4.324000000000000066e-01
4.079999999999999738e-01
3.662000000000000255e-01
3.211999999999999855e-01
3.085999999999999854e-01
2.913999999999999924e-01
3.091999999999999749e-01
3.151999999999999802e-01
3.104000000000000092e-01
3.164000000000000146e-01
2.949999999999999845e-01
2.889999999999999791e-01
3.074000000000000066e-01
2.892000000000000126e-01
3.008000000000000118e-01
2.988000000000000100e-01
2.913999999999999924e-01
2.916000000000000258e-01
2.846000000000000196e-01
2.979999999999999871e-01
2.777999999999999914e-01
2.827999999999999958e-01
2.773999999999999799e-01
2.975999999999999757e-01
3.071999999999999731e-01
3.074000000000000066e-01
3.317999999999999838e-01
3.857999999999999763e-01
4.097999999999999976e-01
4.563999999999999724e-01
4.689999999999999725e-01
4.991999999999999771e-01
4.630000000000000226e-01
4.259999999999999898e-01
4.099999999999999756e-01
4.086000000000000187e-01
4.132000000000000117e-01
4.315999999999999837e-01
4.319999999999999951e-01
4.451999999999999846e-01
4.494000000000000217e-01
4.491999999999999882e-01
4.467999999999999750e-01
4.189999999999999836e-01
4.072000000000000064e-01
4.228000000000000091e-01
4.232000000000000206e-01
4.122000000000000108e-01
4.349999999999999978e-01
