4.450000000000000067e-01
4.633999999999999786e-01
4.408000000000000251e-01
4.275999999999999801e-01
4.428000000000000269e-01
4.358000000000000207e-01
4.398000000000000242e-01
4.506000000000000005e-01
4.455999999999999961e-01
4.388000000000000234e-01
4.404000000000000137e-01
4.662000000000000033e-01
4.702000000000000068e-01
4.935999999999999832e-01
4.245999999999999774e-01
3.689999999999999947e-01
3.665999999999999814e-01
3.518000000000000016e-01
3.321999999999999953e-01
3.337999999999999856e-01
3.294000000000000261e-01
3.340000000000000191e-01
3.109999999999999987e-01
2.862000000000000099e-01
2.518000000000000238e-01
2.477999999999999925e-01
2.607999999999999763e-01
3.211999999999999855e-01
3.361999999999999988e-01
3.741999999999999771e-01
4.143999999999999906e-01
4.571999999999999953e-01
4.566000000000000059e-01
4.149999999999999800e-01
3.890000000000000124e-01
3.357999999999999874e-01
3.227999999999999758e-01
3.109999999999999987e-01
3.353999999999999759e-01
3.543999999999999928e-01
3.548000000000000043e-01
3.906000000000000028e-01
4.278000000000000136e-01
4.444000000000000172e-01
4.637999999999999901e-01
4.547999999999999821e-01
4.497999999999999776e-01
4.551999999999999935e-01
4.643999999999999795e-01
4.995999999999999885e-01
4.859999999999999876e-01
4.902000000000000246e-01
4.941999999999999726e-01
4.932000000000000273e-01
4.914000000000000035e-01
4.768000000000000016e-01
4.879999999999999893e-01
4.802000000000000157e-01
4.284000000000000030e-01
4.162000000000000144e-01
3.910000000000000142e-01
3.708000000000000185e-01
3.443999999999999839e-01
3.170000000000000040e-01
2.936000000000000276e-01
3.217999999999999750e-01
3.729999999999999982e-01
4.302000000000000268e-01
4.259999999999999898e-01
4.511999999999999900e-01
4.547999999999999821e-01
4.872000000000000219e-01
4.531999999999999917e-01
4.632000000000000006e-01
4.722000000000000086e-01
4.617999999999999883e-01
4.768000000000000016e-01
4.571999999999999953e-01
4.905999999999999805e-01
4.929999999999999938e-01
4.789999999999999813e-01
4.576000000000000068e-01
4.566000000000000059e-01
4.249999999999999889e-01
4.265999999999999792e-01
4.162000000000000144e-01
4.319999999999999951e-01
4.292000000000000259e-01
4.148000000000000020e-01
4.176000000000000267e-01
4.089999999999999747e-01
4.374000000000000110e-01
4.457999999999999741e-01
4.663999999999999813e-01
4.894000000000000017e-01
4.299999999999999933e-01
4.339999999999999969e-01
5.051999999999999824e-01
4.723999999999999866e-01
4.321999999999999731e-01
4.056000000000000161e-01
3.750000000000000000e-01
3.678000000000000158e-01
3.739999999999999991e-01
3.991999999999999993e-01
4.063999999999999835e-01
3.934000000000000274e-01
4.258000000000000118e-01
4.531999999999999917e-01
4.732000000000000095e-01
4.040000000000000258e-01
3.300000000000000155e-01
3.645999999999999797e-01
3.715999999999999859e-01
3.731999999999999762e-01
3.880000000000000115e-01
4.839999999999999858e-01
4.663999999999999813e-01
4.500000000000000111e-01
4.863999999999999990e-01
4.802000000000000157e-01
3.827999999999999736e-01
2.979999999999999871e-01
2.827999999999999958e-01
2.982000000000000206e-01
2.999999999999999889e-01
2.837999999999999967e-01
3.145999999999999908e-01
3.704000000000000070e-01
3.469999999999999751e-01
3.417999999999999927e-01
3.297999999999999821e-01
3.632000000000000228e-01
3.865999999999999992e-01
4.149999999999999800e-01
4.062000000000000055e-01
3.907999999999999807e-01
3.844000000000000195e-01
3.927999999999999825e-01
3.623999999999999999e-01
3.675999999999999823e-01
3.897999999999999798e-01
3.771999999999999797e-01
4.072000000000000064e-01
4.189999999999999836e-01
4.441999999999999837e-01
4.657999999999999918e-01
4.687999999999999945e-01
4.670000000000000262e-01
4.853999999999999981e-01
4.935999999999999832e-01
4.737999999999999989e-01
4.853999999999999981e-01
4.938000000000000167e-01
4.823999999999999955e-01
4.583999999999999742e-01
4.617999999999999883e-01
4.647999999999999909e-01
4.626000000000000112e-01
4.437999999999999723e-01
4.339999999999999969e-01
4.238000000000000100e-01
4.113999999999999879e-01
4.096000000000000196e-01
4.162000000000000144e-01
4.349999999999999978e-01
4.434000000000000163e-01
4.348000000000000198e-01
4.385999999999999899e-01
4.299999999999999933e-01
4.431999999999999829e-01
4.610000000000000209e-01
4.560000000000000164e-01
4.835999999999999743e-01
4.899999999999999911e-01
4.815999999999999726e-01
4.823999999999999955e-01
4.914000000000000035e-01
4.839999999999999858e-01
4.908000000000000140e-01
4.747999999999999998e-01
4.707999999999999963e-01
4.806000000000000272e-01
4.611999999999999988e-01
4.778000000000000025e-01
4.808000000000000052e-01
4.929999999999999938e-01
4.818000000000000060e-01
4.517999999999999794e-01
4.591999999999999971e-01
4.418000000000000260e-01
4.272000000000000242e-01
3.980000000000000204e-01
3.674000000000000044e-01
3.413999999999999813e-01
3.224000000000000199e-01
2.982000000000000206e-01
2.995999999999999774e-01
2.604000000000000203e-01
2.684000000000000274e-01
2.786000000000000143e-01
2.634000000000000230e-01
2.561999999999999833e-01
2.610000000000000098e-01
2.565999999999999948e-01
2.988000000000000100e-01
3.337999999999999856e-01
3.615999999999999770e-01
4.156000000000000250e-01
4.242000000000000215e-01
4.450000000000000067e-01
4.727999999999999980e-01
4.768000000000000016e-01
4.737999999999999989e-01
4.524000000000000243e-01
4.043999999999999817e-01
3.857999999999999763e-01
3.684000000000000052e-01
3.416000000000000147e-01
3.420000000000000262e-01
3.377999999999999892e-01
3.443999999999999839e-01
3.518000000000000016e-01
3.201999999999999846e-01
2.893999999999999906e-01
2.419999999999999929e-01
2.384000000000000008e-01
2.195999999999999897e-01
2.159999999999999976e-01
2.058000000000000107e-01
2.265999999999999959e-01
2.561999999999999833e-01
2.833999999999999853e-01
3.251999999999999891e-01
3.513999999999999901e-01
3.744000000000000106e-01
4.117999999999999994e-01
3.886000000000000010e-01
4.087999999999999967e-01
4.087999999999999967e-01
4.205999999999999739e-01
4.126000000000000223e-01
4.023999999999999799e-01
3.579999999999999849e-01
3.185999999999999943e-01
2.812000000000000055e-01
2.866000000000000214e-01
2.772000000000000020e-01
2.677999999999999825e-01
2.963999999999999968e-01
3.074000000000000066e-01
3.098000000000000198e-01
2.945999999999999730e-01
2.580000000000000071e-01
2.457999999999999907e-01
2.591999999999999860e-01
2.457999999999999907e-01
2.384000000000000008e-01
2.584000000000000186e-01
2.812000000000000055e-01
3.287999999999999812e-01
3.356000000000000094e-01
3.168000000000000260e-01
3.059999999999999942e-01
2.878000000000000003e-01
2.654000000000000248e-01
2.740000000000000213e-01
2.999999999999999889e-01
2.949999999999999845e-01
3.095999999999999863e-01
2.953999999999999959e-01
2.796000000000000152e-01
2.916000000000000258e-01
2.896000000000000241e-01
2.965999999999999748e-01
2.939999999999999836e-01
3.054000000000000048e-01
3.363999999999999768e-01
3.625999999999999779e-01
3.585999999999999743e-01
3.790000000000000036e-01
3.750000000000000000e-01
3.754000000000000115e-01
3.961999999999999966e-01
3.758000000000000229e-01
3.623999999999999999e-01
3.804000000000000159e-01
4.149999999999999800e-01
4.304000000000000048e-01
4.420000000000000040e-01
4.349999999999999978e-01
4.487999999999999767e-01
4.753999999999999893e-01
4.919999999999999929e-01
5.063999999999999613e-01
4.918000000000000149e-01
4.833999999999999964e-01
4.894000000000000017e-01
4.418000000000000260e-01
4.358000000000000207e-01
4.189999999999999836e-01
4.259999999999999898e-01
4.063999999999999835e-01
4.093999999999999861e-01
4.424000000000000155e-01
4.487999999999999767e-01
4.380000000000000004e-01
4.440000000000000058e-01
4.520000000000000129e-01
4.484000000000000208e-01
4.359999999999999987e-01
4.467999999999999750e-01
4.464000000000000190e-01
4.321999999999999731e-01
4.228000000000000091e-01
4.158000000000000029e-01
4.107999999999999985e-01
4.013999999999999790e-01
3.845999999999999974e-01
3.679999999999999938e-01
3.383999999999999786e-01
3.035999999999999810e-01
2.839999999999999747e-01
2.610000000000000098e-01
2.627999999999999781e-01
2.492000000000000048e-01
2.657999999999999807e-01
3.220000000000000084e-01
3.168000000000000260e-01
3.180000000000000049e-01
3.108000000000000207e-01
2.899999999999999800e-01
3.038000000000000145e-01
2.607999999999999763e-01
2.243999999999999884e-01
1.874000000000000110e-01
1.917999999999999983e-01
2.459999999999999964e-01
3.054000000000000048e-01
3.605999999999999761e-01
4.223999999999999977e-01
4.601999999999999980e-01
4.818000000000000060e-01
4.302000000000000268e-01
3.993999999999999773e-01
4.007999999999999896e-01
3.844000000000000195e-01
3.613999999999999990e-01
3.403999999999999804e-01
3.256000000000000005e-01
2.902000000000000135e-01
2.733999999999999764e-01
2.544000000000000150e-01
2.165999999999999870e-01
1.877999999999999947e-01
2.036000000000000032e-01
1.726000000000000034e-01
1.837999999999999912e-01
2.036000000000000032e-01
1.915999999999999925e-01
2.177999999999999936e-01
2.237999999999999989e-01
2.570000000000000062e-01
2.846000000000000196e-01
3.055999999999999828e-01
2.955999999999999739e-01
3.234000000000000208e-01
3.217999999999999750e-01
3.240000000000000102e-01
3.250000000000000111e-01
3.546000000000000263e-01
3.750000000000000000e-01
4.315999999999999837e-01
4.461999999999999855e-01
4.796000000000000263e-01
5.008000000000000229e-01
4.894000000000000017e-01
4.823999999999999955e-01
4.746000000000000218e-01
4.853999999999999981e-01
4.959999999999999964e-01
4.758000000000000007e-01
4.798000000000000043e-01
4.786000000000000254e-01
4.737999999999999989e-01
4.792000000000000148e-01
4.825999999999999734e-01
4.832000000000000184e-01
4.969999999999999973e-01
5.081999999999999851e-01
4.823999999999999955e-01
4.838000000000000078e-01
4.447999999999999732e-01
4.279999999999999916e-01
4.026000000000000134e-01
3.668000000000000149e-01
3.185999999999999943e-01
2.919999999999999818e-01
2.752000000000000002e-01
2.717999999999999861e-01
2.727999999999999869e-01
2.604000000000000203e-01
2.676000000000000045e-01
2.939999999999999836e-01
3.261999999999999900e-01
3.291999999999999926e-01
3.516000000000000236e-01
3.708000000000000185e-01
3.937999999999999834e-01
3.805999999999999939e-01
3.798000000000000265e-01
3.865999999999999992e-01
3.926000000000000045e-01
4.073999999999999844e-01
4.355999999999999872e-01
4.344000000000000083e-01
4.361999999999999766e-01
4.657999999999999918e-01
4.643999999999999795e-01
4.666000000000000147e-01
4.859999999999999876e-01
4.829999999999999849e-01
4.822000000000000175e-01
4.815999999999999726e-01
4.945999999999999841e-01
4.747999999999999998e-01
4.551999999999999935e-01
4.390000000000000013e-01
4.355999999999999872e-01
4.437999999999999723e-01
4.398000000000000242e-01
4.580000000000000182e-01
4.822000000000000175e-01
4.808000000000000052e-01
4.636000000000000121e-01
4.242000000000000215e-01
4.295999999999999819e-01
3.768000000000000238e-01
3.400000000000000244e-01
2.903999999999999915e-01
2.411999999999999977e-01
2.898000000000000020e-01
3.064000000000000057e-01
3.377999999999999892e-01
3.739999999999999991e-01
4.159999999999999809e-01
4.424000000000000155e-01
4.653999999999999804e-01
4.676000000000000156e-01
4.298000000000000154e-01
4.424000000000000155e-01
4.265999999999999792e-01
4.662000000000000033e-01
4.547999999999999821e-01
4.776000000000000245e-01
4.719999999999999751e-01
4.421999999999999820e-01
3.876000000000000001e-01
3.844000000000000195e-01
3.860000000000000098e-01
3.817999999999999727e-01
3.917999999999999816e-01
4.083999999999999853e-01
3.775999999999999912e-01
3.894000000000000239e-01
3.990000000000000213e-01
3.764000000000000123e-01
3.821999999999999842e-01
3.559999999999999831e-01
3.563999999999999946e-01
3.496000000000000218e-01
3.466000000000000192e-01
3.400000000000000244e-01
3.250000000000000111e-01
2.819999999999999729e-01
2.605999999999999983e-01
2.328000000000000069e-01
2.157999999999999918e-01
2.255999999999999950e-01
2.381999999999999951e-01
2.278000000000000025e-01
2.384000000000000008e-01
2.650000000000000133e-01
2.671999999999999931e-01
2.436000000000000110e-01
2.406000000000000083e-01
2.127999999999999892e-01
2.247999999999999998e-01
2.149999999999999967e-01
1.980000000000000093e-01
1.925999999999999934e-01
2.096000000000000085e-01
2.379999999999999893e-01
2.474000000000000088e-01
2.580000000000000071e-01
2.424000000000000044e-01
2.524000000000000132e-01
2.720000000000000195e-01
2.888000000000000012e-01
2.810000000000000275e-01
3.135999999999999899e-01
3.115999999999999881e-01
3.393999999999999795e-01
3.492000000000000104e-01
3.940000000000000169e-01
4.123999999999999888e-01
4.324000000000000066e-01
4.218000000000000083e-01
4.116000000000000214e-01
3.645999999999999797e-01
3.432000000000000051e-01
3.512000000000000122e-01
3.294000000000000261e-01
3.523999999999999910e-01
3.598000000000000087e-01
3.924000000000000266e-01
4.208000000000000074e-01
4.510000000000000120e-01
4.096000000000000196e-01
4.597999999999999865e-01
4.637999999999999901e-01
4.863999999999999990e-01
4.928000000000000158e-01
4.736000000000000210e-01
4.384000000000000119e-01
4.507999999999999785e-01
4.783999999999999919e-01
4.768000000000000016e-01
5.006000000000000449e-01
4.955999999999999850e-01
4.547999999999999821e-01
4.601999999999999980e-01
4.093999999999999861e-01
3.967999999999999861e-01
3.957999999999999852e-01
3.824000000000000177e-01
3.356000000000000094e-01
2.889999999999999791e-01
3.049999999999999933e-01
2.979999999999999871e-01
2.740000000000000213e-01
2.492000000000000048e-01
2.146000000000000130e-01
1.890000000000000013e-01
1.584000000000000130e-01
1.653999999999999915e-01
1.691999999999999893e-01
1.874000000000000110e-01
1.915999999999999925e-01
1.971999999999999864e-01
1.764000000000000012e-01
1.945999999999999952e-01
1.923999999999999877e-01
2.164000000000000090e-01
2.341999999999999915e-01
2.541999999999999815e-01
2.832000000000000073e-01
3.098000000000000198e-01
3.486000000000000210e-01
3.644000000000000017e-01
3.804000000000000159e-01
3.810000000000000053e-01
4.000000000000000222e-01
4.222000000000000197e-01
4.156000000000000250e-01
4.384000000000000119e-01
4.225999999999999757e-01
3.981999999999999984e-01
3.851999999999999869e-01
3.864000000000000212e-01
3.844000000000000195e-01
4.010000000000000231e-01
4.394000000000000128e-01
4.435999999999999943e-01
5.011999999999999789e-01
4.888000000000000123e-01
4.989999999999999991e-01
4.939999999999999947e-01
4.823999999999999955e-01
4.580000000000000182e-01
4.133999999999999897e-01
3.306000000000000050e-01
2.790000000000000258e-01
2.740000000000000213e-01
2.720000000000000195e-01
2.717999999999999861e-01
2.700000000000000178e-01
2.929999999999999827e-01
3.266000000000000014e-01
3.432000000000000051e-01
3.439999999999999725e-01
3.049999999999999933e-01
2.883999999999999897e-01
3.005999999999999783e-01
3.145999999999999908e-01
2.906000000000000250e-01
2.644000000000000239e-01
3.002000000000000224e-01
3.423999999999999821e-01
3.330000000000000182e-01
3.336000000000000076e-01
3.754000000000000115e-01
4.020000000000000240e-01
4.169999999999999818e-01
4.524000000000000243e-01
4.626000000000000112e-01
4.796000000000000263e-01
5.021999999999999797e-01
4.706000000000000183e-01
4.510000000000000120e-01
4.762000000000000122e-01
4.633999999999999786e-01
4.315999999999999837e-01
4.467999999999999750e-01
4.405999999999999917e-01
4.467999999999999750e-01
4.531999999999999917e-01
4.258000000000000118e-01
4.139999999999999791e-01
3.981999999999999984e-01
3.648000000000000131e-01
3.639999999999999902e-01
3.436000000000000165e-01
3.264000000000000234e-01
3.171999999999999820e-01
2.962000000000000188e-01
2.958000000000000074e-01
3.170000000000000040e-01
3.270000000000000129e-01
3.205999999999999961e-01
3.281999999999999917e-01
3.711999999999999744e-01
3.337999999999999856e-01
3.810000000000000053e-01
3.851999999999999869e-01
4.198000000000000065e-01
3.967999999999999861e-01
3.957999999999999852e-01
4.047999999999999932e-01
3.987999999999999878e-01
4.268000000000000127e-01
4.076000000000000179e-01
4.047999999999999932e-01
4.016000000000000125e-01
3.865999999999999992e-01
3.615999999999999770e-01
3.350000000000000200e-01
3.392000000000000015e-01
3.094000000000000083e-01
2.846000000000000196e-01
2.666000000000000036e-01
2.439999999999999947e-01
2.570000000000000062e-01
2.394000000000000017e-01
2.456000000000000127e-01
2.534000000000000141e-01
2.165999999999999870e-01
2.114000000000000046e-01
1.935999999999999943e-01
1.962000000000000133e-01
1.894000000000000128e-01
2.058000000000000107e-01
2.235999999999999932e-01
2.154000000000000081e-01
1.995999999999999996e-01
2.109999999999999931e-01
2.386000000000000065e-01
2.584000000000000186e-01
2.973999999999999977e-01
3.331999999999999962e-01
3.503999999999999893e-01
3.758000000000000229e-01
3.691999999999999726e-01
3.926000000000000045e-01
4.016000000000000125e-01
4.477999999999999758e-01
4.773999999999999910e-01
4.845999999999999752e-01
4.884000000000000008e-01
4.726000000000000201e-01
4.596000000000000085e-01
4.292000000000000259e-01
4.630000000000000226e-01
4.739999999999999769e-01
5.030000000000000027e-01
4.511999999999999900e-01
4.252000000000000224e-01
4.067999999999999949e-01
3.728000000000000203e-01
3.422000000000000042e-01
3.506000000000000227e-01
3.234000000000000208e-01
3.340000000000000191e-01
3.005999999999999783e-01
3.064000000000000057e-01
2.988000000000000100e-01
3.432000000000000051e-01
3.936000000000000054e-01
4.485999999999999988e-01
4.461999999999999855e-01
4.232000000000000206e-01
4.495999999999999996e-01
4.341999999999999749e-01
4.667999999999999927e-01
4.855999999999999761e-01
5.000000000000000000e-01
4.894000000000000017e-01
4.833999999999999964e-01
4.440000000000000058e-01
4.205999999999999739e-01
4.076000000000000179e-01
3.910000000000000142e-01
3.708000000000000185e-01
3.738000000000000211e-01
3.871999999999999886e-01
3.864000000000000212e-01
4.215999999999999748e-01
4.225999999999999757e-01
4.445999999999999952e-01
4.853999999999999981e-01
4.092000000000000082e-01
3.164000000000000146e-01
2.813999999999999835e-01
2.836000000000000187e-01
3.294000000000000261e-01
3.880000000000000115e-01
4.633999999999999786e-01
4.656000000000000139e-01
4.697999999999999954e-01
4.371999999999999775e-01
4.007999999999999896e-01
3.741999999999999771e-01
3.855999999999999983e-01
4.590000000000000191e-01
4.815999999999999726e-01
4.079999999999999738e-01
3.719999999999999973e-01
3.719999999999999973e-01
3.887999999999999790e-01
4.329999999999999960e-01
4.268000000000000127e-01
4.083999999999999853e-01
4.032000000000000028e-01
3.937999999999999834e-01
4.193999999999999950e-01
4.334000000000000075e-01
4.607999999999999874e-01
4.567999999999999838e-01
4.600000000000000200e-01
4.073999999999999844e-01
3.950000000000000178e-01
4.047999999999999932e-01
4.319999999999999951e-01
4.238000000000000100e-01
4.159999999999999809e-01
3.957999999999999852e-01
3.711999999999999744e-01
3.266000000000000014e-01
3.059999999999999942e-01
2.485999999999999877e-01
2.379999999999999893e-01
2.081999999999999962e-01
1.827999999999999903e-01
1.842000000000000026e-01
2.172000000000000042e-01
3.002000000000000224e-01
3.506000000000000227e-01
4.223999999999999977e-01
4.723999999999999866e-01
4.699999999999999734e-01
4.487999999999999767e-01
4.606000000000000094e-01
4.621999999999999997e-01
4.561999999999999944e-01
4.444000000000000172e-01
4.912000000000000255e-01
4.809999999999999831e-01
4.742000000000000104e-01
4.556000000000000050e-01
4.445999999999999952e-01
4.308000000000000163e-01
3.439999999999999725e-01
2.723999999999999755e-01
2.597999999999999754e-01
2.381999999999999951e-01
2.215999999999999914e-01
2.053999999999999992e-01
1.882000000000000062e-01
1.960000000000000075e-01
1.691999999999999893e-01
2.008000000000000063e-01
2.144000000000000072e-01
2.640000000000000124e-01
2.859999999999999765e-01
3.201999999999999846e-01
3.602000000000000202e-01
4.010000000000000231e-01
4.494000000000000217e-01
4.752000000000000113e-01
4.686000000000000165e-01
4.299999999999999933e-01
4.275999999999999801e-01
3.761999999999999789e-01
3.363999999999999768e-01
3.572000000000000175e-01
3.668000000000000149e-01
3.654000000000000026e-01
3.543999999999999928e-01
3.847999999999999754e-01
3.768000000000000238e-01
3.684000000000000052e-01
3.674000000000000044e-01
3.761999999999999789e-01
3.569999999999999840e-01
3.593999999999999972e-01
3.907999999999999807e-01
3.765999999999999903e-01
3.599999999999999867e-01
3.711999999999999744e-01
3.496000000000000218e-01
3.346000000000000085e-01
3.101999999999999758e-01
2.812000000000000055e-01
2.707999999999999852e-01
2.766000000000000125e-01
2.777999999999999914e-01
2.942000000000000171e-01
3.104000000000000092e-01
3.367999999999999883e-01
3.457999999999999963e-01
3.396000000000000130e-01
3.668000000000000149e-01
3.850000000000000089e-01
4.067999999999999949e-01
4.248000000000000109e-01
4.408000000000000251e-01
4.766000000000000236e-01
4.853999999999999981e-01
4.776000000000000245e-01
4.474000000000000199e-01
4.394000000000000128e-01
4.262000000000000233e-01
4.198000000000000065e-01
4.186000000000000276e-01
4.128000000000000003e-01
4.129999999999999782e-01
4.349999999999999978e-01
4.556000000000000050e-01
4.650000000000000244e-01
4.577999999999999847e-01
4.929999999999999938e-01
