3.502000000000000113e-01
3.442000000000000060e-01
3.320000000000000173e-01
3.486000000000000210e-01
3.291999999999999926e-01
3.403999999999999804e-01
3.195999999999999952e-01
3.105999999999999872e-01
3.194000000000000172e-01
3.150000000000000022e-01
3.134000000000000119e-01
2.898000000000000020e-01
2.943999999999999950e-01
2.933999999999999941e-01
2.757999999999999896e-01
2.796000000000000152e-01
2.919999999999999818e-01
2.896000000000000241e-01
2.707999999999999852e-01
2.847999999999999976e-01
2.797999999999999932e-01
2.800000000000000266e-01
2.716000000000000081e-01
2.720000000000000195e-01
2.723999999999999755e-01
2.736000000000000099e-01
2.687999999999999834e-01
2.792000000000000037e-01
2.863999999999999879e-01
2.776000000000000134e-01
2.646000000000000019e-01
2.666000000000000036e-01
2.615999999999999992e-01
2.726000000000000090e-01
2.909999999999999809e-01
2.959999999999999853e-01
3.028000000000000136e-01
3.230000000000000093e-01
3.333999999999999742e-01
3.373999999999999777e-01
3.456000000000000183e-01
3.588000000000000078e-01
3.588000000000000078e-01
3.572000000000000175e-01
3.642000000000000237e-01
3.583999999999999964e-01
3.410000000000000253e-01
3.472000000000000086e-01
3.241999999999999882e-01
3.231999999999999873e-01
2.993999999999999995e-01
2.988000000000000100e-01
2.792000000000000037e-01
2.948000000000000065e-01
2.842000000000000082e-01
2.810000000000000275e-01
2.721999999999999975e-01
2.802000000000000046e-01
2.740000000000000213e-01
2.691999999999999948e-01
2.746000000000000107e-01
2.636000000000000010e-01
2.740000000000000213e-01
2.856000000000000205e-01
2.706000000000000072e-01
2.813999999999999835e-01
2.753999999999999782e-01
2.847999999999999976e-01
2.852000000000000091e-01
2.763999999999999790e-01
2.802000000000000046e-01
2.836000000000000187e-01
3.099999999999999978e-01
2.985999999999999766e-01
3.035999999999999810e-01
3.075999999999999845e-01
3.124000000000000110e-01
2.988000000000000100e-01
2.859999999999999765e-01
2.893999999999999906e-01
2.829999999999999738e-01
2.727999999999999869e-01
2.770000000000000240e-01
2.879999999999999782e-01
2.750000000000000222e-01
2.700000000000000178e-01
2.711999999999999966e-01
2.737999999999999878e-01
2.640000000000000124e-01
2.564000000000000168e-01
2.696000000000000063e-01
2.666000000000000036e-01
2.634000000000000230e-01
2.631999999999999895e-01
2.731999999999999984e-01
2.863999999999999879e-01
2.780000000000000249e-01
2.938000000000000056e-01
2.736000000000000099e-01
2.908000000000000029e-01
2.849999999999999756e-01
3.019999999999999907e-01
3.045999999999999819e-01
3.407999999999999918e-01
3.443999999999999839e-01
3.552000000000000157e-01
3.694000000000000061e-01
3.678000000000000158e-01
3.634000000000000008e-01
3.745999999999999885e-01
3.725999999999999868e-01
3.940000000000000169e-01
4.213999999999999968e-01
4.265999999999999792e-01
4.385999999999999899e-01
4.526000000000000023e-01
4.461999999999999855e-01
4.484000000000000208e-01
4.487999999999999767e-01
4.687999999999999945e-01
4.637999999999999901e-01
4.551999999999999935e-01
4.500000000000000111e-01
4.411999999999999811e-01
4.122000000000000108e-01
3.867999999999999772e-01
3.672000000000000264e-01
3.175999999999999934e-01
3.114000000000000101e-01
3.015999999999999792e-01
2.767999999999999905e-01
2.404000000000000026e-01
2.346000000000000030e-01
2.308000000000000052e-01
2.147999999999999909e-01
2.144000000000000072e-01
1.932000000000000106e-01
2.066000000000000059e-01
1.884000000000000119e-01
1.948000000000000009e-01
1.849999999999999978e-01
1.622000000000000108e-01
1.628000000000000003e-01
1.625999999999999945e-01
1.454000000000000015e-01
1.486000000000000099e-01
1.365999999999999992e-01
1.363999999999999935e-01
1.509999999999999953e-01
1.423999999999999988e-01
1.582000000000000073e-01
1.549999999999999989e-01
1.652000000000000135e-01
1.796000000000000096e-01
1.993999999999999939e-01
1.985999999999999988e-01
2.091999999999999971e-01
2.414000000000000035e-01
2.684000000000000274e-01
3.085999999999999854e-01
3.371999999999999997e-01
3.745999999999999885e-01
4.178000000000000047e-01
4.378000000000000225e-01
4.587999999999999856e-01
4.855999999999999761e-01
4.884000000000000008e-01
4.971999999999999753e-01
4.680000000000000271e-01
4.437999999999999723e-01
4.268000000000000127e-01
4.172000000000000153e-01
3.940000000000000169e-01
4.023999999999999799e-01
3.817999999999999727e-01
3.845999999999999974e-01
3.844000000000000195e-01
3.840000000000000080e-01
3.800000000000000044e-01
4.036000000000000143e-01
4.066000000000000170e-01
4.401999999999999802e-01
4.630000000000000226e-01
4.802000000000000157e-01
4.848000000000000087e-01
4.689999999999999725e-01
4.676000000000000156e-01
4.405999999999999917e-01
4.424000000000000155e-01
4.378000000000000225e-01
4.351999999999999758e-01
4.285999999999999810e-01
4.309999999999999942e-01
4.676000000000000156e-01
4.789999999999999813e-01
4.951999999999999735e-01
4.819999999999999840e-01
4.716000000000000192e-01
4.563999999999999724e-01
4.507999999999999785e-01
4.222000000000000197e-01
3.936000000000000054e-01
3.973999999999999755e-01
3.940000000000000169e-01
3.857999999999999763e-01
3.741999999999999771e-01
3.629999999999999893e-01
3.603999999999999981e-01
3.592000000000000193e-01
3.664000000000000035e-01
3.487999999999999989e-01
3.605999999999999761e-01
3.546000000000000263e-01
3.589999999999999858e-01
3.583999999999999964e-01
3.765999999999999903e-01
3.568000000000000060e-01
3.665999999999999814e-01
3.731999999999999762e-01
3.715999999999999859e-01
3.864000000000000212e-01
3.927999999999999825e-01
3.794000000000000150e-01
3.810000000000000053e-01
4.122000000000000108e-01
4.087999999999999967e-01
4.288000000000000145e-01
4.278000000000000136e-01
4.359999999999999987e-01
4.454000000000000181e-01
4.766000000000000236e-01
4.577999999999999847e-01
4.773999999999999910e-01
4.799999999999999822e-01
4.898000000000000131e-01
4.899999999999999911e-01
5.028000000000000247e-01
5.031999999999999806e-01
4.859999999999999876e-01
4.829999999999999849e-01
4.782000000000000139e-01
4.530000000000000138e-01
4.719999999999999751e-01
4.457999999999999741e-01
4.395999999999999908e-01
4.218000000000000083e-01
4.318000000000000171e-01
4.178000000000000047e-01
4.242000000000000215e-01
4.156000000000000250e-01
4.143999999999999906e-01
4.107999999999999985e-01
4.002000000000000002e-01
3.896000000000000019e-01
3.981999999999999984e-01
3.976000000000000090e-01
3.894000000000000239e-01
3.820000000000000062e-01
3.881999999999999895e-01
4.033999999999999808e-01
3.810000000000000053e-01
3.851999999999999869e-01
3.721999999999999753e-01
3.775999999999999912e-01
3.867999999999999772e-01
3.734000000000000097e-01
3.672000000000000264e-01
3.360000000000000209e-01
3.402000000000000024e-01
3.271999999999999909e-01
3.267999999999999794e-01
3.058000000000000163e-01
3.019999999999999907e-01
2.919999999999999818e-01
2.731999999999999984e-01
2.636000000000000010e-01
2.615999999999999992e-01
2.424000000000000044e-01
2.416000000000000092e-01
2.262000000000000122e-01
2.011999999999999900e-01
1.885999999999999899e-01
1.635999999999999954e-01
1.532000000000000028e-01
1.386000000000000010e-01
1.144000000000000017e-01
1.058000000000000052e-01
1.028000000000000025e-01
8.219999999999999529e-02
6.539999999999999980e-02
5.040000000000000036e-02
2.999999999999999889e-02
1.600000000000000033e-02
1.020000000000000073e-02
7.400000000000000328e-03
6.000000000000000125e-03
5.000000000000000104e-03
2.599999999999999881e-03
4.199999999999999740e-03
4.199999999999999740e-03
2.399999999999999790e-03
3.599999999999999901e-03
4.400000000000000265e-03
6.799999999999999621e-03
4.000000000000000083e-03
4.799999999999999580e-03
5.400000000000000286e-03
7.599999999999999985e-03
4.799999999999999580e-03
6.799999999999999621e-03
4.799999999999999580e-03
6.000000000000000125e-03
7.799999999999999642e-03
1.220000000000000077e-02
1.460000000000000013e-02
1.460000000000000013e-02
1.400000000000000029e-02
1.820000000000000090e-02
2.779999999999999832e-02
2.659999999999999865e-02
2.900000000000000147e-02
4.200000000000000261e-02
4.440000000000000197e-02
5.399999999999999939e-02
5.700000000000000205e-02
6.419999999999999318e-02
8.959999999999999909e-02
9.800000000000000377e-02
1.155999999999999944e-01
1.110000000000000014e-01
1.154000000000000026e-01
1.310000000000000053e-01
1.582000000000000073e-01
1.703999999999999959e-01
2.058000000000000107e-01
2.101999999999999980e-01
2.096000000000000085e-01
2.293999999999999928e-01
2.407999999999999863e-01
2.597999999999999754e-01
2.760000000000000231e-01
2.736000000000000099e-01
2.853999999999999870e-01
2.893999999999999906e-01
3.291999999999999926e-01
3.201999999999999846e-01
3.386000000000000121e-01
3.572000000000000175e-01
3.689999999999999947e-01
3.622000000000000219e-01
3.473999999999999866e-01
3.638000000000000123e-01
3.724000000000000088e-01
4.172000000000000153e-01
4.202000000000000179e-01
4.517999999999999794e-01
4.949999999999999956e-01
5.060000000000000053e-01
4.762000000000000122e-01
4.331999999999999740e-01
4.129999999999999782e-01
3.930000000000000160e-01
3.518000000000000016e-01
3.578000000000000069e-01
3.410000000000000253e-01
3.427999999999999936e-01
3.191999999999999837e-01
3.081999999999999740e-01
2.806000000000000161e-01
2.962000000000000188e-01
2.892000000000000126e-01
2.626000000000000001e-01
2.654000000000000248e-01
2.590000000000000080e-01
2.660000000000000142e-01
2.565999999999999948e-01
2.610000000000000098e-01
2.477999999999999925e-01
2.597999999999999754e-01
2.701999999999999957e-01
2.752000000000000002e-01
2.676000000000000045e-01
2.756000000000000116e-01
2.807999999999999940e-01
2.886000000000000232e-01
2.903999999999999915e-01
3.034000000000000030e-01
3.135999999999999899e-01
3.214000000000000190e-01
3.397999999999999909e-01
3.628000000000000114e-01
3.649999999999999911e-01
4.023999999999999799e-01
4.464000000000000190e-01
4.677999999999999936e-01
4.839999999999999858e-01
4.696000000000000174e-01
4.547999999999999821e-01
4.305999999999999828e-01
4.026000000000000134e-01
3.825999999999999956e-01
3.718000000000000194e-01
3.459999999999999742e-01
3.161999999999999811e-01
3.104000000000000092e-01
2.913999999999999924e-01
2.889999999999999791e-01
2.654000000000000248e-01
2.650000000000000133e-01
2.595999999999999974e-01
2.762000000000000011e-01
2.760000000000000231e-01
2.677999999999999825e-01
2.684000000000000274e-01
2.932000000000000162e-01
2.842000000000000082e-01
2.797999999999999932e-01
2.898000000000000020e-01
2.992000000000000215e-01
3.130000000000000004e-01
3.081999999999999740e-01
3.128000000000000225e-01
3.274000000000000243e-01
3.502000000000000113e-01
3.442000000000000060e-01
3.956000000000000072e-01
4.391999999999999793e-01
4.762000000000000122e-01
4.938000000000000167e-01
4.632000000000000006e-01
4.245999999999999774e-01
3.907999999999999807e-01
3.642000000000000237e-01
3.357999999999999874e-01
3.290000000000000147e-01
3.225999999999999979e-01
3.247999999999999776e-01
3.382000000000000006e-01
3.254000000000000226e-01
3.316000000000000059e-01
3.499999999999999778e-01
3.387999999999999901e-01
3.423999999999999821e-01
3.628000000000000114e-01
3.780000000000000027e-01
4.092000000000000082e-01
4.315999999999999837e-01
4.168000000000000038e-01
4.415999999999999925e-01
4.590000000000000191e-01
4.415999999999999925e-01
4.682000000000000051e-01
4.736000000000000210e-01
5.018000000000000238e-01
4.934000000000000052e-01
4.852000000000000202e-01
4.929999999999999938e-01
4.812000000000000166e-01
4.643999999999999795e-01
4.812000000000000166e-01
4.699999999999999734e-01
4.693999999999999839e-01
4.803999999999999937e-01
4.773999999999999910e-01
4.727999999999999980e-01
4.696000000000000174e-01
4.581999999999999962e-01
4.689999999999999725e-01
4.587999999999999856e-01
4.611999999999999988e-01
4.716000000000000192e-01
4.733999999999999875e-01
4.792000000000000148e-01
4.576000000000000068e-01
4.501999999999999891e-01
4.298000000000000154e-01
3.961999999999999966e-01
3.741999999999999771e-01
3.907999999999999807e-01
3.563999999999999946e-01
3.592000000000000193e-01
3.645999999999999797e-01
3.778000000000000247e-01
3.694000000000000061e-01
3.901999999999999913e-01
3.881999999999999895e-01
4.077999999999999958e-01
4.132000000000000117e-01
4.040000000000000258e-01
4.149999999999999800e-01
4.295999999999999819e-01
4.318000000000000171e-01
4.444000000000000172e-01
4.388000000000000234e-01
4.566000000000000059e-01
4.411999999999999811e-01
4.368000000000000216e-01
4.179999999999999827e-01
4.235999999999999766e-01
4.143999999999999906e-01
4.168000000000000038e-01
4.188000000000000056e-01
4.269999999999999907e-01
4.067999999999999949e-01
4.272000000000000242e-01
4.212000000000000188e-01
4.228000000000000091e-01
4.315999999999999837e-01
4.213999999999999968e-01
4.272000000000000242e-01
4.338000000000000189e-01
4.292000000000000259e-01
4.411999999999999811e-01
4.637999999999999901e-01
4.561999999999999944e-01
4.551999999999999935e-01
4.689999999999999725e-01
4.798000000000000043e-01
4.985999999999999877e-01
4.853999999999999981e-01
4.828000000000000069e-01
4.620000000000000218e-01
4.521999999999999909e-01
4.143999999999999906e-01
3.916000000000000036e-01
3.870000000000000107e-01
3.887999999999999790e-01
3.729999999999999982e-01
3.669999999999999929e-01
3.629999999999999893e-01
3.347999999999999865e-01
3.336000000000000076e-01
3.447999999999999954e-01
3.387999999999999901e-01
3.341999999999999971e-01
3.433999999999999830e-01
3.423999999999999821e-01
3.427999999999999936e-01
3.406000000000000139e-01
3.699999999999999956e-01
3.810000000000000053e-01
3.798000000000000265e-01
3.930000000000000160e-01
4.173999999999999932e-01
4.159999999999999809e-01
4.202000000000000179e-01
4.203999999999999959e-01
4.530000000000000138e-01
4.611999999999999988e-01
4.467999999999999750e-01
4.581999999999999962e-01
4.733999999999999875e-01
4.743999999999999884e-01
4.676000000000000156e-01
4.819999999999999840e-01
4.951999999999999735e-01
4.895999999999999797e-01
4.878000000000000114e-01
4.812000000000000166e-01
4.766000000000000236e-01
4.902000000000000246e-01
4.954000000000000070e-01
4.833999999999999964e-01
4.803999999999999937e-01
4.763999999999999901e-01
4.554000000000000270e-01
4.516000000000000014e-01
4.394000000000000128e-01
4.168000000000000038e-01
4.133999999999999897e-01
3.940000000000000169e-01
3.967999999999999861e-01
3.811999999999999833e-01
3.830000000000000071e-01
3.669999999999999929e-01
3.629999999999999893e-01
3.598000000000000087e-01
3.800000000000000044e-01
3.911999999999999922e-01
3.874000000000000221e-01
3.645999999999999797e-01
3.754000000000000115e-01
3.831999999999999851e-01
3.960000000000000187e-01
4.057999999999999940e-01
4.128000000000000003e-01
4.245999999999999774e-01
4.351999999999999758e-01
4.384000000000000119e-01
4.477999999999999758e-01
4.620000000000000218e-01
4.583999999999999742e-01
4.596000000000000085e-01
4.894000000000000017e-01
4.955999999999999850e-01
4.746000000000000218e-01
4.626000000000000112e-01
4.506000000000000005e-01
4.447999999999999732e-01
4.431999999999999829e-01
4.209999999999999853e-01
3.993999999999999773e-01
4.003999999999999782e-01
3.997999999999999887e-01
3.886000000000000010e-01
3.685999999999999832e-01
3.528000000000000025e-01
3.503999999999999893e-01
3.483999999999999875e-01
3.227999999999999758e-01
3.170000000000000040e-01
3.211999999999999855e-01
3.115999999999999881e-01
2.932000000000000162e-01
2.922000000000000153e-01
2.869999999999999774e-01
2.832000000000000073e-01
2.620000000000000107e-01
2.528000000000000247e-01
2.467999999999999916e-01
2.508000000000000229e-01
2.265999999999999959e-01
2.119999999999999940e-01
2.023999999999999966e-01
1.855999999999999872e-01
1.748000000000000109e-01
1.595999999999999919e-01
1.406000000000000028e-01
1.396000000000000019e-01
1.411999999999999922e-01
1.212000000000000022e-01
1.058000000000000052e-01
9.139999999999999514e-02
9.080000000000000571e-02
9.180000000000000659e-02
6.919999999999999762e-02
5.979999999999999899e-02
4.019999999999999962e-02
3.960000000000000325e-02
2.500000000000000139e-02
2.139999999999999888e-02
1.179999999999999973e-02
1.020000000000000073e-02
8.999999999999999320e-03
1.280000000000000061e-02
1.299999999999999940e-02
1.099999999999999936e-02
1.159999999999999920e-02
1.559999999999999928e-02
1.460000000000000013e-02
2.139999999999999888e-02
3.459999999999999881e-02
3.599999999999999728e-02
5.260000000000000092e-02
6.339999999999999802e-02
7.099999999999999367e-02
8.419999999999999707e-02
8.400000000000000522e-02
9.679999999999999716e-02
1.066000000000000003e-01
1.028000000000000025e-01
1.097999999999999948e-01
1.151999999999999968e-01
1.161999999999999977e-01
1.184000000000000052e-01
1.219999999999999973e-01
1.219999999999999973e-01
1.150000000000000050e-01
1.254000000000000115e-01
1.144000000000000017e-01
1.199999999999999956e-01
1.228000000000000064e-01
1.126000000000000056e-01
1.035999999999999976e-01
1.029999999999999943e-01
9.740000000000000047e-02
9.619999999999999385e-02
1.011999999999999983e-01
9.719999999999999474e-02
1.076000000000000012e-01
1.127999999999999975e-01
9.779999999999999805e-02
1.062000000000000027e-01
1.048000000000000043e-01
9.120000000000000329e-02
8.920000000000000151e-02
9.800000000000000377e-02
8.599999999999999312e-02
8.500000000000000611e-02
8.540000000000000369e-02
8.519999999999999796e-02
9.619999999999999385e-02
1.014000000000000040e-01
1.015999999999999959e-01
1.195999999999999980e-01
1.355999999999999983e-01
1.522000000000000020e-01
1.574000000000000121e-01
1.681999999999999884e-01
1.816000000000000114e-01
2.147999999999999909e-01
2.275999999999999968e-01
2.630000000000000115e-01
2.727999999999999869e-01
2.849999999999999756e-01
3.276000000000000023e-01
3.770000000000000018e-01
3.910000000000000142e-01
4.218000000000000083e-01
4.561999999999999944e-01
4.799999999999999822e-01
4.961999999999999744e-01
4.918000000000000149e-01
4.660000000000000253e-01
4.516000000000000014e-01
4.328000000000000180e-01
4.235999999999999766e-01
4.146000000000000241e-01
3.930000000000000160e-01
3.986000000000000099e-01
3.961999999999999966e-01
3.947999999999999843e-01
3.950000000000000178e-01
3.916000000000000036e-01
3.981999999999999984e-01
4.010000000000000231e-01
3.901999999999999913e-01
4.060000000000000275e-01
3.980000000000000204e-01
4.117999999999999994e-01
4.063999999999999835e-01
4.086000000000000187e-01
3.966000000000000081e-01
3.990000000000000213e-01
3.967999999999999861e-01
3.960000000000000187e-01
3.921999999999999931e-01
3.981999999999999984e-01
3.855999999999999983e-01
3.865999999999999992e-01
3.916000000000000036e-01
4.023999999999999799e-01
3.887999999999999790e-01
4.032000000000000028e-01
4.252000000000000224e-01
4.457999999999999741e-01
4.520000000000000129e-01
4.590000000000000191e-01
4.958000000000000185e-01
4.620000000000000218e-01
4.126000000000000223e-01
3.961999999999999966e-01
3.539999999999999813e-01
3.224000000000000199e-01
2.876000000000000223e-01
2.686000000000000054e-01
2.442000000000000004e-01
2.457999999999999907e-01
2.351999999999999924e-01
2.260000000000000064e-01
2.222000000000000086e-01
2.353999999999999981e-01
2.237999999999999989e-01
2.368000000000000105e-01
2.240000000000000047e-01
2.401999999999999968e-01
2.272000000000000131e-01
2.272000000000000131e-01
2.308000000000000052e-01
2.129999999999999949e-01
1.829999999999999960e-01
2.071999999999999953e-01
1.993999999999999939e-01
1.814000000000000057e-01
1.902000000000000079e-01
1.816000000000000114e-01
1.807999999999999885e-01
1.728000000000000091e-01
1.444000000000000006e-01
1.534000000000000086e-01
1.587999999999999967e-01
1.517999999999999905e-01
1.466000000000000081e-01
1.484000000000000041e-01
1.607999999999999985e-01
1.769999999999999907e-01
1.819999999999999951e-01
1.970000000000000084e-01
2.023999999999999966e-01
2.162000000000000033e-01
2.124000000000000055e-01
2.323999999999999955e-01
2.399999999999999911e-01
2.535999999999999921e-01
2.497999999999999943e-01
2.560000000000000053e-01
2.829999999999999738e-01
3.165999999999999925e-01
3.211999999999999855e-01
3.446000000000000174e-01
3.539999999999999813e-01
3.804000000000000159e-01
3.957999999999999852e-01
4.173999999999999932e-01
4.481999999999999873e-01
4.823999999999999955e-01
4.914000000000000035e-01
4.620000000000000218e-01
4.380000000000000004e-01
3.854000000000000203e-01
3.526000000000000245e-01
3.195999999999999952e-01
3.052000000000000268e-01
2.953999999999999959e-01
2.752000000000000002e-01
2.627999999999999781e-01
2.446000000000000119e-01
2.343999999999999972e-01
2.252000000000000113e-01
2.056000000000000050e-01
1.748000000000000109e-01
1.535999999999999865e-01
1.381999999999999895e-01
1.255999999999999894e-01
1.113999999999999990e-01
9.020000000000000240e-02
6.479999999999999649e-02
6.040000000000000230e-02
6.300000000000000044e-02
7.180000000000000271e-02
7.739999999999999658e-02
8.019999999999999352e-02
8.440000000000000280e-02
8.000000000000000167e-02
9.220000000000000417e-02
1.069999999999999979e-01
1.303999999999999881e-01
1.426000000000000045e-01
1.633999999999999897e-01
1.829999999999999960e-01
2.079999999999999905e-01
2.356000000000000039e-01
2.661999999999999922e-01
2.962000000000000188e-01
3.439999999999999725e-01
3.876000000000000001e-01
4.083999999999999853e-01
4.148000000000000020e-01
4.527999999999999803e-01
4.520000000000000129e-01
4.652000000000000024e-01
