4.537999999999999812e-01
4.560000000000000164e-01
4.623999999999999777e-01
4.233999999999999986e-01
4.480000000000000093e-01
4.159999999999999809e-01
4.298000000000000154e-01
4.643999999999999795e-01
4.793999999999999928e-01
4.687999999999999945e-01
4.892000000000000237e-01
5.038000000000000256e-01
4.833999999999999964e-01
4.652000000000000024e-01
4.537999999999999812e-01
4.401999999999999802e-01
4.096000000000000196e-01
4.103999999999999870e-01
4.046000000000000152e-01
3.744000000000000106e-01
3.605999999999999761e-01
3.578000000000000069e-01
3.402000000000000024e-01
3.323999999999999733e-01
3.426000000000000156e-01
3.234000000000000208e-01
3.235999999999999988e-01
2.985999999999999766e-01
3.180000000000000049e-01
3.044000000000000039e-01
3.241999999999999882e-01
3.114000000000000101e-01
2.741999999999999993e-01
2.852000000000000091e-01
2.862000000000000099e-01
2.876000000000000223e-01
2.800000000000000266e-01
2.644000000000000239e-01
2.544000000000000150e-01
2.773999999999999799e-01
2.484000000000000097e-01
2.587999999999999745e-01
2.524000000000000132e-01
2.647999999999999798e-01
2.607999999999999763e-01
2.726000000000000090e-01
2.671999999999999931e-01
2.770000000000000240e-01
2.624000000000000221e-01
2.680000000000000160e-01
2.660000000000000142e-01
2.693999999999999728e-01
2.636000000000000010e-01
2.611999999999999877e-01
2.551999999999999824e-01
2.467999999999999916e-01
2.419999999999999929e-01
2.531999999999999806e-01
2.326000000000000012e-01
2.442000000000000004e-01
2.366000000000000048e-01
2.353999999999999981e-01
2.661999999999999922e-01
2.847999999999999976e-01
2.989999999999999880e-01
3.316000000000000059e-01
3.447999999999999954e-01
3.539999999999999813e-01
3.886000000000000010e-01
3.986000000000000099e-01
4.133999999999999897e-01
4.176000000000000267e-01
4.500000000000000111e-01
4.477999999999999758e-01
4.621999999999999997e-01
4.852000000000000202e-01
5.060000000000000053e-01
4.746000000000000218e-01
4.753999999999999893e-01
4.451999999999999846e-01
4.318000000000000171e-01
4.381999999999999784e-01
4.420000000000000040e-01
4.215999999999999748e-01
4.298000000000000154e-01
4.282000000000000250e-01
4.390000000000000013e-01
4.501999999999999891e-01
4.537999999999999812e-01
4.776000000000000245e-01
4.769999999999999796e-01
4.763999999999999901e-01
4.819999999999999840e-01
4.796000000000000263e-01
4.692000000000000060e-01
4.495999999999999996e-01
4.380000000000000004e-01
4.334000000000000075e-01
3.981999999999999984e-01
3.997999999999999887e-01
3.971999999999999975e-01
3.658000000000000140e-01
3.518000000000000016e-01
3.698000000000000176e-01
3.565999999999999726e-01
3.548000000000000043e-01
3.413999999999999813e-01
3.257999999999999785e-01
3.059999999999999942e-01
2.908000000000000029e-01
3.014000000000000012e-01
2.969999999999999862e-01
3.004000000000000004e-01
2.919999999999999818e-01
3.088000000000000189e-01
3.266000000000000014e-01
3.164000000000000146e-01
3.274000000000000243e-01
3.128000000000000225e-01
3.190000000000000058e-01
3.436000000000000165e-01
3.280000000000000138e-01
3.351999999999999980e-01
3.331999999999999962e-01
3.341999999999999971e-01
3.316000000000000059e-01
3.158000000000000251e-01
3.194000000000000172e-01
3.341999999999999971e-01
3.247999999999999776e-01
3.204000000000000181e-01
3.184000000000000163e-01
3.347999999999999865e-01
3.323999999999999733e-01
3.403999999999999804e-01
3.553999999999999937e-01
3.477999999999999980e-01
3.595999999999999752e-01
3.628000000000000114e-01
3.638000000000000123e-01
3.765999999999999903e-01
3.674000000000000044e-01
3.831999999999999851e-01
3.622000000000000219e-01
3.682000000000000273e-01
3.825999999999999956e-01
3.658000000000000140e-01
3.735999999999999877e-01
3.798000000000000265e-01
3.943999999999999728e-01
4.076000000000000179e-01
4.086000000000000187e-01
4.142000000000000126e-01
4.138000000000000012e-01
4.410000000000000031e-01
4.278000000000000136e-01
4.440000000000000058e-01
4.390000000000000013e-01
4.546000000000000041e-01
4.447999999999999732e-01
4.494000000000000217e-01
4.351999999999999758e-01
4.464000000000000190e-01
4.517999999999999794e-01
4.430000000000000049e-01
4.431999999999999829e-01
4.401999999999999802e-01
4.531999999999999917e-01
4.388000000000000234e-01
4.611999999999999988e-01
4.511999999999999900e-01
4.495999999999999996e-01
4.457999999999999741e-01
4.434000000000000163e-01
4.314000000000000057e-01
4.454000000000000181e-01
4.524000000000000243e-01
4.450000000000000067e-01
4.455999999999999961e-01
4.374000000000000110e-01
4.514000000000000234e-01
4.344000000000000083e-01
4.269999999999999907e-01
4.289999999999999925e-01
4.179999999999999827e-01
4.148000000000000020e-01
4.072000000000000064e-01
3.981999999999999984e-01
3.950000000000000178e-01
3.976000000000000090e-01
4.030000000000000249e-01
3.890000000000000124e-01
3.877999999999999781e-01
3.934000000000000274e-01
3.876000000000000001e-01
3.943999999999999728e-01
3.986000000000000099e-01
3.861999999999999877e-01
3.814000000000000168e-01
3.884000000000000230e-01
3.860000000000000098e-01
3.910000000000000142e-01
3.775999999999999912e-01
3.890000000000000124e-01
3.748000000000000220e-01
3.774000000000000132e-01
3.708000000000000185e-01
3.750000000000000000e-01
3.416000000000000147e-01
3.447999999999999954e-01
3.443999999999999839e-01
3.522000000000000131e-01
3.546000000000000263e-01
3.493999999999999884e-01
3.383999999999999786e-01
3.569999999999999840e-01
3.764000000000000123e-01
3.751999999999999780e-01
3.695999999999999841e-01
3.694000000000000061e-01
3.791999999999999815e-01
3.728000000000000203e-01
3.764000000000000123e-01
3.751999999999999780e-01
3.639999999999999902e-01
3.433999999999999830e-01
3.422000000000000042e-01
3.469999999999999751e-01
3.456000000000000183e-01
3.221999999999999864e-01
3.131999999999999784e-01
3.191999999999999837e-01
3.416000000000000147e-01
3.708000000000000185e-01
3.820000000000000062e-01
3.917999999999999816e-01
3.931999999999999940e-01
3.940000000000000169e-01
3.825999999999999956e-01
3.953999999999999737e-01
3.946000000000000063e-01
4.036000000000000143e-01
3.960000000000000187e-01
4.047999999999999932e-01
3.854000000000000203e-01
3.924000000000000266e-01
3.993999999999999773e-01
3.936000000000000054e-01
3.761999999999999789e-01
3.613999999999999990e-01
3.602000000000000202e-01
3.579999999999999849e-01
3.539999999999999813e-01
3.316000000000000059e-01
3.237999999999999767e-01
3.254000000000000226e-01
3.276000000000000023e-01
3.251999999999999891e-01
3.118000000000000216e-01
3.240000000000000102e-01
3.101999999999999758e-01
2.955999999999999739e-01
2.936000000000000276e-01
2.867999999999999994e-01
2.856000000000000205e-01
2.903999999999999915e-01
2.888000000000000012e-01
2.893999999999999906e-01
2.972000000000000197e-01
3.091999999999999749e-01
3.140000000000000013e-01
3.343999999999999750e-01
3.592000000000000193e-01
3.629999999999999893e-01
3.827999999999999736e-01
3.851999999999999869e-01
3.745999999999999885e-01
3.960000000000000187e-01
3.788000000000000256e-01
3.841999999999999860e-01
3.967999999999999861e-01
3.917999999999999816e-01
3.921999999999999931e-01
3.980000000000000204e-01
4.069999999999999729e-01
4.169999999999999818e-01
4.338000000000000189e-01
4.441999999999999837e-01
4.663999999999999813e-01
4.673999999999999821e-01
4.746000000000000218e-01
4.875999999999999779e-01
4.869999999999999885e-01
5.028000000000000247e-01
4.918000000000000149e-01
4.855999999999999761e-01
4.815999999999999726e-01
5.041999999999999815e-01
4.912000000000000255e-01
4.719999999999999751e-01
4.255999999999999783e-01
3.907999999999999807e-01
3.751999999999999780e-01
3.508000000000000007e-01
2.982000000000000206e-01
2.827999999999999958e-01
2.605999999999999983e-01
2.321999999999999897e-01
2.227999999999999980e-01
2.114000000000000046e-01
2.079999999999999905e-01
2.154000000000000081e-01
2.084000000000000019e-01
2.227999999999999980e-01
2.235999999999999932e-01
2.301999999999999880e-01
2.212000000000000077e-01
2.293999999999999928e-01
2.298000000000000043e-01
2.409999999999999920e-01
2.511999999999999789e-01
2.565999999999999948e-01
2.510000000000000009e-01
2.621999999999999886e-01
2.551999999999999824e-01
2.796000000000000152e-01
2.670000000000000151e-01
2.644000000000000239e-01
2.500000000000000000e-01
2.484000000000000097e-01
2.431999999999999995e-01
2.459999999999999964e-01
2.426000000000000101e-01
2.316000000000000003e-01
2.235999999999999932e-01
2.146000000000000130e-01
2.126000000000000112e-01
2.136000000000000121e-01
2.053999999999999992e-01
1.981999999999999873e-01
2.106000000000000094e-01
2.197999999999999954e-01
2.331999999999999906e-01
2.696000000000000063e-01
2.684000000000000274e-01
2.812000000000000055e-01
2.878000000000000003e-01
3.281999999999999917e-01
3.187999999999999723e-01
3.266000000000000014e-01
3.245999999999999996e-01
3.386000000000000121e-01
3.333999999999999742e-01
3.367999999999999883e-01
3.549999999999999822e-01
3.622000000000000219e-01
3.684000000000000052e-01
3.811999999999999833e-01
3.768000000000000238e-01
3.970000000000000195e-01
4.348000000000000198e-01
4.481999999999999873e-01
4.547999999999999821e-01
4.786000000000000254e-01
5.008000000000000229e-01
4.918000000000000149e-01
4.606000000000000094e-01
4.616000000000000103e-01
4.450000000000000067e-01
4.385999999999999899e-01
4.275999999999999801e-01
4.166000000000000258e-01
4.232000000000000206e-01
4.331999999999999740e-01
4.122000000000000108e-01
4.288000000000000145e-01
4.129999999999999782e-01
4.143999999999999906e-01
4.233999999999999986e-01
4.189999999999999836e-01
3.950000000000000178e-01
4.182000000000000162e-01
4.106000000000000205e-01
4.052000000000000046e-01
4.066000000000000170e-01
4.128000000000000003e-01
4.278000000000000136e-01
4.192000000000000171e-01
4.369999999999999996e-01
4.607999999999999874e-01
4.749999999999999778e-01
4.753999999999999893e-01
4.979999999999999982e-01
4.858000000000000096e-01
4.556000000000000050e-01
4.516000000000000014e-01
4.365999999999999881e-01
4.053999999999999826e-01
3.585999999999999743e-01
3.539999999999999813e-01
3.331999999999999962e-01
3.416000000000000147e-01
3.413999999999999813e-01
3.417999999999999927e-01
3.296000000000000041e-01
3.497999999999999998e-01
3.598000000000000087e-01
3.741999999999999771e-01
3.910000000000000142e-01
4.046000000000000152e-01
4.117999999999999994e-01
4.133999999999999897e-01
4.288000000000000145e-01
4.411999999999999811e-01
4.445999999999999952e-01
4.434000000000000163e-01
4.666000000000000147e-01
4.713999999999999857e-01
4.809999999999999831e-01
5.006000000000000449e-01
4.981999999999999762e-01
5.048000000000000265e-01
4.746000000000000218e-01
4.617999999999999883e-01
4.526000000000000023e-01
4.587999999999999856e-01
4.477999999999999758e-01
4.398000000000000242e-01
4.172000000000000153e-01
4.205999999999999739e-01
3.946000000000000063e-01
3.887999999999999790e-01
3.890000000000000124e-01
4.116000000000000214e-01
3.921999999999999931e-01
3.914000000000000257e-01
3.804000000000000159e-01
3.791999999999999815e-01
3.880000000000000115e-01
3.698000000000000176e-01
3.735999999999999877e-01
3.758000000000000229e-01
3.910000000000000142e-01
4.183999999999999941e-01
4.002000000000000002e-01
4.092000000000000082e-01
4.162000000000000144e-01
4.215999999999999748e-01
4.282000000000000250e-01
4.082000000000000073e-01
4.156000000000000250e-01
4.173999999999999932e-01
4.312000000000000277e-01
4.495999999999999996e-01
4.534000000000000252e-01
4.739999999999999769e-01
4.702000000000000068e-01
4.924000000000000044e-01
4.959999999999999964e-01
4.802000000000000157e-01
4.737999999999999989e-01
4.716000000000000192e-01
4.676000000000000156e-01
4.540000000000000147e-01
4.374000000000000110e-01
4.390000000000000013e-01
4.289999999999999925e-01
4.176000000000000267e-01
4.056000000000000161e-01
4.138000000000000012e-01
4.033999999999999808e-01
3.830000000000000071e-01
3.857999999999999763e-01
3.420000000000000262e-01
3.575999999999999734e-01
3.582000000000000184e-01
3.582000000000000184e-01
3.532000000000000139e-01
3.618000000000000105e-01
3.602000000000000202e-01
3.499999999999999778e-01
3.457999999999999963e-01
3.442000000000000060e-01
3.270000000000000129e-01
3.297999999999999821e-01
3.533999999999999919e-01
3.251999999999999891e-01
3.284000000000000252e-01
3.347999999999999865e-01
3.311999999999999944e-01
3.220000000000000084e-01
3.300000000000000155e-01
3.237999999999999767e-01
3.124000000000000110e-01
3.234000000000000208e-01
3.311999999999999944e-01
3.357999999999999874e-01
3.459999999999999742e-01
3.287999999999999812e-01
3.422000000000000042e-01
3.412000000000000033e-01
3.410000000000000253e-01
3.383999999999999786e-01
3.502000000000000113e-01
3.628000000000000114e-01
3.642000000000000237e-01
3.665999999999999814e-01
3.801999999999999824e-01
3.930000000000000160e-01
3.967999999999999861e-01
4.172000000000000153e-01
4.107999999999999985e-01
4.107999999999999985e-01
4.213999999999999968e-01
4.179999999999999827e-01
4.354000000000000092e-01
4.378000000000000225e-01
4.484000000000000208e-01
4.520000000000000129e-01
4.729999999999999760e-01
4.813999999999999946e-01
4.924000000000000044e-01
4.964000000000000079e-01
4.773999999999999910e-01
4.580000000000000182e-01
4.390000000000000013e-01
4.339999999999999969e-01
4.126000000000000223e-01
4.324000000000000066e-01
3.808000000000000274e-01
4.047999999999999932e-01
4.126000000000000223e-01
3.815999999999999948e-01
3.685999999999999832e-01
3.609999999999999876e-01
3.735999999999999877e-01
3.542000000000000148e-01
3.583999999999999964e-01
3.416000000000000147e-01
3.266000000000000014e-01
3.306000000000000050e-01
3.150000000000000022e-01
3.124000000000000110e-01
3.065999999999999837e-01
3.111999999999999766e-01
2.883999999999999897e-01
2.962000000000000188e-01
3.028000000000000136e-01
2.978000000000000091e-01
2.953999999999999959e-01
3.190000000000000058e-01
3.297999999999999821e-01
3.473999999999999866e-01
3.665999999999999814e-01
4.066000000000000170e-01
4.205999999999999739e-01
4.378000000000000225e-01
4.643999999999999795e-01
4.961999999999999744e-01
4.885999999999999788e-01
4.421999999999999820e-01
4.384000000000000119e-01
4.222000000000000197e-01
4.195999999999999730e-01
4.023999999999999799e-01
4.027999999999999914e-01
3.548000000000000043e-01
3.161999999999999811e-01
2.856000000000000205e-01
2.595999999999999974e-01
2.028000000000000080e-01
1.797999999999999876e-01
1.592000000000000082e-01
1.391999999999999904e-01
1.285999999999999921e-01
1.083999999999999964e-01
1.029999999999999943e-01
8.880000000000000393e-02
9.120000000000000329e-02
7.459999999999999964e-02
7.739999999999999658e-02
7.000000000000000666e-02
5.539999999999999786e-02
4.259999999999999898e-02
3.440000000000000002e-02
2.779999999999999832e-02
2.800000000000000058e-02
2.000000000000000042e-02
2.239999999999999977e-02
2.860000000000000042e-02
2.939999999999999905e-02
3.119999999999999857e-02
3.620000000000000301e-02
3.699999999999999817e-02
4.200000000000000261e-02
5.360000000000000181e-02
6.700000000000000400e-02
8.240000000000000102e-02
8.340000000000000191e-02
9.520000000000000684e-02
1.103999999999999981e-01
1.247999999999999943e-01
1.215999999999999998e-01
1.184000000000000052e-01
1.398000000000000076e-01
1.403999999999999970e-01
1.620000000000000051e-01
1.691999999999999893e-01
1.718000000000000083e-01
1.849999999999999978e-01
2.001999999999999891e-01
2.106000000000000094e-01
2.275999999999999968e-01
2.584000000000000186e-01
2.767999999999999905e-01
2.998000000000000109e-01
3.078000000000000180e-01
3.337999999999999856e-01
3.386000000000000121e-01
3.791999999999999815e-01
4.198000000000000065e-01
4.441999999999999837e-01
4.620000000000000218e-01
4.848000000000000087e-01
5.058000000000000274e-01
4.829999999999999849e-01
4.662000000000000033e-01
4.252000000000000224e-01
4.067999999999999949e-01
3.718000000000000194e-01
3.519999999999999796e-01
3.393999999999999795e-01
3.323999999999999733e-01
3.054000000000000048e-01
2.909999999999999809e-01
2.721999999999999975e-01
2.487999999999999934e-01
2.368000000000000105e-01
2.406000000000000083e-01
2.305999999999999994e-01
2.500000000000000000e-01
2.561999999999999833e-01
2.426000000000000101e-01
2.482000000000000040e-01
2.363999999999999990e-01
2.358000000000000096e-01
2.604000000000000203e-01
2.545999999999999930e-01
2.630000000000000115e-01
2.581999999999999851e-01
2.945999999999999730e-01
3.436000000000000165e-01
3.529999999999999805e-01
4.182000000000000162e-01
4.717999999999999972e-01
4.832000000000000184e-01
4.899999999999999911e-01
4.670000000000000262e-01
4.541999999999999926e-01
4.630000000000000226e-01
4.557999999999999829e-01
4.355999999999999872e-01
4.017999999999999905e-01
4.076000000000000179e-01
3.953999999999999737e-01
3.682000000000000273e-01
3.778000000000000247e-01
3.781999999999999806e-01
4.053999999999999826e-01
4.010000000000000231e-01
4.097999999999999976e-01
4.278000000000000136e-01
4.235999999999999766e-01
4.285999999999999810e-01
4.331999999999999740e-01
4.507999999999999785e-01
4.536000000000000032e-01
4.537999999999999812e-01
4.643999999999999795e-01
4.726000000000000201e-01
4.935999999999999832e-01
4.828000000000000069e-01
4.865999999999999770e-01
4.925999999999999823e-01
4.833999999999999964e-01
5.026000000000000467e-01
5.020000000000000018e-01
4.955999999999999850e-01
4.909999999999999920e-01
4.949999999999999956e-01
4.869999999999999885e-01
4.899999999999999911e-01
4.889999999999999902e-01
5.111999999999999877e-01
4.843999999999999972e-01
4.934000000000000052e-01
4.823999999999999955e-01
4.833999999999999964e-01
4.646000000000000130e-01
4.391999999999999793e-01
4.470000000000000084e-01
4.309999999999999942e-01
4.087999999999999967e-01
4.082000000000000073e-01
3.735999999999999877e-01
3.546000000000000263e-01
3.623999999999999999e-01
3.453999999999999848e-01
3.373999999999999777e-01
3.251999999999999891e-01
3.231999999999999873e-01
3.019999999999999907e-01
3.194000000000000172e-01
3.155999999999999917e-01
3.039999999999999925e-01
3.084000000000000075e-01
2.826000000000000179e-01
3.039999999999999925e-01
2.816000000000000170e-01
2.777999999999999914e-01
2.654000000000000248e-01
2.560000000000000053e-01
2.399999999999999911e-01
2.439999999999999947e-01
2.456000000000000127e-01
2.541999999999999815e-01
2.464000000000000079e-01
2.285999999999999976e-01
2.308000000000000052e-01
2.369999999999999885e-01
2.222000000000000086e-01
2.531999999999999806e-01
2.281999999999999862e-01
2.580000000000000071e-01
2.720000000000000195e-01
2.717999999999999861e-01
2.700000000000000178e-01
2.969999999999999862e-01
3.042000000000000259e-01
3.055999999999999828e-01
3.256000000000000005e-01
3.432000000000000051e-01
3.522000000000000131e-01
3.791999999999999815e-01
3.931999999999999940e-01
3.865999999999999992e-01
3.924000000000000266e-01
4.040000000000000258e-01
4.302000000000000268e-01
4.334000000000000075e-01
4.414000000000000146e-01
4.536000000000000032e-01
4.586000000000000076e-01
4.667999999999999927e-01
4.554000000000000270e-01
4.716000000000000192e-01
4.756000000000000227e-01
4.882000000000000228e-01
5.018000000000000238e-01
5.036000000000000476e-01
4.941999999999999726e-01
4.938000000000000167e-01
4.912000000000000255e-01
5.030000000000000027e-01
4.914000000000000035e-01
5.010000000000000009e-01
4.899999999999999911e-01
5.081999999999999851e-01
4.924000000000000044e-01
5.051999999999999824e-01
4.945999999999999841e-01
5.053999999999999604e-01
5.046000000000000485e-01
4.978000000000000203e-01
4.988000000000000211e-01
4.889999999999999902e-01
4.869999999999999885e-01
4.981999999999999762e-01
4.902000000000000246e-01
4.995999999999999885e-01
4.934000000000000052e-01
4.955999999999999850e-01
4.889999999999999902e-01
4.938000000000000167e-01
4.823999999999999955e-01
4.825999999999999734e-01
4.853999999999999981e-01
4.747999999999999998e-01
4.813999999999999946e-01
4.706000000000000183e-01
4.554000000000000270e-01
4.759999999999999787e-01
4.676000000000000156e-01
4.643999999999999795e-01
4.485999999999999988e-01
4.606000000000000094e-01
4.670000000000000262e-01
4.487999999999999767e-01
4.547999999999999821e-01
4.485999999999999988e-01
4.368000000000000216e-01
4.610000000000000209e-01
4.611999999999999988e-01
4.517999999999999794e-01
4.550000000000000155e-01
4.630000000000000226e-01
4.839999999999999858e-01
4.985999999999999877e-01
4.939999999999999947e-01
4.849999999999999867e-01
4.709999999999999742e-01
4.454000000000000181e-01
4.354000000000000092e-01
4.455999999999999961e-01
4.148000000000000020e-01
4.013999999999999790e-01
4.056000000000000161e-01
4.077999999999999958e-01
3.887999999999999790e-01
3.830000000000000071e-01
3.971999999999999975e-01
3.937999999999999834e-01
3.876000000000000001e-01
4.043999999999999817e-01
4.087999999999999967e-01
4.069999999999999729e-01
4.474000000000000199e-01
4.556000000000000050e-01
4.580000000000000182e-01
4.514000000000000234e-01
4.766000000000000236e-01
4.892000000000000237e-01
5.041999999999999815e-01
4.829999999999999849e-01
4.600000000000000200e-01
4.611999999999999988e-01
4.447999999999999732e-01
4.435999999999999943e-01
4.278000000000000136e-01
3.904000000000000248e-01
3.821999999999999842e-01
3.854000000000000203e-01
3.891999999999999904e-01
3.708000000000000185e-01
3.412000000000000033e-01
3.477999999999999980e-01
3.281999999999999917e-01
3.371999999999999997e-01
3.307999999999999829e-01
3.304000000000000270e-01
3.506000000000000227e-01
