5.559999999999999665e-02
6.740000000000000158e-02
6.539999999999999980e-02
7.299999999999999545e-02
7.380000000000000449e-02
7.420000000000000207e-02
7.180000000000000271e-02
8.039999999999999925e-02
1.021999999999999992e-01
1.096000000000000030e-01
1.113999999999999990e-01
1.350000000000000089e-01
1.559999999999999998e-01
1.789999999999999925e-01
1.960000000000000075e-01
2.086000000000000076e-01
2.003999999999999948e-01
2.056000000000000050e-01
2.184000000000000108e-01
2.230000000000000038e-01
2.243999999999999884e-01
2.381999999999999951e-01
2.391999999999999960e-01
2.275999999999999968e-01
1.913999999999999868e-01
2.049999999999999878e-01
1.799999999999999933e-01
1.698000000000000065e-01
1.729999999999999871e-01
1.678000000000000047e-01
1.421999999999999931e-01
1.223999999999999949e-01
1.127999999999999975e-01
9.959999999999999409e-02
8.959999999999999909e-02
7.820000000000000562e-02
7.660000000000000142e-02
7.340000000000000691e-02
6.219999999999999835e-02
5.639999999999999875e-02
4.379999999999999866e-02
2.759999999999999953e-02
1.640000000000000138e-02
1.739999999999999880e-02
1.619999999999999912e-02
1.200000000000000025e-02
1.020000000000000073e-02
1.039999999999999952e-02
1.119999999999999989e-02
1.080000000000000057e-02
1.080000000000000057e-02
7.799999999999999642e-03
8.399999999999999481e-03
1.299999999999999940e-02
1.159999999999999920e-02
1.679999999999999896e-02
2.079999999999999905e-02
1.619999999999999912e-02
2.639999999999999986e-02
2.580000000000000002e-02
2.299999999999999961e-02
3.119999999999999857e-02
3.160000000000000309e-02
3.219999999999999946e-02
3.500000000000000333e-02
3.620000000000000301e-02
4.399999999999999745e-02
4.320000000000000229e-02
5.160000000000000003e-02
4.880000000000000310e-02
5.500000000000000028e-02
4.580000000000000043e-02
4.440000000000000197e-02
4.399999999999999745e-02
5.639999999999999875e-02
6.379999999999999560e-02
8.179999999999999771e-02
8.759999999999999731e-02
9.879999999999999893e-02
1.055999999999999994e-01
1.307999999999999996e-01
1.486000000000000099e-01
1.642000000000000126e-01
1.642000000000000126e-01
1.993999999999999939e-01
2.069999999999999896e-01
2.156000000000000139e-01
2.472000000000000031e-01
2.703999999999999737e-01
2.806000000000000161e-01
3.059999999999999942e-01
3.341999999999999971e-01
3.715999999999999859e-01
3.855999999999999983e-01
4.002000000000000002e-01
4.262000000000000233e-01
4.563999999999999724e-01
4.989999999999999991e-01
4.954000000000000070e-01
4.364000000000000101e-01
4.123999999999999888e-01
4.148000000000000020e-01
3.755999999999999894e-01
3.493999999999999884e-01
3.134000000000000119e-01
2.988000000000000100e-01
2.641999999999999904e-01
2.456000000000000127e-01
2.414000000000000035e-01
2.051999999999999935e-01
1.812000000000000000e-01
1.711999999999999911e-01
1.661999999999999866e-01
1.486000000000000099e-01
1.391999999999999904e-01
1.171999999999999986e-01
1.123999999999999999e-01
1.062000000000000027e-01
1.069999999999999979e-01
1.102000000000000063e-01
9.859999999999999321e-02
9.239999999999999603e-02
1.019999999999999934e-01
8.999999999999999667e-02
8.880000000000000393e-02
8.759999999999999731e-02
8.899999999999999578e-02
8.999999999999999667e-02
9.819999999999999563e-02
8.899999999999999578e-02
8.440000000000000280e-02
8.659999999999999643e-02
1.039999999999999952e-01
9.199999999999999845e-02
1.042000000000000010e-01
9.979999999999999982e-02
8.500000000000000611e-02
8.959999999999999909e-02
8.859999999999999820e-02
8.980000000000000482e-02
8.459999999999999465e-02
8.279999999999999860e-02
8.440000000000000280e-02
9.160000000000000087e-02
8.799999999999999489e-02
8.999999999999999667e-02
8.500000000000000611e-02
9.020000000000000240e-02
1.120000000000000023e-01
1.066000000000000003e-01
1.011999999999999983e-01
1.147999999999999993e-01
1.130000000000000032e-01
1.355999999999999983e-01
1.476000000000000090e-01
1.584000000000000130e-01
1.643999999999999906e-01
1.897999999999999965e-01
2.079999999999999905e-01
2.333999999999999964e-01
2.409999999999999920e-01
2.727999999999999869e-01
2.883999999999999897e-01
3.098000000000000198e-01
3.195999999999999952e-01
3.377999999999999892e-01
3.655999999999999805e-01
3.795999999999999930e-01
3.907999999999999807e-01
3.914000000000000257e-01
3.844000000000000195e-01
3.811999999999999833e-01
4.020000000000000240e-01
4.052000000000000046e-01
4.003999999999999782e-01
4.030000000000000249e-01
4.042000000000000037e-01
4.076000000000000179e-01
4.067999999999999949e-01
4.259999999999999898e-01
4.583999999999999742e-01
4.561999999999999944e-01
4.788000000000000034e-01
5.018000000000000238e-01
4.703999999999999848e-01
4.617999999999999883e-01
4.531999999999999917e-01
4.279999999999999916e-01
3.877999999999999781e-01
3.788000000000000256e-01
3.549999999999999822e-01
3.502000000000000113e-01
3.397999999999999909e-01
3.195999999999999952e-01
3.220000000000000084e-01
2.863999999999999879e-01
2.757999999999999896e-01
2.666000000000000036e-01
2.401999999999999968e-01
2.409999999999999920e-01
2.200000000000000011e-01
2.078000000000000125e-01
1.685999999999999999e-01
1.678000000000000047e-01
1.668000000000000038e-01
1.690000000000000113e-01
1.766000000000000070e-01
1.567999999999999949e-01
1.441999999999999948e-01
1.617999999999999994e-01
1.653999999999999915e-01
1.837999999999999912e-01
1.708000000000000074e-01
1.834000000000000075e-01
2.146000000000000130e-01
1.995999999999999996e-01
2.066000000000000059e-01
2.041999999999999926e-01
2.134000000000000064e-01
2.177999999999999936e-01
2.386000000000000065e-01
2.538000000000000256e-01
2.538000000000000256e-01
2.687999999999999834e-01
2.945999999999999730e-01
3.327999999999999847e-01
3.489999999999999769e-01
3.593999999999999972e-01
3.739999999999999991e-01
4.133999999999999897e-01
4.298000000000000154e-01
4.686000000000000165e-01
4.928000000000000158e-01
4.676000000000000156e-01
4.285999999999999810e-01
4.043999999999999817e-01
3.808000000000000274e-01
3.479999999999999760e-01
3.214000000000000190e-01
3.148000000000000242e-01
2.926000000000000267e-01
2.829999999999999738e-01
2.849999999999999756e-01
2.647999999999999798e-01
2.434000000000000052e-01
2.152000000000000024e-01
2.043999999999999984e-01
1.736000000000000043e-01
1.516000000000000125e-01
1.313999999999999890e-01
1.335999999999999965e-01
1.342000000000000137e-01
1.388000000000000067e-01
1.469999999999999918e-01
1.246000000000000024e-01
1.228000000000000064e-01
1.154000000000000026e-01
1.237999999999999934e-01
1.055999999999999994e-01
1.141999999999999960e-01
9.460000000000000353e-02
8.780000000000000304e-02
8.240000000000000102e-02
8.079999999999999682e-02
7.779999999999999416e-02
8.400000000000000522e-02
7.639999999999999569e-02
8.640000000000000457e-02
7.960000000000000409e-02
8.400000000000000522e-02
8.939999999999999336e-02
9.740000000000000047e-02
8.599999999999999312e-02
8.359999999999999376e-02
8.559999999999999554e-02
8.659999999999999643e-02
8.640000000000000457e-02
9.279999999999999361e-02
8.880000000000000393e-02
9.360000000000000264e-02
8.519999999999999796e-02
8.799999999999999489e-02
8.480000000000000038e-02
7.699999999999999900e-02
8.899999999999999578e-02
9.919999999999999651e-02
1.120000000000000023e-01
1.421999999999999931e-01
1.748000000000000109e-01
1.849999999999999978e-01
2.157999999999999918e-01
2.406000000000000083e-01
2.472000000000000031e-01
2.620000000000000107e-01
2.607999999999999763e-01
2.431999999999999995e-01
2.535999999999999921e-01
2.605999999999999983e-01
2.489999999999999991e-01
2.610000000000000098e-01
2.106000000000000094e-01
1.910000000000000031e-01
1.806000000000000105e-01
1.748000000000000109e-01
1.668000000000000038e-01
1.633999999999999897e-01
1.584000000000000130e-01
1.390000000000000124e-01
1.283999999999999864e-01
1.219999999999999973e-01
1.078000000000000069e-01
7.920000000000000651e-02
7.399999999999999634e-02
5.659999999999999754e-02
6.600000000000000311e-02
5.559999999999999665e-02
5.979999999999999899e-02
5.960000000000000020e-02
6.439999999999999891e-02
6.140000000000000319e-02
7.760000000000000231e-02
8.160000000000000586e-02
9.180000000000000659e-02
1.058000000000000052e-01
1.348000000000000032e-01
1.408000000000000085e-01
1.506000000000000116e-01
1.652000000000000135e-01
1.729999999999999871e-01
1.950000000000000067e-01
2.088000000000000134e-01
2.013999999999999957e-01
2.243999999999999884e-01
2.174000000000000099e-01
2.330000000000000127e-01
2.531999999999999806e-01
2.792000000000000037e-01
2.846000000000000196e-01
2.822000000000000064e-01
2.896000000000000241e-01
2.936000000000000276e-01
2.862000000000000099e-01
2.923999999999999932e-01
2.938000000000000056e-01
2.912000000000000144e-01
3.058000000000000163e-01
3.071999999999999731e-01
2.943999999999999950e-01
3.175999999999999934e-01
3.052000000000000268e-01
3.237999999999999767e-01
3.264000000000000234e-01
3.549999999999999822e-01
3.125999999999999890e-01
2.906000000000000250e-01
2.878000000000000003e-01
3.015999999999999792e-01
2.760000000000000231e-01
2.469999999999999973e-01
2.225999999999999923e-01
2.064000000000000001e-01
2.043999999999999984e-01
2.049999999999999878e-01
1.872000000000000053e-01
1.758000000000000118e-01
1.680000000000000104e-01
1.633999999999999897e-01
1.557999999999999940e-01
1.653999999999999915e-01
1.517999999999999905e-01
1.413999999999999979e-01
1.345999999999999974e-01
1.409999999999999865e-01
1.290000000000000036e-01
1.252000000000000057e-01
1.229999999999999982e-01
1.194000000000000061e-01
1.252000000000000057e-01
1.212000000000000022e-01
1.199999999999999956e-01
1.239999999999999991e-01
1.360000000000000098e-01
1.250000000000000000e-01
1.325999999999999956e-01
1.277999999999999969e-01
1.215999999999999998e-01
1.250000000000000000e-01
1.158000000000000002e-01
1.195999999999999980e-01
1.170000000000000068e-01
1.113999999999999990e-01
1.215999999999999998e-01
1.110000000000000014e-01
1.110000000000000014e-01
1.243999999999999967e-01
1.348000000000000032e-01
1.552000000000000046e-01
1.632000000000000117e-01
1.895999999999999908e-01
2.202000000000000068e-01
2.520000000000000018e-01
2.933999999999999941e-01
3.291999999999999926e-01
3.867999999999999772e-01
3.983999999999999764e-01
4.272000000000000242e-01
4.717999999999999972e-01
4.806000000000000272e-01
5.023999999999999577e-01
4.670000000000000262e-01
4.616000000000000103e-01
4.617999999999999883e-01
4.335999999999999854e-01
4.485999999999999988e-01
4.384000000000000119e-01
4.172000000000000153e-01
4.159999999999999809e-01
4.259999999999999898e-01
4.072000000000000064e-01
4.072000000000000064e-01
3.981999999999999984e-01
4.138000000000000012e-01
4.037999999999999923e-01
4.002000000000000002e-01
4.166000000000000258e-01
4.178000000000000047e-01
4.107999999999999985e-01
4.066000000000000170e-01
4.123999999999999888e-01
4.169999999999999818e-01
3.953999999999999737e-01
3.986000000000000099e-01
3.996000000000000107e-01
4.006000000000000116e-01
4.060000000000000275e-01
4.258000000000000118e-01
4.435999999999999943e-01
4.577999999999999847e-01
4.683999999999999830e-01
4.712000000000000077e-01
4.922000000000000264e-01
4.919999999999999929e-01
4.929999999999999938e-01
4.677999999999999936e-01
4.823999999999999955e-01
4.616000000000000103e-01
4.573999999999999733e-01
4.596000000000000085e-01
4.627999999999999892e-01
4.556000000000000050e-01
4.487999999999999767e-01
4.560000000000000164e-01
4.544000000000000261e-01
4.621999999999999997e-01
4.623999999999999777e-01
4.662000000000000033e-01
4.520000000000000129e-01
4.693999999999999839e-01
4.855999999999999761e-01
4.974000000000000088e-01
4.686000000000000165e-01
4.487999999999999767e-01
4.243999999999999995e-01
4.027999999999999914e-01
3.658000000000000140e-01
3.347999999999999865e-01
2.617999999999999772e-01
2.323999999999999955e-01
2.305999999999999994e-01
2.003999999999999948e-01
1.766000000000000070e-01
1.487999999999999878e-01
1.381999999999999895e-01
1.292000000000000093e-01
1.188000000000000028e-01
1.058000000000000052e-01
8.780000000000000304e-02
9.080000000000000571e-02
9.299999999999999933e-02
9.800000000000000377e-02
8.140000000000000013e-02
8.999999999999999667e-02
8.820000000000000062e-02
8.859999999999999820e-02
9.180000000000000659e-02
1.068000000000000060e-01
1.158000000000000002e-01
1.257999999999999952e-01
1.491999999999999993e-01
1.816000000000000114e-01
2.210000000000000020e-01
2.707999999999999852e-01
3.024000000000000021e-01
3.497999999999999998e-01
4.013999999999999790e-01
4.233999999999999986e-01
4.662000000000000033e-01
4.868000000000000105e-01
4.769999999999999796e-01
4.364000000000000101e-01
4.348000000000000198e-01
3.947999999999999843e-01
3.678000000000000158e-01
3.568000000000000060e-01
3.486000000000000210e-01
3.357999999999999874e-01
3.351999999999999980e-01
3.287999999999999812e-01
3.200000000000000067e-01
3.247999999999999776e-01
3.449999999999999734e-01
3.512000000000000122e-01
3.721999999999999753e-01
4.047999999999999932e-01
4.138000000000000012e-01
4.335999999999999854e-01
4.722000000000000086e-01
5.028000000000000247e-01
4.932000000000000273e-01
4.713999999999999857e-01
4.537999999999999812e-01
4.295999999999999819e-01
4.212000000000000188e-01
4.066000000000000170e-01
3.804000000000000159e-01
3.785999999999999921e-01
3.598000000000000087e-01
3.719999999999999973e-01
3.615999999999999770e-01
3.715999999999999859e-01
3.644000000000000017e-01
3.585999999999999743e-01
3.526000000000000245e-01
3.714000000000000079e-01
3.506000000000000227e-01
3.623999999999999999e-01
3.634000000000000008e-01
3.423999999999999821e-01
3.612000000000000210e-01
3.572000000000000175e-01
3.447999999999999954e-01
3.377999999999999892e-01
3.340000000000000191e-01
3.131999999999999784e-01
3.180000000000000049e-01
3.214000000000000190e-01
2.979999999999999871e-01
2.710000000000000187e-01
2.561999999999999833e-01
2.361999999999999933e-01
2.195999999999999897e-01
2.132000000000000006e-01
2.046000000000000041e-01
1.842000000000000026e-01
1.716000000000000025e-01
1.595999999999999919e-01
1.544000000000000095e-01
1.353999999999999926e-01
1.350000000000000089e-01
1.275999999999999912e-01
1.300000000000000044e-01
1.215999999999999998e-01
1.297999999999999987e-01
1.113999999999999990e-01
1.029999999999999943e-01
9.439999999999999780e-02
1.001999999999999974e-01
8.140000000000000013e-02
8.039999999999999925e-02
7.679999999999999327e-02
7.320000000000000118e-02
6.980000000000000093e-02
6.239999999999999714e-02
5.419999999999999818e-02
4.959999999999999826e-02
4.700000000000000011e-02
4.179999999999999688e-02
3.400000000000000244e-02
4.039999999999999841e-02
4.120000000000000051e-02
3.799999999999999906e-02
3.099999999999999978e-02
3.939999999999999752e-02
2.939999999999999905e-02
3.300000000000000155e-02
4.359999999999999987e-02
5.299999999999999850e-02
5.779999999999999721e-02
5.460000000000000270e-02
6.519999999999999407e-02
6.560000000000000553e-02
8.459999999999999465e-02
1.202000000000000013e-01
1.353999999999999926e-01
1.642000000000000126e-01
1.867999999999999938e-01
2.159999999999999976e-01
2.575999999999999956e-01
2.876000000000000223e-01
3.337999999999999856e-01
3.446000000000000174e-01
4.259999999999999898e-01
4.435999999999999943e-01
4.656000000000000139e-01
4.944000000000000061e-01
4.653999999999999804e-01
4.355999999999999872e-01
4.315999999999999837e-01
4.020000000000000240e-01
4.056000000000000161e-01
3.629999999999999893e-01
3.400000000000000244e-01
2.912000000000000144e-01
2.790000000000000258e-01
2.346000000000000030e-01
2.018000000000000071e-01
1.764000000000000012e-01
1.509999999999999953e-01
1.497999999999999887e-01
1.158000000000000002e-01
1.087999999999999939e-01
9.059999999999999998e-02
8.480000000000000038e-02
7.520000000000000295e-02
7.499999999999999722e-02
6.479999999999999649e-02
6.260000000000000286e-02
7.059999999999999609e-02
8.219999999999999529e-02
7.599999999999999811e-02
8.500000000000000611e-02
7.839999999999999747e-02
7.639999999999999569e-02
7.580000000000000626e-02
6.959999999999999520e-02
7.679999999999999327e-02
7.979999999999999594e-02
7.660000000000000142e-02
8.279999999999999860e-02
8.119999999999999440e-02
9.439999999999999780e-02
9.639999999999999958e-02
9.779999999999999805e-02
9.220000000000000417e-02
9.360000000000000264e-02
1.087999999999999939e-01
9.800000000000000377e-02
1.126000000000000056e-01
1.194000000000000061e-01
1.212000000000000022e-01
1.233999999999999958e-01
1.280000000000000027e-01
1.487999999999999878e-01
1.555999999999999883e-01
1.726000000000000034e-01
1.902000000000000079e-01
2.011999999999999900e-01
2.018000000000000071e-01
2.018000000000000071e-01
2.235999999999999932e-01
2.182000000000000051e-01
2.343999999999999972e-01
2.136000000000000121e-01
2.101999999999999980e-01
2.194000000000000117e-01
2.106000000000000094e-01
2.159999999999999976e-01
2.514000000000000123e-01
2.595999999999999974e-01
2.631999999999999895e-01
2.975999999999999757e-01
3.187999999999999723e-01
3.351999999999999980e-01
3.815999999999999948e-01
4.208000000000000074e-01
4.380000000000000004e-01
4.653999999999999804e-01
4.858000000000000096e-01
5.006000000000000449e-01
4.727999999999999980e-01
4.445999999999999952e-01
4.288000000000000145e-01
4.103999999999999870e-01
3.937999999999999834e-01
3.672000000000000264e-01
3.506000000000000227e-01
3.237999999999999767e-01
3.284000000000000252e-01
3.280000000000000138e-01
3.264000000000000234e-01
3.164000000000000146e-01
3.187999999999999723e-01
3.164000000000000146e-01
3.128000000000000225e-01
3.184000000000000163e-01
3.211999999999999855e-01
3.069999999999999951e-01
3.197999999999999732e-01
3.231999999999999873e-01
3.125999999999999890e-01
3.406000000000000139e-01
3.523999999999999910e-01
3.487999999999999989e-01
3.675999999999999823e-01
3.970000000000000195e-01
4.314000000000000057e-01
4.465999999999999970e-01
4.656000000000000139e-01
4.835999999999999743e-01
4.939999999999999947e-01
4.908000000000000140e-01
4.746000000000000218e-01
4.554000000000000270e-01
4.534000000000000252e-01
4.481999999999999873e-01
4.278000000000000136e-01
4.202000000000000179e-01
4.097999999999999976e-01
3.991999999999999993e-01
4.173999999999999932e-01
3.970000000000000195e-01
4.020000000000000240e-01
3.920000000000000151e-01
3.960000000000000187e-01
3.901999999999999913e-01
3.880000000000000115e-01
3.835999999999999965e-01
3.729999999999999982e-01
3.734000000000000097e-01
3.698000000000000176e-01
3.622000000000000219e-01
3.775999999999999912e-01
3.593999999999999972e-01
3.694000000000000061e-01
3.569999999999999840e-01
3.622000000000000219e-01
3.739999999999999991e-01
3.877999999999999781e-01
3.780000000000000027e-01
3.981999999999999984e-01
4.089999999999999747e-01
4.258000000000000118e-01
4.299999999999999933e-01
4.328000000000000180e-01
4.388000000000000234e-01
4.345999999999999863e-01
4.172000000000000153e-01
4.526000000000000023e-01
4.269999999999999907e-01
4.262000000000000233e-01
4.408000000000000251e-01
4.308000000000000163e-01
4.139999999999999791e-01
4.212000000000000188e-01
4.229999999999999871e-01
4.319999999999999951e-01
4.228000000000000091e-01
4.159999999999999809e-01
4.057999999999999940e-01
4.262000000000000233e-01
4.302000000000000268e-01
4.302000000000000268e-01
4.411999999999999811e-01
4.334000000000000075e-01
4.375999999999999890e-01
4.126000000000000223e-01
3.957999999999999852e-01
3.980000000000000204e-01
4.079999999999999738e-01
3.991999999999999993e-01
3.897999999999999798e-01
3.865999999999999992e-01
4.006000000000000116e-01
4.003999999999999782e-01
3.808000000000000274e-01
3.916000000000000036e-01
3.805999999999999939e-01
3.682000000000000273e-01
3.840000000000000080e-01
3.780000000000000027e-01
3.900000000000000133e-01
3.794000000000000150e-01
3.768000000000000238e-01
3.774000000000000132e-01
3.751999999999999780e-01
3.553999999999999937e-01
3.625999999999999779e-01
3.648000000000000131e-01
3.623999999999999999e-01
3.459999999999999742e-01
3.538000000000000034e-01
3.276000000000000023e-01
3.330000000000000182e-01
3.489999999999999769e-01
3.284000000000000252e-01
3.274000000000000243e-01
3.297999999999999821e-01
3.274000000000000243e-01
3.195999999999999952e-01
3.221999999999999864e-01
3.131999999999999784e-01
3.195999999999999952e-01
3.118000000000000216e-01
3.065999999999999837e-01
3.190000000000000058e-01
3.180000000000000049e-01
3.044000000000000039e-01
3.025999999999999801e-01
2.999999999999999889e-01
2.959999999999999853e-01
3.081999999999999740e-01
3.138000000000000234e-01
3.109999999999999987e-01
3.048000000000000154e-01
3.261999999999999900e-01
2.903999999999999915e-01
3.024000000000000021e-01
3.195999999999999952e-01
3.346000000000000085e-01
3.244000000000000217e-01
3.281999999999999917e-01
3.361999999999999988e-01
3.392000000000000015e-01
3.430000000000000271e-01
3.371999999999999997e-01
3.260000000000000120e-01
3.094000000000000083e-01
3.195999999999999952e-01
2.929999999999999827e-01
3.022000000000000242e-01
3.049999999999999933e-01
3.397999999999999909e-01
3.632000000000000228e-01
3.855999999999999983e-01
4.012000000000000011e-01
4.703999999999999848e-01
4.421999999999999820e-01
3.976000000000000090e-01
3.286000000000000032e-01
2.806000000000000161e-01
2.427999999999999881e-01
1.942000000000000115e-01
1.774000000000000021e-01
1.708000000000000074e-01
1.494000000000000050e-01
1.202000000000000013e-01
1.121999999999999942e-01
9.080000000000000571e-02
1.001999999999999974e-01
1.005999999999999950e-01
9.400000000000000022e-02
