3.052000000000000268e-01
2.969999999999999862e-01
2.975999999999999757e-01
2.780000000000000249e-01
2.752000000000000002e-01
2.812000000000000055e-01
3.034000000000000030e-01
2.893999999999999906e-01
2.703999999999999737e-01
2.429999999999999938e-01
2.272000000000000131e-01
2.167999999999999927e-01
2.313999999999999946e-01
2.349999999999999867e-01
2.411999999999999977e-01
2.388000000000000123e-01
2.333999999999999964e-01
2.492000000000000048e-01
2.394000000000000017e-01
2.328000000000000069e-01
2.431999999999999995e-01
2.767999999999999905e-01
2.587999999999999745e-01
2.741999999999999993e-01
3.075999999999999845e-01
3.264000000000000234e-01
3.346000000000000085e-01
3.522000000000000131e-01
3.476000000000000201e-01
3.701999999999999735e-01
3.629999999999999893e-01
3.729999999999999982e-01
3.688000000000000167e-01
3.625999999999999779e-01
3.396000000000000130e-01
3.387999999999999901e-01
3.019999999999999907e-01
2.772000000000000020e-01
2.386000000000000065e-01
2.431999999999999995e-01
2.225999999999999923e-01
1.942000000000000115e-01
1.701999999999999902e-01
1.353999999999999926e-01
1.136000000000000065e-01
1.113999999999999990e-01
1.161999999999999977e-01
8.920000000000000151e-02
9.020000000000000240e-02
8.820000000000000062e-02
8.340000000000000191e-02
8.079999999999999682e-02
6.419999999999999318e-02
6.919999999999999762e-02
7.620000000000000384e-02
7.639999999999999569e-02
7.480000000000000537e-02
8.260000000000000675e-02
8.079999999999999682e-02
7.920000000000000651e-02
8.240000000000000102e-02
7.720000000000000473e-02
8.699999999999999400e-02
8.379999999999999949e-02
8.459999999999999465e-02
7.799999999999999989e-02
7.820000000000000562e-02
8.240000000000000102e-02
8.079999999999999682e-02
7.480000000000000537e-02
7.580000000000000626e-02
6.700000000000000400e-02
7.459999999999999964e-02
6.800000000000000488e-02
7.320000000000000118e-02
6.360000000000000375e-02
7.499999999999999722e-02
7.520000000000000295e-02
6.940000000000000335e-02
8.619999999999999885e-02
9.800000000000000377e-02
9.979999999999999982e-02
9.400000000000000022e-02
1.175999999999999962e-01
1.120000000000000023e-01
1.390000000000000124e-01
1.497999999999999887e-01
1.565999999999999892e-01
1.887999999999999956e-01
1.736000000000000043e-01
1.738000000000000100e-01
1.826000000000000123e-01
1.884000000000000119e-01
2.091999999999999971e-01
2.581999999999999851e-01
2.697999999999999843e-01
2.849999999999999756e-01
3.108000000000000207e-01
3.376000000000000112e-01
3.341999999999999971e-01
3.744000000000000106e-01
3.784000000000000141e-01
4.279999999999999916e-01
4.514000000000000234e-01
4.798000000000000043e-01
4.597999999999999865e-01
4.501999999999999891e-01
4.163999999999999924e-01
4.143999999999999906e-01
3.509999999999999787e-01
3.483999999999999875e-01
3.201999999999999846e-01
2.802000000000000046e-01
2.351999999999999924e-01
2.127999999999999892e-01
1.902000000000000079e-01
1.660000000000000087e-01
1.703999999999999959e-01
1.519999999999999962e-01
1.504000000000000059e-01
1.332000000000000128e-01
1.305999999999999939e-01
1.181999999999999995e-01
1.116000000000000048e-01
1.063999999999999946e-01
8.880000000000000393e-02
8.319999999999999618e-02
7.280000000000000360e-02
6.700000000000000400e-02
7.220000000000000029e-02
6.260000000000000286e-02
7.059999999999999609e-02
7.140000000000000513e-02
8.160000000000000586e-02
7.979999999999999594e-02
8.240000000000000102e-02
9.059999999999999998e-02
1.106000000000000039e-01
1.164000000000000035e-01
1.300000000000000044e-01
1.358000000000000040e-01
1.575999999999999901e-01
1.680000000000000104e-01
1.880000000000000004e-01
2.036000000000000032e-01
2.396000000000000074e-01
2.525999999999999912e-01
2.737999999999999878e-01
2.933999999999999941e-01
3.151999999999999802e-01
3.194000000000000172e-01
3.337999999999999856e-01
3.890000000000000124e-01
4.016000000000000125e-01
4.156000000000000250e-01
3.914000000000000257e-01
4.474000000000000199e-01
4.339999999999999969e-01
4.632000000000000006e-01
4.879999999999999893e-01
5.100000000000000089e-01
4.768000000000000016e-01
4.577999999999999847e-01
4.243999999999999995e-01
4.178000000000000047e-01
3.971999999999999975e-01
3.820000000000000062e-01
3.536000000000000254e-01
3.437999999999999945e-01
3.519999999999999796e-01
3.634000000000000008e-01
3.629999999999999893e-01
3.705999999999999850e-01
3.509999999999999787e-01
3.573999999999999955e-01
3.390000000000000235e-01
3.565999999999999726e-01
3.538000000000000034e-01
3.346000000000000085e-01
3.343999999999999750e-01
3.211999999999999855e-01
3.180000000000000049e-01
3.099999999999999978e-01
3.185999999999999943e-01
3.144000000000000128e-01
3.024000000000000021e-01
3.035999999999999810e-01
3.008000000000000118e-01
3.015999999999999792e-01
3.088000000000000189e-01
2.978000000000000091e-01
3.140000000000000013e-01
3.150000000000000022e-01
3.270000000000000129e-01
3.459999999999999742e-01
3.558000000000000052e-01
3.599999999999999867e-01
3.824000000000000177e-01
3.830000000000000071e-01
4.106000000000000205e-01
4.304000000000000048e-01
4.919999999999999929e-01
4.676000000000000156e-01
4.727999999999999980e-01
4.309999999999999942e-01
3.900000000000000133e-01
3.735999999999999877e-01
3.413999999999999813e-01
3.402000000000000024e-01
3.109999999999999987e-01
2.982000000000000206e-01
2.773999999999999799e-01
2.753999999999999782e-01
2.730000000000000204e-01
2.650000000000000133e-01
2.793999999999999817e-01
2.812000000000000055e-01
3.084000000000000075e-01
3.225999999999999979e-01
3.135999999999999899e-01
3.347999999999999865e-01
3.487999999999999989e-01
3.400000000000000244e-01
3.523999999999999910e-01
3.588000000000000078e-01
3.518000000000000016e-01
3.406000000000000139e-01
3.387999999999999901e-01
3.004000000000000004e-01
3.059999999999999942e-01
2.899999999999999800e-01
2.833999999999999853e-01
2.620000000000000107e-01
2.545999999999999930e-01
2.521999999999999797e-01
2.548000000000000265e-01
2.584000000000000186e-01
2.570000000000000062e-01
2.485999999999999877e-01
2.384000000000000008e-01
2.590000000000000080e-01
2.561999999999999833e-01
2.505999999999999894e-01
2.376000000000000056e-01
2.497999999999999943e-01
2.313999999999999946e-01
2.285999999999999976e-01
2.346000000000000030e-01
2.301999999999999880e-01
2.424000000000000044e-01
2.351999999999999924e-01
2.363999999999999990e-01
2.336000000000000021e-01
2.343999999999999972e-01
2.358000000000000096e-01
2.078000000000000125e-01
2.126000000000000112e-01
2.079999999999999905e-01
1.948000000000000009e-01
1.801999999999999991e-01
1.801999999999999991e-01
1.776000000000000079e-01
1.768000000000000127e-01
1.680000000000000104e-01
1.700000000000000122e-01
1.716000000000000025e-01
1.700000000000000122e-01
1.464000000000000024e-01
1.597999999999999976e-01
1.419999999999999873e-01
1.406000000000000028e-01
1.409999999999999865e-01
1.441999999999999948e-01
1.552000000000000046e-01
1.660000000000000087e-01
1.670000000000000095e-01
1.814000000000000057e-01
1.806000000000000105e-01
1.741999999999999937e-01
1.832000000000000017e-01
1.836000000000000132e-01
1.751999999999999946e-01
1.834000000000000075e-01
1.980000000000000093e-01
2.137999999999999901e-01
2.172000000000000042e-01
2.167999999999999927e-01
2.195999999999999897e-01
2.270000000000000073e-01
2.386000000000000065e-01
2.514000000000000123e-01
2.733999999999999764e-01
3.012000000000000233e-01
3.175999999999999934e-01
3.834000000000000186e-01
4.016000000000000125e-01
4.391999999999999793e-01
4.873999999999999999e-01
4.561999999999999944e-01
4.043999999999999817e-01
3.725999999999999868e-01
3.538000000000000034e-01
3.048000000000000154e-01
2.829999999999999738e-01
2.495999999999999885e-01
2.215999999999999914e-01
2.097999999999999865e-01
1.787999999999999867e-01
1.729999999999999871e-01
1.532000000000000028e-01
1.390000000000000124e-01
1.355999999999999983e-01
1.198000000000000037e-01
1.111999999999999933e-01
1.062000000000000027e-01
9.879999999999999893e-02
9.700000000000000289e-02
9.740000000000000047e-02
9.479999999999999538e-02
9.420000000000000595e-02
9.819999999999999563e-02
1.004000000000000031e-01
9.760000000000000620e-02
9.020000000000000240e-02
9.299999999999999933e-02
9.139999999999999514e-02
1.000000000000000056e-01
1.082000000000000045e-01
1.178000000000000019e-01
1.116000000000000048e-01
1.107999999999999957e-01
1.239999999999999991e-01
1.151999999999999968e-01
1.168000000000000010e-01
1.068000000000000060e-01
1.025999999999999968e-01
1.058000000000000052e-01
1.021999999999999992e-01
1.004000000000000031e-01
1.161999999999999977e-01
1.100000000000000006e-01
9.639999999999999958e-02
9.879999999999999893e-02
8.619999999999999885e-02
8.740000000000000546e-02
8.859999999999999820e-02
6.940000000000000335e-02
6.700000000000000400e-02
8.379999999999999949e-02
8.200000000000000344e-02
8.580000000000000127e-02
7.480000000000000537e-02
8.880000000000000393e-02
9.320000000000000506e-02
9.239999999999999603e-02
1.062000000000000027e-01
1.164000000000000035e-01
1.202000000000000013e-01
1.320000000000000062e-01
1.466000000000000081e-01
1.688000000000000056e-01
1.895999999999999908e-01
2.010000000000000120e-01
2.217999999999999972e-01
2.156000000000000139e-01
2.046000000000000041e-01
2.119999999999999940e-01
2.263999999999999901e-01
2.356000000000000039e-01
2.439999999999999947e-01
2.484000000000000097e-01
2.800000000000000266e-01
2.796000000000000152e-01
2.939999999999999836e-01
3.261999999999999900e-01
3.593999999999999972e-01
3.638000000000000123e-01
3.821999999999999842e-01
4.047999999999999932e-01
4.298000000000000154e-01
4.361999999999999766e-01
4.203999999999999959e-01
4.006000000000000116e-01
4.096000000000000196e-01
3.901999999999999913e-01
3.804000000000000159e-01
3.814000000000000168e-01
3.655999999999999805e-01
3.410000000000000253e-01
3.426000000000000156e-01
3.148000000000000242e-01
2.998000000000000109e-01
3.059999999999999942e-01
2.767999999999999905e-01
2.472000000000000031e-01
2.300000000000000100e-01
2.398000000000000131e-01
2.167999999999999927e-01
2.368000000000000105e-01
2.195999999999999897e-01
1.981999999999999873e-01
1.867999999999999938e-01
1.655999999999999972e-01
1.365999999999999992e-01
1.355999999999999983e-01
1.275999999999999912e-01
1.312000000000000111e-01
1.062000000000000027e-01
1.044000000000000067e-01
1.068000000000000060e-01
1.168000000000000010e-01
1.209999999999999964e-01
1.209999999999999964e-01
1.155999999999999944e-01
1.293999999999999873e-01
1.243999999999999967e-01
1.287999999999999978e-01
1.272000000000000075e-01
1.547999999999999932e-01
1.383999999999999952e-01
1.613999999999999879e-01
1.854000000000000092e-01
1.622000000000000108e-01
1.973999999999999921e-01
2.182000000000000051e-01
2.511999999999999789e-01
2.656000000000000028e-01
2.933999999999999941e-01
3.400000000000000244e-01
3.860000000000000098e-01
4.733999999999999875e-01
4.855999999999999761e-01
4.451999999999999846e-01
3.876000000000000001e-01
3.589999999999999858e-01
3.462000000000000077e-01
2.968000000000000083e-01
2.757999999999999896e-01
2.504000000000000115e-01
2.305999999999999994e-01
2.156000000000000139e-01
2.132000000000000006e-01
1.751999999999999946e-01
1.719999999999999862e-01
1.758000000000000118e-01
1.787999999999999867e-01
1.791999999999999982e-01
1.693999999999999950e-01
1.854000000000000092e-01
1.849999999999999978e-01
1.816000000000000114e-01
2.039999999999999869e-01
2.258000000000000007e-01
2.262000000000000122e-01
2.464000000000000079e-01
2.717999999999999861e-01
2.766000000000000125e-01
3.254000000000000226e-01
3.251999999999999891e-01
3.487999999999999989e-01
3.835999999999999965e-01
4.087999999999999967e-01
4.490000000000000102e-01
4.733999999999999875e-01
4.752000000000000113e-01
4.610000000000000209e-01
4.381999999999999784e-01
4.106000000000000205e-01
3.821999999999999842e-01
3.493999999999999884e-01
3.115999999999999881e-01
2.982000000000000206e-01
2.833999999999999853e-01
2.640000000000000124e-01
2.561999999999999833e-01
2.378000000000000114e-01
2.333999999999999964e-01
2.194000000000000117e-01
2.223999999999999866e-01
2.000000000000000111e-01
2.235999999999999932e-01
2.214000000000000135e-01
2.343999999999999972e-01
2.627999999999999781e-01
2.630000000000000115e-01
2.866000000000000214e-01
3.044000000000000039e-01
3.140000000000000013e-01
3.205999999999999961e-01
3.453999999999999848e-01
3.420000000000000262e-01
3.731999999999999762e-01
4.046000000000000152e-01
3.963999999999999746e-01
3.997999999999999887e-01
4.365999999999999881e-01
4.349999999999999978e-01
4.706000000000000183e-01
4.799999999999999822e-01
4.912000000000000255e-01
4.550000000000000155e-01
3.830000000000000071e-01
3.422000000000000042e-01
3.055999999999999828e-01
2.700000000000000178e-01
2.240000000000000047e-01
2.290000000000000091e-01
1.932000000000000106e-01
1.738000000000000100e-01
1.623999999999999888e-01
1.332000000000000128e-01
1.257999999999999952e-01
1.194000000000000061e-01
1.076000000000000012e-01
1.106000000000000039e-01
1.048000000000000043e-01
1.068000000000000060e-01
1.086000000000000021e-01
1.185999999999999971e-01
1.303999999999999881e-01
1.312000000000000111e-01
1.464000000000000024e-01
1.542000000000000037e-01
1.600000000000000033e-01
1.605999999999999928e-01
1.633999999999999897e-01
1.778000000000000136e-01
1.817999999999999894e-01
1.743999999999999995e-01
1.915999999999999925e-01
1.913999999999999868e-01
1.894000000000000128e-01
1.990000000000000102e-01
1.973999999999999921e-01
1.920000000000000040e-01
1.718000000000000083e-01
1.545999999999999874e-01
1.509999999999999953e-01
1.477999999999999869e-01
1.368000000000000049e-01
1.363999999999999935e-01
1.247999999999999943e-01
1.175999999999999962e-01
9.840000000000000135e-02
1.019999999999999934e-01
8.079999999999999682e-02
9.520000000000000684e-02
8.260000000000000675e-02
8.340000000000000191e-02
7.779999999999999416e-02
7.520000000000000295e-02
7.699999999999999900e-02
7.779999999999999416e-02
1.015999999999999959e-01
1.089999999999999997e-01
1.137999999999999984e-01
1.223999999999999949e-01
1.401999999999999913e-01
1.718000000000000083e-01
1.764000000000000012e-01
2.104000000000000037e-01
2.197999999999999954e-01
2.676000000000000045e-01
3.068000000000000171e-01
3.297999999999999821e-01
3.715999999999999859e-01
3.953999999999999737e-01
4.192000000000000171e-01
4.324000000000000066e-01
4.176000000000000267e-01
4.556000000000000050e-01
4.481999999999999873e-01
4.697999999999999954e-01
4.706000000000000183e-01
4.623999999999999777e-01
4.723999999999999866e-01
4.547999999999999821e-01
4.799999999999999822e-01
4.822000000000000175e-01
4.788000000000000034e-01
4.945999999999999841e-01
4.995999999999999885e-01
4.842000000000000193e-01
4.768000000000000016e-01
4.706000000000000183e-01
4.321999999999999731e-01
3.788000000000000256e-01
3.613999999999999990e-01
3.119999999999999996e-01
2.681999999999999940e-01
2.429999999999999938e-01
2.091999999999999971e-01
1.824000000000000066e-01
1.477999999999999869e-01
9.979999999999999982e-02
8.980000000000000482e-02
7.099999999999999367e-02
5.700000000000000205e-02
4.859999999999999737e-02
4.499999999999999833e-02
2.620000000000000107e-02
2.179999999999999993e-02
1.519999999999999997e-02
1.679999999999999896e-02
1.239999999999999956e-02
8.800000000000000530e-03
8.600000000000000006e-03
5.199999999999999761e-03
4.599999999999999922e-03
5.000000000000000104e-03
4.400000000000000265e-03
2.399999999999999790e-03
3.599999999999999901e-03
2.799999999999999972e-03
3.000000000000000062e-03
2.000000000000000042e-03
2.200000000000000133e-03
1.000000000000000021e-03
4.000000000000000192e-04
5.999999999999999474e-04
5.999999999999999474e-04
1.199999999999999895e-03
5.999999999999999474e-04
8.000000000000000383e-04
8.000000000000000383e-04
8.000000000000000383e-04
1.399999999999999986e-03
1.199999999999999895e-03
1.199999999999999895e-03
3.200000000000000153e-03
1.000000000000000021e-02
1.220000000000000077e-02
1.839999999999999969e-02
3.259999999999999704e-02
4.619999999999999801e-02
4.839999999999999858e-02
7.259999999999999787e-02
9.420000000000000595e-02
1.055999999999999994e-01
1.320000000000000062e-01
1.423999999999999988e-01
1.590000000000000024e-01
1.749999999999999889e-01
1.894000000000000128e-01
1.940000000000000058e-01
1.960000000000000075e-01
2.088000000000000134e-01
2.137999999999999901e-01
2.321999999999999897e-01
2.401999999999999968e-01
2.454000000000000070e-01
2.640000000000000124e-01
2.520000000000000018e-01
2.647999999999999798e-01
2.358000000000000096e-01
2.311999999999999889e-01
2.358000000000000096e-01
2.333999999999999964e-01
2.313999999999999946e-01
2.321999999999999897e-01
2.152000000000000024e-01
2.495999999999999885e-01
2.308000000000000052e-01
2.437999999999999889e-01
2.404000000000000026e-01
2.560000000000000053e-01
2.717999999999999861e-01
2.504000000000000115e-01
2.730000000000000204e-01
2.842000000000000082e-01
2.876000000000000223e-01
3.160000000000000031e-01
3.493999999999999884e-01
3.619999999999999885e-01
3.904000000000000248e-01
4.209999999999999853e-01
4.359999999999999987e-01
4.530000000000000138e-01
4.853999999999999981e-01
4.934000000000000052e-01
5.101999999999999869e-01
4.762000000000000122e-01
4.450000000000000067e-01
4.369999999999999996e-01
4.089999999999999747e-01
4.052000000000000046e-01
3.847999999999999754e-01
3.805999999999999939e-01
3.602000000000000202e-01
3.764000000000000123e-01
3.575999999999999734e-01
3.280000000000000138e-01
3.211999999999999855e-01
3.244000000000000217e-01
3.306000000000000050e-01
3.215999999999999970e-01
3.114000000000000101e-01
2.797999999999999932e-01
2.646000000000000019e-01
2.570000000000000062e-01
2.631999999999999895e-01
2.293999999999999928e-01
2.159999999999999976e-01
2.026000000000000023e-01
1.865999999999999881e-01
1.622000000000000108e-01
1.383999999999999952e-01
1.342000000000000137e-01
1.368000000000000049e-01
1.239999999999999991e-01
1.034000000000000058e-01
1.053999999999999937e-01
9.600000000000000200e-02
8.980000000000000482e-02
8.619999999999999885e-02
7.939999999999999836e-02
7.299999999999999545e-02
6.439999999999999891e-02
5.979999999999999899e-02
6.900000000000000577e-02
6.980000000000000093e-02
6.919999999999999762e-02
6.700000000000000400e-02
6.640000000000000069e-02
6.900000000000000577e-02
6.320000000000000617e-02
6.379999999999999560e-02
6.460000000000000464e-02
7.599999999999999811e-02
7.399999999999999634e-02
8.039999999999999925e-02
8.680000000000000215e-02
8.359999999999999376e-02
9.299999999999999933e-02
9.360000000000000264e-02
9.420000000000000595e-02
9.360000000000000264e-02
1.044000000000000067e-01
1.001999999999999974e-01
9.299999999999999933e-02
9.520000000000000684e-02
9.760000000000000620e-02
1.048000000000000043e-01
1.015999999999999959e-01
1.066000000000000003e-01
1.155999999999999944e-01
1.134000000000000008e-01
1.171999999999999986e-01
1.158000000000000002e-01
1.213999999999999940e-01
1.280000000000000027e-01
1.419999999999999873e-01
1.652000000000000135e-01
1.577999999999999958e-01
1.764000000000000012e-01
1.847999999999999921e-01
1.935999999999999943e-01
2.026000000000000023e-01
2.101999999999999980e-01
2.281999999999999862e-01
2.431999999999999995e-01
2.446000000000000119e-01
2.700000000000000178e-01
2.654000000000000248e-01
2.666000000000000036e-01
2.985999999999999766e-01
3.125999999999999890e-01
3.360000000000000209e-01
3.453999999999999848e-01
3.857999999999999763e-01
3.820000000000000062e-01
3.874000000000000221e-01
4.123999999999999888e-01
4.179999999999999827e-01
4.178000000000000047e-01
4.550000000000000155e-01
4.520000000000000129e-01
4.514000000000000234e-01
4.642000000000000015e-01
4.627999999999999892e-01
4.798000000000000043e-01
4.848000000000000087e-01
4.789999999999999813e-01
4.974000000000000088e-01
4.938000000000000167e-01
4.919999999999999929e-01
4.703999999999999848e-01
4.657999999999999918e-01
4.485999999999999988e-01
4.334000000000000075e-01
4.520000000000000129e-01
4.561999999999999944e-01
4.969999999999999973e-01
4.858000000000000096e-01
4.739999999999999769e-01
4.663999999999999813e-01
4.331999999999999740e-01
4.312000000000000277e-01
4.188000000000000056e-01
4.259999999999999898e-01
4.179999999999999827e-01
4.103999999999999870e-01
3.976000000000000090e-01
4.003999999999999782e-01
4.033999999999999808e-01
3.987999999999999878e-01
4.381999999999999784e-01
4.378000000000000225e-01
4.621999999999999997e-01
4.610000000000000209e-01
4.909999999999999920e-01
4.872000000000000219e-01
4.938000000000000167e-01
5.016000000000000458e-01
4.922000000000000264e-01
4.935999999999999832e-01
5.011999999999999789e-01
4.904000000000000026e-01
4.752000000000000113e-01
4.792000000000000148e-01
4.680000000000000271e-01
4.540000000000000147e-01
4.812000000000000166e-01
4.713999999999999857e-01
4.561999999999999944e-01
4.726000000000000201e-01
4.902000000000000246e-01
4.677999999999999936e-01
4.813999999999999946e-01
4.686000000000000165e-01
4.560000000000000164e-01
4.561999999999999944e-01
4.520000000000000129e-01
4.123999999999999888e-01
4.299999999999999933e-01
4.208000000000000074e-01
4.083999999999999853e-01
4.046000000000000152e-01
4.126000000000000223e-01
4.112000000000000099e-01
4.077999999999999958e-01
4.302000000000000268e-01
4.258000000000000118e-01
4.288000000000000145e-01
4.461999999999999855e-01
4.600000000000000200e-01
4.793999999999999928e-01
4.875999999999999779e-01
4.949999999999999956e-01
4.929999999999999938e-01
4.758000000000000007e-01
