3.877999999999999781e-01
4.616000000000000103e-01
4.630000000000000226e-01
4.218000000000000083e-01
3.575999999999999734e-01
2.810000000000000275e-01
2.121999999999999997e-01
1.585999999999999910e-01
1.441999999999999948e-01
1.267999999999999960e-01
1.076000000000000012e-01
7.699999999999999900e-02
6.099999999999999867e-02
4.039999999999999841e-02
2.419999999999999929e-02
2.079999999999999905e-02
1.940000000000000058e-02
2.419999999999999929e-02
3.239999999999999825e-02
3.219999999999999946e-02
3.579999999999999849e-02
3.980000000000000204e-02
5.319999999999999729e-02
5.340000000000000302e-02
7.839999999999999747e-02
8.119999999999999440e-02
1.059999999999999970e-01
1.701999999999999902e-01
2.074000000000000010e-01
2.240000000000000047e-01
2.361999999999999933e-01
2.939999999999999836e-01
3.058000000000000163e-01
3.603999999999999981e-01
3.950000000000000178e-01
4.258000000000000118e-01
4.643999999999999795e-01
4.670000000000000262e-01
4.339999999999999969e-01
3.980000000000000204e-01
3.528000000000000025e-01
2.899999999999999800e-01
2.340000000000000135e-01
1.801999999999999991e-01
1.814000000000000057e-01
2.036000000000000032e-01
1.985999999999999988e-01
2.912000000000000144e-01
3.459999999999999742e-01
3.634000000000000008e-01
3.880000000000000115e-01
3.724000000000000088e-01
3.297999999999999821e-01
3.287999999999999812e-01
3.270000000000000129e-01
3.012000000000000233e-01
2.716000000000000081e-01
2.449999999999999956e-01
2.270000000000000073e-01
2.288000000000000034e-01
2.328000000000000069e-01
2.291999999999999871e-01
2.555999999999999939e-01
2.472000000000000031e-01
3.042000000000000259e-01
3.748000000000000220e-01
4.451999999999999846e-01
4.799999999999999822e-01
4.408000000000000251e-01
4.282000000000000250e-01
3.946000000000000063e-01
3.721999999999999753e-01
3.851999999999999869e-01
3.658000000000000140e-01
3.880000000000000115e-01
4.119999999999999774e-01
4.495999999999999996e-01
4.809999999999999831e-01
5.053999999999999604e-01
4.994000000000000106e-01
4.951999999999999735e-01
4.769999999999999796e-01
4.796000000000000263e-01
4.335999999999999854e-01
4.209999999999999853e-01
4.066000000000000170e-01
3.820000000000000062e-01
3.798000000000000265e-01
3.436000000000000165e-01
3.297999999999999821e-01
2.953999999999999959e-01
3.074000000000000066e-01
3.207999999999999741e-01
3.130000000000000004e-01
2.859999999999999765e-01
2.810000000000000275e-01
2.892000000000000126e-01
3.042000000000000259e-01
3.231999999999999873e-01
3.701999999999999735e-01
3.619999999999999885e-01
4.212000000000000188e-01
4.676000000000000156e-01
4.052000000000000046e-01
3.648000000000000131e-01
3.709999999999999964e-01
3.592000000000000193e-01
3.333999999999999742e-01
3.509999999999999787e-01
3.472000000000000086e-01
3.360000000000000209e-01
2.747999999999999887e-01
2.147999999999999909e-01
1.978000000000000036e-01
1.935999999999999943e-01
1.885999999999999899e-01
1.766000000000000070e-01
1.517999999999999905e-01
1.229999999999999982e-01
1.069999999999999979e-01
1.209999999999999964e-01
1.097999999999999948e-01
1.222000000000000031e-01
1.215999999999999998e-01
1.484000000000000041e-01
1.633999999999999897e-01
1.681999999999999884e-01
1.565999999999999892e-01
1.388000000000000067e-01
1.242000000000000048e-01
1.154000000000000026e-01
1.228000000000000064e-01
1.466000000000000081e-01
1.930000000000000049e-01
1.736000000000000043e-01
1.582000000000000073e-01
1.512000000000000011e-01
1.343999999999999917e-01
1.390000000000000124e-01
2.048000000000000098e-01
2.614000000000000212e-01
3.128000000000000225e-01
3.230000000000000093e-01
3.575999999999999734e-01
3.748000000000000220e-01
4.212000000000000188e-01
4.308000000000000163e-01
4.616000000000000103e-01
4.676000000000000156e-01
4.743999999999999884e-01
4.586000000000000076e-01
4.338000000000000189e-01
4.319999999999999951e-01
4.312000000000000277e-01
3.897999999999999798e-01
3.941999999999999948e-01
3.721999999999999753e-01
3.708000000000000185e-01
3.210000000000000075e-01
2.998000000000000109e-01
2.467999999999999916e-01
2.162000000000000033e-01
1.822000000000000008e-01
1.585999999999999910e-01
1.690000000000000113e-01
1.537999999999999923e-01
1.942000000000000115e-01
2.182000000000000051e-01
2.641999999999999904e-01
2.833999999999999853e-01
3.310000000000000164e-01
3.820000000000000062e-01
4.401999999999999802e-01
4.617999999999999883e-01
4.264000000000000012e-01
3.953999999999999737e-01
3.840000000000000080e-01
3.619999999999999885e-01
3.469999999999999751e-01
3.612000000000000210e-01
3.784000000000000141e-01
3.811999999999999833e-01
3.840000000000000080e-01
3.719999999999999973e-01
3.513999999999999901e-01
3.422000000000000042e-01
3.331999999999999962e-01
3.261999999999999900e-01
2.979999999999999871e-01
3.039999999999999925e-01
3.009999999999999898e-01
3.247999999999999776e-01
3.331999999999999962e-01
3.835999999999999965e-01
3.874000000000000221e-01
4.358000000000000207e-01
4.873999999999999999e-01
4.526000000000000023e-01
3.612000000000000210e-01
3.569999999999999840e-01
3.333999999999999742e-01
3.499999999999999778e-01
3.497999999999999998e-01
3.698000000000000176e-01
3.845999999999999974e-01
4.321999999999999731e-01
4.650000000000000244e-01
4.855999999999999761e-01
4.888000000000000123e-01
4.739999999999999769e-01
4.630000000000000226e-01
4.773999999999999910e-01
4.530000000000000138e-01
4.610000000000000209e-01
4.899999999999999911e-01
4.504000000000000226e-01
4.554000000000000270e-01
4.401999999999999802e-01
4.314000000000000057e-01
4.096000000000000196e-01
4.040000000000000258e-01
4.037999999999999923e-01
4.012000000000000011e-01
3.966000000000000081e-01
3.558000000000000052e-01
3.377999999999999892e-01
3.171999999999999820e-01
3.274000000000000243e-01
3.190000000000000058e-01
3.225999999999999979e-01
3.528000000000000025e-01
3.254000000000000226e-01
3.430000000000000271e-01
2.982000000000000206e-01
2.570000000000000062e-01
2.169999999999999984e-01
1.585999999999999910e-01
1.262000000000000066e-01
8.540000000000000369e-02
6.619999999999999496e-02
6.099999999999999867e-02
4.580000000000000043e-02
4.299999999999999656e-02
3.740000000000000269e-02
3.579999999999999849e-02
2.160000000000000114e-02
1.619999999999999912e-02
1.220000000000000077e-02
5.199999999999999761e-03
5.000000000000000104e-03
8.000000000000000167e-03
4.900000000000000189e-02
1.759999999999999898e-01
2.992000000000000215e-01
3.699999999999999956e-01
4.138000000000000012e-01
4.706000000000000183e-01
4.314000000000000057e-01
3.669999999999999929e-01
3.386000000000000121e-01
3.022000000000000242e-01
2.973999999999999977e-01
3.357999999999999874e-01
3.588000000000000078e-01
3.508000000000000007e-01
3.894000000000000239e-01
4.168000000000000038e-01
4.626000000000000112e-01
4.808000000000000052e-01
4.305999999999999828e-01
4.082000000000000073e-01
3.755999999999999894e-01
3.817999999999999727e-01
3.635999999999999788e-01
3.613999999999999990e-01
3.659999999999999920e-01
3.758000000000000229e-01
3.851999999999999869e-01
4.036000000000000143e-01
4.122000000000000108e-01
4.117999999999999994e-01
4.079999999999999738e-01
4.242000000000000215e-01
4.162000000000000144e-01
4.066000000000000170e-01
3.800000000000000044e-01
3.402000000000000024e-01
2.740000000000000213e-01
2.399999999999999911e-01
2.039999999999999869e-01
1.955999999999999961e-01
2.396000000000000074e-01
3.130000000000000004e-01
3.543999999999999928e-01
4.027999999999999914e-01
4.239999999999999880e-01
4.511999999999999900e-01
4.768000000000000016e-01
4.526000000000000023e-01
4.384000000000000119e-01
4.017999999999999905e-01
3.844000000000000195e-01
3.854000000000000203e-01
3.543999999999999928e-01
3.499999999999999778e-01
3.326000000000000068e-01
3.841999999999999860e-01
3.170000000000000040e-01
2.908000000000000029e-01
2.863999999999999879e-01
2.812000000000000055e-01
2.962000000000000188e-01
4.212000000000000188e-01
4.636000000000000121e-01
3.518000000000000016e-01
2.948000000000000065e-01
2.041999999999999926e-01
2.026000000000000023e-01
2.328000000000000069e-01
2.706000000000000072e-01
2.634000000000000230e-01
2.716000000000000081e-01
3.523999999999999910e-01
3.845999999999999974e-01
4.086000000000000187e-01
4.122000000000000108e-01
3.572000000000000175e-01
3.214000000000000190e-01
2.770000000000000240e-01
2.716000000000000081e-01
2.903999999999999915e-01
3.155999999999999917e-01
3.420000000000000262e-01
3.821999999999999842e-01
4.325999999999999845e-01
4.627999999999999892e-01
4.855999999999999761e-01
4.768000000000000016e-01
4.324000000000000066e-01
4.166000000000000258e-01
3.764000000000000123e-01
3.784000000000000141e-01
3.820000000000000062e-01
3.563999999999999946e-01
3.351999999999999980e-01
3.695999999999999841e-01
3.679999999999999938e-01
4.026000000000000134e-01
2.916000000000000258e-01
1.610000000000000042e-01
9.700000000000000289e-02
8.060000000000000497e-02
5.859999999999999931e-02
4.839999999999999858e-02
3.219999999999999946e-02
3.239999999999999825e-02
2.319999999999999840e-02
1.919999999999999832e-02
1.200000000000000025e-02
1.039999999999999952e-02
5.799999999999999600e-03
1.359999999999999924e-02
1.020000000000000073e-02
1.159999999999999920e-02
1.039999999999999952e-02
6.799999999999999621e-03
6.599999999999999964e-03
5.000000000000000104e-03
5.799999999999999600e-03
8.399999999999999481e-03
1.779999999999999985e-02
3.860000000000000236e-02
7.240000000000000602e-02
8.899999999999999578e-02
1.181999999999999995e-01
1.188000000000000028e-01
1.150000000000000050e-01
1.137999999999999984e-01
9.579999999999999627e-02
9.700000000000000289e-02
8.599999999999999312e-02
7.240000000000000602e-02
7.699999999999999900e-02
5.559999999999999665e-02
6.219999999999999835e-02
9.360000000000000264e-02
9.360000000000000264e-02
9.260000000000000175e-02
8.599999999999999312e-02
6.339999999999999802e-02
6.279999999999999472e-02
3.440000000000000002e-02
1.280000000000000061e-02
6.400000000000000307e-03
2.799999999999999972e-03
1.600000000000000077e-03
2.000000000000000096e-04
1.600000000000000077e-03
8.000000000000000383e-04
4.000000000000000192e-04
1.000000000000000021e-03
1.199999999999999895e-03
2.799999999999999972e-03
5.400000000000000286e-03
2.000000000000000042e-02
4.540000000000000285e-02
8.840000000000000635e-02
1.925999999999999934e-01
3.029999999999999916e-01
3.721999999999999753e-01
4.239999999999999880e-01
4.032000000000000028e-01
3.688000000000000167e-01
3.672000000000000264e-01
3.901999999999999913e-01
4.195999999999999730e-01
4.454000000000000181e-01
4.985999999999999877e-01
4.597999999999999865e-01
4.789999999999999813e-01
4.526000000000000023e-01
4.072000000000000064e-01
3.699999999999999956e-01
2.975999999999999757e-01
2.853999999999999870e-01
3.022000000000000242e-01
2.776000000000000134e-01
2.836000000000000187e-01
2.978000000000000091e-01
3.588000000000000078e-01
3.834000000000000186e-01
3.835999999999999965e-01
3.397999999999999909e-01
2.882000000000000117e-01
2.741999999999999993e-01
2.311999999999999889e-01
1.789999999999999925e-01
1.784000000000000030e-01
1.494000000000000050e-01
1.390000000000000124e-01
1.093999999999999972e-01
1.063999999999999946e-01
6.320000000000000617e-02
3.839999999999999664e-02
3.559999999999999970e-02
4.479999999999999954e-02
5.539999999999999786e-02
1.277999999999999969e-01
2.384000000000000008e-01
3.304000000000000270e-01
3.896000000000000019e-01
4.852000000000000202e-01
4.020000000000000240e-01
3.953999999999999737e-01
3.996000000000000107e-01
3.906000000000000028e-01
3.664000000000000035e-01
3.760000000000000009e-01
4.215999999999999748e-01
4.672000000000000042e-01
5.070000000000000062e-01
4.749999999999999778e-01
4.660000000000000253e-01
4.786000000000000254e-01
4.889999999999999902e-01
4.461999999999999855e-01
4.650000000000000244e-01
4.929999999999999938e-01
4.464000000000000190e-01
4.183999999999999941e-01
4.037999999999999923e-01
4.484000000000000208e-01
4.799999999999999822e-01
4.464000000000000190e-01
4.060000000000000275e-01
4.149999999999999800e-01
3.977999999999999869e-01
3.585999999999999743e-01
3.684000000000000052e-01
3.506000000000000227e-01
3.605999999999999761e-01
3.602000000000000202e-01
4.315999999999999837e-01
4.374000000000000110e-01
4.242000000000000215e-01
3.847999999999999754e-01
4.027999999999999914e-01
4.335999999999999854e-01
4.832000000000000184e-01
4.551999999999999935e-01
4.349999999999999978e-01
3.301999999999999935e-01
2.091999999999999971e-01
1.068000000000000060e-01
5.600000000000000117e-02
4.560000000000000164e-02
5.480000000000000149e-02
6.800000000000000488e-02
9.160000000000000087e-02
1.661999999999999866e-01
2.406000000000000083e-01
3.211999999999999855e-01
4.069999999999999729e-01
4.225999999999999757e-01
4.616000000000000103e-01
4.657999999999999918e-01
4.818000000000000060e-01
4.510000000000000120e-01
4.129999999999999782e-01
3.533999999999999919e-01
3.340000000000000191e-01
2.859999999999999765e-01
2.773999999999999799e-01
3.410000000000000253e-01
5.108000000000000318e-01
3.008000000000000118e-01
2.444000000000000061e-01
1.144000000000000017e-01
1.218000000000000055e-01
1.632000000000000117e-01
2.313999999999999946e-01
2.973999999999999977e-01
3.526000000000000245e-01
3.447999999999999954e-01
3.497999999999999998e-01
3.039999999999999925e-01
2.316000000000000003e-01
2.495999999999999885e-01
2.747999999999999887e-01
2.442000000000000004e-01
2.381999999999999951e-01
2.462000000000000022e-01
2.494000000000000106e-01
2.646000000000000019e-01
3.144000000000000128e-01
4.269999999999999907e-01
4.390000000000000013e-01
3.682000000000000273e-01
4.052000000000000046e-01
3.091999999999999749e-01
2.826000000000000179e-01
2.847999999999999976e-01
2.700000000000000178e-01
2.637999999999999790e-01
2.464000000000000079e-01
2.187999999999999945e-01
2.003999999999999948e-01
1.907999999999999974e-01
1.353999999999999926e-01
8.820000000000000062e-02
6.800000000000000488e-02
4.639999999999999680e-02
4.800000000000000100e-02
4.460000000000000075e-02
4.519999999999999712e-02
3.520000000000000212e-02
5.140000000000000124e-02
6.040000000000000230e-02
9.059999999999999998e-02
9.619999999999999385e-02
1.066000000000000003e-01
1.219999999999999973e-01
1.958000000000000018e-01
2.610000000000000098e-01
2.706000000000000072e-01
2.827999999999999958e-01
2.466000000000000136e-01
2.056000000000000050e-01
1.768000000000000127e-01
1.458000000000000129e-01
9.940000000000000224e-02
9.099999999999999756e-02
6.579999999999999738e-02
4.700000000000000011e-02
2.840000000000000163e-02
2.539999999999999897e-02
3.339999999999999913e-02
7.080000000000000182e-02
9.500000000000000111e-02
1.973999999999999921e-01
2.584000000000000186e-01
3.877999999999999781e-01
4.299999999999999933e-01
4.497999999999999776e-01
4.858000000000000096e-01
4.640000000000000235e-01
4.077999999999999958e-01
3.977999999999999869e-01
3.754000000000000115e-01
4.825999999999999734e-01
4.894000000000000017e-01
4.213999999999999968e-01
3.795999999999999930e-01
3.138000000000000234e-01
2.561999999999999833e-01
1.681999999999999884e-01
1.136000000000000065e-01
8.079999999999999682e-02
7.820000000000000562e-02
1.103999999999999981e-01
1.575999999999999901e-01
2.008000000000000063e-01
2.134000000000000064e-01
1.691999999999999893e-01
1.532000000000000028e-01
1.222000000000000031e-01
1.408000000000000085e-01
1.938000000000000000e-01
2.721999999999999975e-01
2.998000000000000109e-01
3.442000000000000060e-01
3.845999999999999974e-01
4.580000000000000182e-01
4.884000000000000008e-01
4.408000000000000251e-01
3.857999999999999763e-01
3.840000000000000080e-01
4.026000000000000134e-01
3.921999999999999931e-01
4.447999999999999732e-01
4.667999999999999927e-01
3.642000000000000237e-01
2.903999999999999915e-01
2.088000000000000134e-01
2.126000000000000112e-01
2.939999999999999836e-01
3.602000000000000202e-01
4.437999999999999723e-01
4.941999999999999726e-01
4.530000000000000138e-01
4.119999999999999774e-01
4.106000000000000205e-01
4.872000000000000219e-01
4.123999999999999888e-01
3.287999999999999812e-01
2.388000000000000123e-01
1.892000000000000071e-01
1.188000000000000028e-01
9.760000000000000620e-02
5.779999999999999721e-02
5.859999999999999931e-02
4.739999999999999769e-02
2.779999999999999832e-02
1.340000000000000045e-02
1.000000000000000021e-03
1.000000000000000021e-03
1.199999999999999895e-03
3.000000000000000062e-03
2.799999999999999972e-03
4.400000000000000265e-03
1.179999999999999973e-02
2.000000000000000042e-02
3.139999999999999736e-02
5.260000000000000092e-02
7.699999999999999900e-02
1.305999999999999939e-01
1.486000000000000099e-01
1.673999999999999932e-01
1.370000000000000107e-01
1.011999999999999983e-01
8.920000000000000151e-02
8.640000000000000457e-02
6.219999999999999835e-02
7.199999999999999456e-02
5.800000000000000294e-02
5.099999999999999672e-02
4.120000000000000051e-02
4.399999999999999745e-02
6.239999999999999714e-02
1.106000000000000039e-01
1.955999999999999961e-01
2.898000000000000020e-01
3.400000000000000244e-01
4.026000000000000134e-01
4.166000000000000258e-01
3.270000000000000129e-01
2.301999999999999880e-01
2.394000000000000017e-01
2.043999999999999984e-01
1.985999999999999988e-01
2.555999999999999939e-01
3.734000000000000097e-01
4.002000000000000002e-01
3.184000000000000163e-01
2.452000000000000013e-01
1.991999999999999882e-01
1.864000000000000101e-01
1.814000000000000057e-01
1.587999999999999967e-01
2.069999999999999896e-01
3.427999999999999936e-01
4.329999999999999960e-01
4.507999999999999785e-01
4.302000000000000268e-01
4.079999999999999738e-01
3.860000000000000098e-01
3.770000000000000018e-01
2.908000000000000029e-01
2.620000000000000107e-01
1.809999999999999942e-01
1.910000000000000031e-01
1.580000000000000016e-01
1.565999999999999892e-01
2.636000000000000010e-01
3.595999999999999752e-01
4.445999999999999952e-01
4.294000000000000039e-01
3.099999999999999978e-01
2.570000000000000062e-01
2.001999999999999891e-01
1.409999999999999865e-01
7.140000000000000513e-02
2.419999999999999929e-02
7.400000000000000328e-03
4.000000000000000083e-03
3.399999999999999811e-03
8.999999999999999320e-03
3.699999999999999817e-02
4.880000000000000310e-02
6.539999999999999980e-02
1.151999999999999968e-01
1.144000000000000017e-01
1.348000000000000032e-01
1.542000000000000037e-01
1.658000000000000029e-01
2.086000000000000076e-01
2.630000000000000115e-01
3.578000000000000069e-01
4.113999999999999879e-01
4.421999999999999820e-01
4.358000000000000207e-01
4.495999999999999996e-01
5.041999999999999815e-01
4.663999999999999813e-01
4.908000000000000140e-01
4.531999999999999917e-01
3.991999999999999993e-01
3.662000000000000255e-01
3.941999999999999948e-01
3.433999999999999830e-01
2.823999999999999844e-01
2.230000000000000038e-01
1.907999999999999974e-01
1.844000000000000083e-01
1.532000000000000028e-01
1.141999999999999960e-01
8.799999999999999489e-02
7.580000000000000626e-02
7.180000000000000271e-02
8.840000000000000635e-02
9.959999999999999409e-02
1.213999999999999940e-01
1.136000000000000065e-01
1.325999999999999956e-01
1.400000000000000133e-01
1.731999999999999929e-01
1.867999999999999938e-01
2.346000000000000030e-01
2.243999999999999884e-01
2.194000000000000117e-01
2.684000000000000274e-01
2.720000000000000195e-01
2.686000000000000054e-01
2.726000000000000090e-01
2.882000000000000117e-01
3.430000000000000271e-01
4.374000000000000110e-01
4.873999999999999999e-01
4.606000000000000094e-01
4.660000000000000253e-01
3.380000000000000226e-01
2.252000000000000113e-01
1.859999999999999987e-01
1.297999999999999987e-01
1.199999999999999956e-01
7.620000000000000384e-02
5.879999999999999810e-02
4.540000000000000285e-02
4.499999999999999833e-02
4.080000000000000293e-02
4.979999999999999705e-02
4.100000000000000172e-02
5.040000000000000036e-02
3.960000000000000325e-02
5.539999999999999786e-02
1.049999999999999961e-01
2.531999999999999806e-01
3.181999999999999829e-01
2.741999999999999993e-01
2.746000000000000107e-01
2.545999999999999930e-01
2.058000000000000107e-01
1.381999999999999895e-01
7.380000000000000449e-02
5.360000000000000181e-02
3.860000000000000236e-02
5.099999999999999672e-02
5.279999999999999971e-02
9.260000000000000175e-02
1.577999999999999958e-01
1.797999999999999876e-01
2.359999999999999876e-01
2.626000000000000001e-01
2.700000000000000178e-01
2.564000000000000168e-01
2.968000000000000083e-01
3.064000000000000057e-01
3.241999999999999882e-01
3.824000000000000177e-01
4.454000000000000181e-01
4.507999999999999785e-01
3.785999999999999921e-01
2.995999999999999774e-01
2.469999999999999973e-01
2.511999999999999789e-01
2.752000000000000002e-01
2.782000000000000028e-01
3.277999999999999803e-01
3.735999999999999877e-01
4.747999999999999998e-01
4.742000000000000104e-01
4.308000000000000163e-01
3.509999999999999787e-01
2.670000000000000151e-01
2.233999999999999875e-01
2.227999999999999980e-01
2.651999999999999913e-01
3.207999999999999741e-01
4.036000000000000143e-01
4.778000000000000025e-01
4.627999999999999892e-01
4.119999999999999774e-01
3.602000000000000202e-01
3.071999999999999731e-01
2.730000000000000204e-01
2.544000000000000150e-01
2.607999999999999763e-01
2.857999999999999985e-01
2.752000000000000002e-01
2.605999999999999983e-01
2.727999999999999869e-01
3.012000000000000233e-01
3.532000000000000139e-01
4.294000000000000039e-01
4.833999999999999964e-01
4.541999999999999926e-01
4.295999999999999819e-01
4.097999999999999976e-01
4.451999999999999846e-01
4.823999999999999955e-01
4.013999999999999790e-01
