3.068000000000000171e-01
3.798000000000000265e-01
4.159999999999999809e-01
4.354000000000000092e-01
4.289999999999999925e-01
4.349999999999999978e-01
4.477999999999999758e-01
4.455999999999999961e-01
4.361999999999999766e-01
3.921999999999999931e-01
3.603999999999999981e-01
3.486000000000000210e-01
3.688000000000000167e-01
3.745999999999999885e-01
3.810000000000000053e-01
3.976000000000000090e-01
4.053999999999999826e-01
4.198000000000000065e-01
4.561999999999999944e-01
4.905999999999999805e-01
4.828000000000000069e-01
4.875999999999999779e-01
4.779999999999999805e-01
4.925999999999999823e-01
4.597999999999999865e-01
4.885999999999999788e-01
4.888000000000000123e-01
4.699999999999999734e-01
4.428000000000000269e-01
4.288000000000000145e-01
3.860000000000000098e-01
3.437999999999999945e-01
3.382000000000000006e-01
2.916000000000000258e-01
2.923999999999999932e-01
2.564000000000000168e-01
2.033999999999999975e-01
1.905999999999999917e-01
1.524000000000000077e-01
1.448000000000000120e-01
1.519999999999999962e-01
1.406000000000000028e-01
1.451999999999999957e-01
1.628000000000000003e-01
1.794000000000000039e-01
1.766000000000000070e-01
1.910000000000000031e-01
1.973999999999999921e-01
2.300000000000000100e-01
2.419999999999999929e-01
2.477999999999999925e-01
2.510000000000000009e-01
2.585999999999999965e-01
2.554000000000000159e-01
2.515999999999999903e-01
2.341999999999999915e-01
2.016000000000000014e-01
1.778000000000000136e-01
1.564000000000000112e-01
1.527999999999999914e-01
1.535999999999999865e-01
1.638000000000000012e-01
1.927999999999999992e-01
1.895999999999999908e-01
1.940000000000000058e-01
1.985999999999999988e-01
2.233999999999999875e-01
2.518000000000000238e-01
2.581999999999999851e-01
2.766000000000000125e-01
2.567999999999999727e-01
2.379999999999999893e-01
2.048000000000000098e-01
1.633999999999999897e-01
1.145999999999999935e-01
8.519999999999999796e-02
5.899999999999999689e-02
2.980000000000000010e-02
9.599999999999999159e-03
8.000000000000000383e-04
1.000000000000000021e-03
5.999999999999999474e-04
2.200000000000000133e-03
1.799999999999999951e-03
4.000000000000000192e-04
2.599999999999999881e-03
1.119999999999999989e-02
2.179999999999999993e-02
4.080000000000000293e-02
5.680000000000000326e-02
6.700000000000000400e-02
8.540000000000000369e-02
1.184000000000000052e-01
1.205999999999999989e-01
1.011999999999999983e-01
9.919999999999999651e-02
9.120000000000000329e-02
1.140000000000000041e-01
2.028000000000000080e-01
2.212000000000000077e-01
3.121999999999999775e-01
4.447999999999999732e-01
5.080000000000000071e-01
4.772000000000000131e-01
3.526000000000000245e-01
3.575999999999999734e-01
2.601999999999999869e-01
3.168000000000000260e-01
3.286000000000000032e-01
2.866000000000000214e-01
2.411999999999999977e-01
2.026000000000000023e-01
1.398000000000000076e-01
9.919999999999999651e-02
6.419999999999999318e-02
5.580000000000000238e-02
3.899999999999999994e-02
3.520000000000000212e-02
2.719999999999999848e-02
2.860000000000000042e-02
4.519999999999999712e-02
5.240000000000000213e-02
6.819999999999999674e-02
1.102000000000000063e-01
1.869999999999999996e-01
4.265999999999999792e-01
4.292000000000000259e-01
3.731999999999999762e-01
3.371999999999999997e-01
3.343999999999999750e-01
3.138000000000000234e-01
3.462000000000000077e-01
3.044000000000000039e-01
3.397999999999999909e-01
2.959999999999999853e-01
2.859999999999999765e-01
2.932000000000000162e-01
2.720000000000000195e-01
2.487999999999999934e-01
2.538000000000000256e-01
2.807999999999999940e-01
2.923999999999999932e-01
2.998000000000000109e-01
3.185999999999999943e-01
3.201999999999999846e-01
3.019999999999999907e-01
2.982000000000000206e-01
2.731999999999999984e-01
2.686000000000000054e-01
2.570000000000000062e-01
2.554000000000000159e-01
2.740000000000000213e-01
2.545999999999999930e-01
2.036000000000000032e-01
1.892000000000000071e-01
1.208000000000000046e-01
1.097999999999999948e-01
9.020000000000000240e-02
8.279999999999999860e-02
8.939999999999999336e-02
7.620000000000000384e-02
8.359999999999999376e-02
9.199999999999999845e-02
1.032000000000000001e-01
1.127999999999999975e-01
1.391999999999999904e-01
1.706000000000000016e-01
2.230000000000000038e-01
2.369999999999999885e-01
2.666000000000000036e-01
3.108000000000000207e-01
3.748000000000000220e-01
4.142000000000000126e-01
4.203999999999999959e-01
4.510000000000000120e-01
4.788000000000000034e-01
5.001999999999999780e-01
4.838000000000000078e-01
4.793999999999999928e-01
4.712000000000000077e-01
4.683999999999999830e-01
4.314000000000000057e-01
3.957999999999999852e-01
3.486000000000000210e-01
3.099999999999999978e-01
2.908000000000000029e-01
2.969999999999999862e-01
2.806000000000000161e-01
2.666000000000000036e-01
2.601999999999999869e-01
2.431999999999999995e-01
2.356000000000000039e-01
2.497999999999999943e-01
2.691999999999999948e-01
2.733999999999999764e-01
3.078000000000000180e-01
3.353999999999999759e-01
3.477999999999999980e-01
3.638000000000000123e-01
3.741999999999999771e-01
3.904000000000000248e-01
4.169999999999999818e-01
4.222000000000000197e-01
4.222000000000000197e-01
4.305999999999999828e-01
3.976000000000000090e-01
4.309999999999999942e-01
3.976000000000000090e-01
3.618000000000000105e-01
3.307999999999999829e-01
3.247999999999999776e-01
3.400000000000000244e-01
2.786000000000000143e-01
2.210000000000000020e-01
1.920000000000000040e-01
2.126000000000000112e-01
1.661999999999999866e-01
1.504000000000000059e-01
1.376000000000000001e-01
1.564000000000000112e-01
1.776000000000000079e-01
1.585999999999999910e-01
1.315999999999999948e-01
8.400000000000000522e-02
5.779999999999999721e-02
4.120000000000000051e-02
3.640000000000000180e-02
1.619999999999999912e-02
1.679999999999999896e-02
1.039999999999999952e-02
9.599999999999999159e-03
6.000000000000000125e-03
4.599999999999999922e-03
4.400000000000000265e-03
4.199999999999999740e-03
4.000000000000000083e-03
4.199999999999999740e-03
5.199999999999999761e-03
8.399999999999999481e-03
6.599999999999999964e-03
6.000000000000000125e-03
7.799999999999999642e-03
5.000000000000000104e-03
6.199999999999999782e-03
5.400000000000000286e-03
5.799999999999999600e-03
7.000000000000000146e-03
8.600000000000000006e-03
9.400000000000000369e-03
8.399999999999999481e-03
8.600000000000000006e-03
9.799999999999999684e-03
1.420000000000000082e-02
1.379999999999999977e-02
2.000000000000000042e-02
1.340000000000000045e-02
1.519999999999999997e-02
1.959999999999999937e-02
2.699999999999999969e-02
2.980000000000000010e-02
3.579999999999999849e-02
4.680000000000000132e-02
6.119999999999999746e-02
6.940000000000000335e-02
8.519999999999999796e-02
8.899999999999999578e-02
1.130000000000000032e-01
1.160000000000000059e-01
1.170000000000000068e-01
1.192000000000000004e-01
1.545999999999999874e-01
1.574000000000000121e-01
1.671999999999999875e-01
1.837999999999999912e-01
2.205999999999999905e-01
2.504000000000000115e-01
2.561999999999999833e-01
2.723999999999999755e-01
2.862000000000000099e-01
3.244000000000000217e-01
3.350000000000000200e-01
3.350000000000000200e-01
3.337999999999999856e-01
3.559999999999999831e-01
3.532000000000000139e-01
3.804000000000000159e-01
3.800000000000000044e-01
3.890000000000000124e-01
3.768000000000000238e-01
3.376000000000000112e-01
3.180000000000000049e-01
3.119999999999999996e-01
3.200000000000000067e-01
3.346000000000000085e-01
3.337999999999999856e-01
3.427999999999999936e-01
3.709999999999999964e-01
4.133999999999999897e-01
4.527999999999999803e-01
4.912000000000000255e-01
4.889999999999999902e-01
4.749999999999999778e-01
4.756000000000000227e-01
4.682000000000000051e-01
4.481999999999999873e-01
4.838000000000000078e-01
4.778000000000000025e-01
4.324000000000000066e-01
3.679999999999999938e-01
3.034000000000000030e-01
2.856000000000000205e-01
2.414000000000000035e-01
1.975999999999999979e-01
1.726000000000000034e-01
1.391999999999999904e-01
1.034000000000000058e-01
9.360000000000000264e-02
7.920000000000000651e-02
6.180000000000000077e-02
6.460000000000000464e-02
5.500000000000000028e-02
5.319999999999999729e-02
7.879999999999999505e-02
7.499999999999999722e-02
7.380000000000000449e-02
7.520000000000000295e-02
6.579999999999999738e-02
9.600000000000000200e-02
1.292000000000000093e-01
1.645999999999999963e-01
1.892000000000000071e-01
2.139999999999999958e-01
2.747999999999999887e-01
3.161999999999999811e-01
3.645999999999999797e-01
4.106000000000000205e-01
4.742000000000000104e-01
4.607999999999999874e-01
4.351999999999999758e-01
3.827999999999999736e-01
3.158000000000000251e-01
2.646000000000000019e-01
3.197999999999999732e-01
3.382000000000000006e-01
3.367999999999999883e-01
3.264000000000000234e-01
3.085999999999999854e-01
3.294000000000000261e-01
3.456000000000000183e-01
3.217999999999999750e-01
3.467999999999999972e-01
3.326000000000000068e-01
3.287999999999999812e-01
3.310000000000000164e-01
3.519999999999999796e-01
4.033999999999999808e-01
4.485999999999999988e-01
4.692000000000000060e-01
4.862000000000000210e-01
4.699999999999999734e-01
4.768000000000000016e-01
4.611999999999999988e-01
4.461999999999999855e-01
4.289999999999999925e-01
4.265999999999999792e-01
4.331999999999999740e-01
4.590000000000000191e-01
4.813999999999999946e-01
4.979999999999999982e-01
4.739999999999999769e-01
4.425999999999999934e-01
3.991999999999999993e-01
3.140000000000000013e-01
2.250000000000000056e-01
1.439999999999999891e-01
8.899999999999999578e-02
5.920000000000000262e-02
3.760000000000000148e-02
2.879999999999999921e-02
1.540000000000000049e-02
2.079999999999999905e-02
2.419999999999999929e-02
3.119999999999999857e-02
4.000000000000000083e-02
4.499999999999999833e-02
5.439999999999999697e-02
4.619999999999999801e-02
3.420000000000000123e-02
5.700000000000000205e-02
1.005999999999999950e-01
1.874000000000000110e-01
2.560000000000000053e-01
3.492000000000000104e-01
4.218000000000000083e-01
4.858000000000000096e-01
4.799999999999999822e-01
4.233999999999999986e-01
3.214000000000000190e-01
3.119999999999999996e-01
2.843999999999999861e-01
2.379999999999999893e-01
1.933999999999999886e-01
1.409999999999999865e-01
1.358000000000000040e-01
1.243999999999999967e-01
1.010000000000000064e-01
6.479999999999999649e-02
3.239999999999999825e-02
1.519999999999999997e-02
1.260000000000000009e-02
7.400000000000000328e-03
6.799999999999999621e-03
4.400000000000000265e-03
2.399999999999999790e-03
1.499999999999999944e-02
4.599999999999999922e-02
6.479999999999999649e-02
6.539999999999999980e-02
6.219999999999999835e-02
3.119999999999999857e-02
1.980000000000000163e-02
8.399999999999999481e-03
6.599999999999999964e-03
4.400000000000000265e-03
6.000000000000000125e-03
4.400000000000000265e-03
7.799999999999999642e-03
1.140000000000000041e-02
1.940000000000000058e-02
2.239999999999999977e-02
3.359999999999999792e-02
6.019999999999999657e-02
8.179999999999999771e-02
9.460000000000000353e-02
9.039999999999999425e-02
7.979999999999999594e-02
7.320000000000000118e-02
5.720000000000000084e-02
6.339999999999999802e-02
7.180000000000000271e-02
7.879999999999999505e-02
9.900000000000000466e-02
9.879999999999999893e-02
1.014000000000000040e-01
9.260000000000000175e-02
7.900000000000000078e-02
1.034000000000000058e-01
8.580000000000000127e-02
9.959999999999999409e-02
1.393999999999999961e-01
1.681999999999999884e-01
2.059999999999999887e-01
2.411999999999999977e-01
3.091999999999999749e-01
3.993999999999999773e-01
4.554000000000000270e-01
4.938000000000000167e-01
4.677999999999999936e-01
4.109999999999999765e-01
3.977999999999999869e-01
3.943999999999999728e-01
3.973999999999999755e-01
3.931999999999999940e-01
3.573999999999999955e-01
3.996000000000000107e-01
4.621999999999999997e-01
4.865999999999999770e-01
4.461999999999999855e-01
3.785999999999999921e-01
3.497999999999999998e-01
3.079999999999999960e-01
3.134000000000000119e-01
2.939999999999999836e-01
2.978000000000000091e-01
3.164000000000000146e-01
3.261999999999999900e-01
3.101999999999999758e-01
3.770000000000000018e-01
4.583999999999999742e-01
4.506000000000000005e-01
4.158000000000000029e-01
3.830000000000000071e-01
3.845999999999999974e-01
4.192000000000000171e-01
4.359999999999999987e-01
4.391999999999999793e-01
4.793999999999999928e-01
4.581999999999999962e-01
4.892000000000000237e-01
4.749999999999999778e-01
4.994000000000000106e-01
4.223999999999999977e-01
3.664000000000000035e-01
3.629999999999999893e-01
3.543999999999999928e-01
3.300000000000000155e-01
2.928000000000000047e-01
2.958000000000000074e-01
3.069999999999999951e-01
3.114000000000000101e-01
2.721999999999999975e-01
2.466000000000000136e-01
2.437999999999999889e-01
2.265999999999999959e-01
2.030000000000000138e-01
1.991999999999999882e-01
1.738000000000000100e-01
1.653999999999999915e-01
1.529999999999999971e-01
1.360000000000000098e-01
1.303999999999999881e-01
1.292000000000000093e-01
1.371999999999999886e-01
1.360000000000000098e-01
1.342000000000000137e-01
1.638000000000000012e-01
1.713999999999999968e-01
2.031999999999999917e-01
2.263999999999999901e-01
3.459999999999999742e-01
4.596000000000000085e-01
4.825999999999999734e-01
4.339999999999999969e-01
4.315999999999999837e-01
4.158000000000000029e-01
4.440000000000000058e-01
4.228000000000000091e-01
4.500000000000000111e-01
4.480000000000000093e-01
4.643999999999999795e-01
4.842000000000000193e-01
4.444000000000000172e-01
4.079999999999999738e-01
4.148000000000000020e-01
4.500000000000000111e-01
4.461999999999999855e-01
4.314000000000000057e-01
3.931999999999999940e-01
4.146000000000000241e-01
4.484000000000000208e-01
4.845999999999999752e-01
4.948000000000000176e-01
4.829999999999999849e-01
4.958000000000000185e-01
4.510000000000000120e-01
4.113999999999999879e-01
4.112000000000000099e-01
4.274000000000000021e-01
4.087999999999999967e-01
3.012000000000000233e-01
2.487999999999999934e-01
2.634000000000000230e-01
2.727999999999999869e-01
2.993999999999999995e-01
3.217999999999999750e-01
3.141999999999999793e-01
3.220000000000000084e-01
3.210000000000000075e-01
3.493999999999999884e-01
3.509999999999999787e-01
3.711999999999999744e-01
3.916000000000000036e-01
3.808000000000000274e-01
3.801999999999999824e-01
4.096000000000000196e-01
4.480000000000000093e-01
4.621999999999999997e-01
4.885999999999999788e-01
4.033999999999999808e-01
3.649999999999999911e-01
3.748000000000000220e-01
3.160000000000000031e-01
3.164000000000000146e-01
2.852000000000000091e-01
2.626000000000000001e-01
2.847999999999999976e-01
2.043999999999999984e-01
1.869999999999999996e-01
1.904000000000000137e-01
1.474000000000000032e-01
2.043999999999999984e-01
3.366000000000000103e-01
4.971999999999999753e-01
4.012000000000000011e-01
3.472000000000000086e-01
2.770000000000000240e-01
2.265999999999999959e-01
2.023999999999999966e-01
1.913999999999999868e-01
2.444000000000000061e-01
3.870000000000000107e-01
3.497999999999999998e-01
3.071999999999999731e-01
2.909999999999999809e-01
3.750000000000000000e-01
3.917999999999999816e-01
4.536000000000000032e-01
3.376000000000000112e-01
2.424000000000000044e-01
1.809999999999999942e-01
1.549999999999999989e-01
1.673999999999999932e-01
1.797999999999999876e-01
2.466000000000000136e-01
2.790000000000000258e-01
3.977999999999999869e-01
5.113999999999999657e-01
3.861999999999999877e-01
2.869999999999999774e-01
2.038000000000000089e-01
1.126000000000000056e-01
5.800000000000000294e-02
2.079999999999999905e-02
2.100000000000000130e-02
2.620000000000000107e-02
3.020000000000000115e-02
4.139999999999999930e-02
6.160000000000000198e-02
5.739999999999999963e-02
6.019999999999999657e-02
5.319999999999999729e-02
8.060000000000000497e-02
9.139999999999999514e-02
8.319999999999999618e-02
7.879999999999999505e-02
6.040000000000000230e-02
4.420000000000000318e-02
3.699999999999999817e-02
3.500000000000000333e-02
2.819999999999999937e-02
2.699999999999999969e-02
2.620000000000000107e-02
1.899999999999999953e-02
1.799999999999999864e-02
2.620000000000000107e-02
3.660000000000000059e-02
5.639999999999999875e-02
8.039999999999999925e-02
1.086000000000000021e-01
1.192000000000000004e-01
1.001999999999999974e-01
9.160000000000000087e-02
5.220000000000000334e-02
3.420000000000000123e-02
2.419999999999999929e-02
1.919999999999999832e-02
2.259999999999999856e-02
2.699999999999999969e-02
3.740000000000000269e-02
4.979999999999999705e-02
7.359999999999999876e-02
7.560000000000000053e-02
7.699999999999999900e-02
7.399999999999999634e-02
8.740000000000000546e-02
1.376000000000000001e-01
1.807999999999999885e-01
2.550000000000000044e-01
4.043999999999999817e-01
4.086000000000000187e-01
2.318000000000000060e-01
1.386000000000000010e-01
9.959999999999999409e-02
7.860000000000000320e-02
6.419999999999999318e-02
5.399999999999999939e-02
3.960000000000000325e-02
4.179999999999999688e-02
3.339999999999999913e-02
1.980000000000000163e-02
1.480000000000000066e-02
1.559999999999999928e-02
1.039999999999999952e-02
7.599999999999999985e-03
1.179999999999999973e-02
9.400000000000000369e-03
1.600000000000000033e-02
2.460000000000000034e-02
2.220000000000000098e-02
3.259999999999999704e-02
4.479999999999999954e-02
5.079999999999999793e-02
7.340000000000000691e-02
1.126000000000000056e-01
1.638000000000000012e-01
2.369999999999999885e-01
2.753999999999999782e-01
3.609999999999999876e-01
3.506000000000000227e-01
3.032000000000000250e-01
2.636000000000000010e-01
1.826000000000000123e-01
1.797999999999999876e-01
1.728000000000000091e-01
1.593999999999999861e-01
1.419999999999999873e-01
1.698000000000000065e-01
1.865999999999999881e-01
2.676000000000000045e-01
4.653999999999999804e-01
2.446000000000000119e-01
7.939999999999999836e-02
5.539999999999999786e-02
5.979999999999999899e-02
4.780000000000000221e-02
2.359999999999999945e-02
2.659999999999999865e-02
2.359999999999999945e-02
2.939999999999999905e-02
3.459999999999999881e-02
4.440000000000000197e-02
6.040000000000000230e-02
9.320000000000000506e-02
1.433999999999999997e-01
1.751999999999999946e-01
2.194000000000000117e-01
2.634000000000000230e-01
3.562000000000000166e-01
4.139999999999999791e-01
4.726000000000000201e-01
4.918000000000000149e-01
4.885999999999999788e-01
4.769999999999999796e-01
4.138000000000000012e-01
3.589999999999999858e-01
4.832000000000000184e-01
2.041999999999999926e-01
7.639999999999999569e-02
8.999999999999999667e-02
7.839999999999999747e-02
8.440000000000000280e-02
6.460000000000000464e-02
7.340000000000000691e-02
6.140000000000000319e-02
1.004000000000000031e-01
1.711999999999999911e-01
2.104000000000000037e-01
2.275999999999999968e-01
2.084000000000000019e-01
1.640000000000000069e-01
1.335999999999999965e-01
1.155999999999999944e-01
8.140000000000000013e-02
9.660000000000000531e-02
1.107999999999999957e-01
1.884000000000000119e-01
2.477999999999999925e-01
2.972000000000000197e-01
3.748000000000000220e-01
4.037999999999999923e-01
4.345999999999999863e-01
4.783999999999999919e-01
4.879999999999999893e-01
4.838000000000000078e-01
4.601999999999999980e-01
4.162000000000000144e-01
3.738000000000000211e-01
3.523999999999999910e-01
3.276000000000000023e-01
2.968000000000000083e-01
2.869999999999999774e-01
2.846000000000000196e-01
2.843999999999999861e-01
3.101999999999999758e-01
3.462000000000000077e-01
3.934000000000000274e-01
4.504000000000000226e-01
4.955999999999999850e-01
4.378000000000000225e-01
3.993999999999999773e-01
3.321999999999999953e-01
3.205999999999999961e-01
3.054000000000000048e-01
2.657999999999999807e-01
2.731999999999999984e-01
2.782000000000000028e-01
2.793999999999999817e-01
2.466000000000000136e-01
2.069999999999999896e-01
1.854000000000000092e-01
1.574000000000000121e-01
1.350000000000000089e-01
1.103999999999999981e-01
1.165999999999999953e-01
9.959999999999999409e-02
9.320000000000000506e-02
9.560000000000000442e-02
9.080000000000000571e-02
9.719999999999999474e-02
1.032000000000000001e-01
9.120000000000000329e-02
9.039999999999999425e-02
1.194000000000000061e-01
1.107999999999999957e-01
1.358000000000000040e-01
1.293999999999999873e-01
1.323999999999999899e-01
1.587999999999999967e-01
1.559999999999999998e-01
1.904000000000000137e-01
1.817999999999999894e-01
1.920000000000000040e-01
2.030000000000000138e-01
1.910000000000000031e-01
1.729999999999999871e-01
1.361999999999999877e-01
1.791999999999999982e-01
2.086000000000000076e-01
2.411999999999999977e-01
2.487999999999999934e-01
2.475999999999999868e-01
2.263999999999999901e-01
1.923999999999999877e-01
1.751999999999999946e-01
1.678000000000000047e-01
1.527999999999999914e-01
1.469999999999999918e-01
1.456000000000000072e-01
1.474000000000000032e-01
1.593999999999999861e-01
1.479999999999999927e-01
1.489999999999999936e-01
1.655999999999999972e-01
2.010000000000000120e-01
2.565999999999999948e-01
2.979999999999999871e-01
3.523999999999999910e-01
4.302000000000000268e-01
4.527999999999999803e-01
4.908000000000000140e-01
3.981999999999999984e-01
3.260000000000000120e-01
2.770000000000000240e-01
2.013999999999999957e-01
1.423999999999999988e-01
1.454000000000000015e-01
1.613999999999999879e-01
1.983999999999999930e-01
2.318000000000000060e-01
2.446000000000000119e-01
2.922000000000000153e-01
3.341999999999999971e-01
3.860000000000000098e-01
4.298000000000000154e-01
4.544000000000000261e-01
4.968000000000000194e-01
4.759999999999999787e-01
4.803999999999999937e-01
4.875999999999999779e-01
4.778000000000000025e-01
4.480000000000000093e-01
