1.399999999999999986e-03
8.000000000000000383e-04
1.799999999999999951e-03
1.000000000000000021e-03
5.999999999999999474e-04
1.399999999999999986e-03
1.000000000000000021e-03
1.799999999999999951e-03
1.399999999999999986e-03
8.000000000000000383e-04
1.600000000000000077e-03
1.199999999999999895e-03
4.000000000000000192e-04
2.000000000000000096e-04
4.000000000000000192e-04
3.000000000000000062e-03
1.000000000000000021e-03
8.000000000000000383e-04
1.000000000000000021e-03
2.000000000000000096e-04
5.999999999999999474e-04
2.000000000000000096e-04
2.200000000000000133e-03
1.199999999999999895e-03
1.199999999999999895e-03
1.600000000000000077e-03
1.199999999999999895e-03
1.199999999999999895e-03
2.200000000000000133e-03
5.199999999999999761e-03
4.199999999999999740e-03
6.799999999999999621e-03
6.799999999999999621e-03
6.799999999999999621e-03
1.000000000000000021e-02
1.499999999999999944e-02
1.660000000000000017e-02
2.040000000000000147e-02
2.699999999999999969e-02
2.860000000000000042e-02
3.259999999999999704e-02
4.200000000000000261e-02
4.499999999999999833e-02
5.559999999999999665e-02
5.020000000000000157e-02
6.940000000000000335e-02
7.199999999999999456e-02
7.620000000000000384e-02
7.839999999999999747e-02
9.320000000000000506e-02
1.044000000000000067e-01
1.130000000000000032e-01
1.239999999999999991e-01
1.264000000000000123e-01
1.386000000000000010e-01
1.565999999999999892e-01
1.454000000000000015e-01
1.479999999999999927e-01
1.661999999999999866e-01
1.756000000000000061e-01
1.826000000000000123e-01
1.758000000000000118e-01
1.653999999999999915e-01
1.691999999999999893e-01
1.570000000000000007e-01
1.562000000000000055e-01
1.441999999999999948e-01
1.431999999999999940e-01
1.391999999999999904e-01
1.277999999999999969e-01
9.900000000000000466e-02
9.560000000000000442e-02
9.660000000000000531e-02
7.900000000000000078e-02
6.959999999999999520e-02
6.980000000000000093e-02
7.019999999999999851e-02
7.560000000000000053e-02
7.180000000000000271e-02
6.379999999999999560e-02
6.239999999999999714e-02
7.499999999999999722e-02
6.439999999999999891e-02
5.439999999999999697e-02
5.240000000000000213e-02
4.760000000000000342e-02
4.340000000000000108e-02
3.599999999999999728e-02
2.860000000000000042e-02
2.380000000000000171e-02
2.460000000000000034e-02
2.560000000000000123e-02
3.899999999999999994e-02
3.459999999999999881e-02
3.780000000000000027e-02
4.279999999999999777e-02
4.299999999999999656e-02
4.120000000000000051e-02
4.460000000000000075e-02
4.839999999999999858e-02
6.300000000000000044e-02
6.040000000000000230e-02
6.940000000000000335e-02
8.859999999999999820e-02
1.079999999999999988e-01
1.145999999999999935e-01
1.215999999999999998e-01
1.208000000000000046e-01
1.378000000000000058e-01
1.342000000000000137e-01
1.267999999999999960e-01
1.086000000000000021e-01
1.093999999999999972e-01
1.044000000000000067e-01
1.184000000000000052e-01
1.066000000000000003e-01
1.000000000000000056e-01
1.082000000000000045e-01
9.760000000000000620e-02
9.379999999999999449e-02
9.639999999999999958e-02
9.619999999999999385e-02
9.020000000000000240e-02
1.072000000000000036e-01
1.049999999999999961e-01
1.222000000000000031e-01
1.250000000000000000e-01
1.542000000000000037e-01
1.789999999999999925e-01
1.920000000000000040e-01
2.038000000000000089e-01
2.066000000000000059e-01
2.431999999999999995e-01
2.605999999999999983e-01
2.879999999999999782e-01
2.770000000000000240e-01
3.211999999999999855e-01
3.522000000000000131e-01
3.708000000000000185e-01
3.943999999999999728e-01
4.279999999999999916e-01
4.344000000000000083e-01
4.643999999999999795e-01
5.013999999999999568e-01
4.845999999999999752e-01
4.759999999999999787e-01
4.573999999999999733e-01
4.262000000000000233e-01
4.284000000000000030e-01
4.163999999999999924e-01
4.056000000000000161e-01
4.026000000000000134e-01
3.861999999999999877e-01
3.877999999999999781e-01
3.973999999999999755e-01
3.926000000000000045e-01
4.189999999999999836e-01
4.060000000000000275e-01
4.036000000000000143e-01
4.474000000000000199e-01
4.642000000000000015e-01
4.597999999999999865e-01
4.823999999999999955e-01
5.018000000000000238e-01
4.949999999999999956e-01
4.848000000000000087e-01
4.852000000000000202e-01
4.663999999999999813e-01
4.590000000000000191e-01
4.371999999999999775e-01
4.113999999999999879e-01
3.860000000000000098e-01
3.774000000000000132e-01
3.724000000000000088e-01
3.744000000000000106e-01
3.583999999999999964e-01
3.731999999999999762e-01
3.708000000000000185e-01
3.519999999999999796e-01
3.748000000000000220e-01
3.674000000000000044e-01
3.605999999999999761e-01
3.880000000000000115e-01
3.906000000000000028e-01
3.996000000000000107e-01
3.791999999999999815e-01
3.900000000000000133e-01
4.083999999999999853e-01
4.233999999999999986e-01
4.603999999999999759e-01
4.596000000000000085e-01
4.663999999999999813e-01
4.806000000000000272e-01
4.699999999999999734e-01
4.706000000000000183e-01
4.527999999999999803e-01
4.500000000000000111e-01
4.398000000000000242e-01
4.314000000000000057e-01
4.082000000000000073e-01
3.795999999999999930e-01
3.841999999999999860e-01
3.568000000000000060e-01
3.412000000000000033e-01
3.380000000000000226e-01
3.473999999999999866e-01
3.496000000000000218e-01
3.245999999999999996e-01
3.367999999999999883e-01
3.363999999999999768e-01
3.307999999999999829e-01
3.294000000000000261e-01
3.260000000000000120e-01
3.274000000000000243e-01
3.466000000000000192e-01
3.446000000000000174e-01
3.300000000000000155e-01
3.654000000000000026e-01
3.518000000000000016e-01
3.629999999999999893e-01
3.664000000000000035e-01
3.731999999999999762e-01
3.658000000000000140e-01
3.589999999999999858e-01
3.513999999999999901e-01
3.629999999999999893e-01
3.588000000000000078e-01
3.390000000000000235e-01
3.383999999999999786e-01
3.439999999999999725e-01
3.336000000000000076e-01
3.098000000000000198e-01
3.032000000000000250e-01
3.148000000000000242e-01
3.081999999999999740e-01
3.069999999999999951e-01
2.908000000000000029e-01
2.790000000000000258e-01
2.590000000000000080e-01
2.535999999999999921e-01
2.571999999999999842e-01
2.607999999999999763e-01
2.434000000000000052e-01
2.356000000000000039e-01
2.162000000000000033e-01
2.053999999999999992e-01
2.003999999999999948e-01
1.923999999999999877e-01
1.615999999999999936e-01
1.393999999999999961e-01
1.365999999999999992e-01
1.203999999999999931e-01
9.819999999999999563e-02
8.719999999999999973e-02
7.259999999999999787e-02
6.219999999999999835e-02
4.100000000000000172e-02
3.860000000000000236e-02
3.139999999999999736e-02
2.100000000000000130e-02
2.120000000000000009e-02
1.700000000000000122e-02
1.760000000000000106e-02
1.640000000000000138e-02
9.799999999999999684e-03
1.580000000000000154e-02
2.079999999999999905e-02
1.959999999999999937e-02
1.460000000000000013e-02
2.179999999999999993e-02
2.220000000000000098e-02
2.620000000000000107e-02
2.560000000000000123e-02
3.020000000000000115e-02
3.039999999999999994e-02
3.239999999999999825e-02
3.760000000000000148e-02
3.760000000000000148e-02
3.899999999999999994e-02
4.959999999999999826e-02
5.140000000000000124e-02
5.500000000000000028e-02
5.639999999999999875e-02
6.279999999999999472e-02
6.700000000000000400e-02
7.359999999999999876e-02
7.359999999999999876e-02
8.019999999999999352e-02
7.320000000000000118e-02
8.619999999999999885e-02
1.029999999999999943e-01
1.052000000000000018e-01
1.035999999999999976e-01
1.066000000000000003e-01
1.226000000000000006e-01
1.270000000000000018e-01
1.370000000000000107e-01
1.461999999999999966e-01
1.537999999999999923e-01
1.930000000000000049e-01
2.250000000000000056e-01
2.495999999999999885e-01
2.575999999999999956e-01
2.772000000000000020e-01
2.922000000000000153e-01
3.492000000000000104e-01
3.735999999999999877e-01
4.308000000000000163e-01
4.511999999999999900e-01
4.603999999999999759e-01
4.889999999999999902e-01
4.766000000000000236e-01
4.895999999999999797e-01
4.792000000000000148e-01
4.971999999999999753e-01
4.889999999999999902e-01
4.703999999999999848e-01
4.848000000000000087e-01
4.541999999999999926e-01
3.966000000000000081e-01
3.698000000000000176e-01
3.466000000000000192e-01
3.185999999999999943e-01
2.826000000000000179e-01
2.394000000000000017e-01
2.119999999999999940e-01
1.778000000000000136e-01
1.406000000000000028e-01
1.272000000000000075e-01
1.126000000000000056e-01
9.859999999999999321e-02
9.059999999999999998e-02
7.560000000000000053e-02
5.879999999999999810e-02
5.519999999999999907e-02
4.460000000000000075e-02
4.039999999999999841e-02
3.059999999999999873e-02
3.599999999999999728e-02
2.380000000000000171e-02
1.720000000000000001e-02
1.080000000000000057e-02
1.480000000000000066e-02
1.220000000000000077e-02
9.799999999999999684e-03
7.400000000000000328e-03
6.000000000000000125e-03
5.000000000000000104e-03
6.599999999999999964e-03
6.199999999999999782e-03
6.599999999999999964e-03
6.799999999999999621e-03
6.000000000000000125e-03
6.799999999999999621e-03
9.400000000000000369e-03
1.140000000000000041e-02
1.739999999999999880e-02
2.460000000000000034e-02
3.719999999999999696e-02
4.920000000000000068e-02
5.539999999999999786e-02
6.320000000000000617e-02
7.159999999999999698e-02
9.080000000000000571e-02
1.076000000000000012e-01
1.243999999999999967e-01
1.233999999999999958e-01
1.215999999999999998e-01
1.393999999999999961e-01
1.429999999999999882e-01
1.570000000000000007e-01
1.663999999999999924e-01
1.633999999999999897e-01
1.655999999999999972e-01
1.751999999999999946e-01
1.710000000000000131e-01
1.849999999999999978e-01
1.862000000000000044e-01
1.917999999999999983e-01
2.051999999999999935e-01
2.273999999999999910e-01
2.550000000000000044e-01
2.772000000000000020e-01
2.819999999999999729e-01
2.999999999999999889e-01
3.264000000000000234e-01
3.522000000000000131e-01
3.655999999999999805e-01
3.963999999999999746e-01
4.060000000000000275e-01
4.484000000000000208e-01
4.782000000000000139e-01
4.823999999999999955e-01
4.465999999999999970e-01
4.213999999999999968e-01
3.810000000000000053e-01
3.664000000000000035e-01
3.427999999999999936e-01
3.383999999999999786e-01
3.281999999999999917e-01
3.227999999999999758e-01
2.797999999999999932e-01
2.495999999999999885e-01
2.590000000000000080e-01
2.454000000000000070e-01
2.482000000000000040e-01
2.298000000000000043e-01
2.217999999999999972e-01
2.081999999999999962e-01
2.165999999999999870e-01
2.132000000000000006e-01
2.096000000000000085e-01
2.157999999999999918e-01
2.275999999999999968e-01
2.338000000000000078e-01
2.564000000000000168e-01
2.475999999999999868e-01
2.564000000000000168e-01
2.833999999999999853e-01
3.094000000000000083e-01
3.231999999999999873e-01
3.622000000000000219e-01
3.860000000000000098e-01
4.066000000000000170e-01
4.163999999999999924e-01
4.593999999999999750e-01
4.929999999999999938e-01
5.083999999999999631e-01
4.727999999999999980e-01
4.338000000000000189e-01
4.000000000000000222e-01
3.744000000000000106e-01
3.473999999999999866e-01
3.235999999999999988e-01
3.055999999999999828e-01
2.693999999999999728e-01
2.482000000000000040e-01
2.300000000000000100e-01
2.207999999999999963e-01
1.854000000000000092e-01
1.468000000000000138e-01
1.192000000000000004e-01
8.459999999999999465e-02
6.419999999999999318e-02
4.440000000000000197e-02
3.280000000000000276e-02
3.760000000000000148e-02
2.599999999999999881e-02
2.740000000000000074e-02
1.619999999999999912e-02
1.480000000000000066e-02
1.239999999999999956e-02
1.720000000000000001e-02
2.520000000000000018e-02
2.440000000000000155e-02
2.460000000000000034e-02
3.080000000000000099e-02
3.799999999999999906e-02
4.800000000000000100e-02
5.120000000000000245e-02
6.320000000000000617e-02
7.499999999999999722e-02
8.680000000000000215e-02
8.559999999999999554e-02
1.005999999999999950e-01
1.083999999999999964e-01
1.358000000000000040e-01
1.438000000000000111e-01
1.562000000000000055e-01
1.516000000000000125e-01
1.900000000000000022e-01
1.960000000000000075e-01
2.167999999999999927e-01
2.500000000000000000e-01
2.348000000000000087e-01
2.554000000000000159e-01
2.356000000000000039e-01
1.869999999999999996e-01
1.711999999999999911e-01
1.535999999999999865e-01
1.398000000000000076e-01
1.313999999999999890e-01
1.205999999999999989e-01
9.600000000000000200e-02
4.859999999999999737e-02
3.059999999999999873e-02
1.499999999999999944e-02
6.400000000000000307e-03
6.199999999999999782e-03
6.000000000000000125e-03
2.399999999999999790e-03
4.199999999999999740e-03
3.000000000000000062e-03
3.200000000000000153e-03
5.400000000000000286e-03
3.799999999999999992e-03
6.599999999999999964e-03
9.799999999999999684e-03
7.199999999999999803e-03
1.020000000000000073e-02
1.340000000000000045e-02
1.179999999999999973e-02
1.959999999999999937e-02
1.980000000000000163e-02
2.500000000000000139e-02
2.400000000000000050e-02
2.400000000000000050e-02
2.599999999999999881e-02
3.939999999999999752e-02
4.460000000000000075e-02
4.100000000000000172e-02
4.039999999999999841e-02
6.619999999999999496e-02
7.000000000000000666e-02
9.479999999999999538e-02
1.089999999999999997e-01
1.117999999999999966e-01
1.622000000000000108e-01
1.894000000000000128e-01
2.159999999999999976e-01
2.326000000000000012e-01
2.474000000000000088e-01
2.600000000000000089e-01
3.038000000000000145e-01
3.353999999999999759e-01
3.966000000000000081e-01
3.914000000000000257e-01
4.183999999999999941e-01
4.242000000000000215e-01
4.292000000000000259e-01
4.278000000000000136e-01
4.385999999999999899e-01
4.475999999999999979e-01
4.520000000000000129e-01
4.673999999999999821e-01
4.769999999999999796e-01
4.680000000000000271e-01
4.640000000000000235e-01
4.591999999999999971e-01
4.524000000000000243e-01
4.298000000000000154e-01
4.043999999999999817e-01
3.997999999999999887e-01
3.897999999999999798e-01
3.854000000000000203e-01
3.731999999999999762e-01
3.638000000000000123e-01
3.473999999999999866e-01
3.284000000000000252e-01
3.422000000000000042e-01
3.256000000000000005e-01
3.217999999999999750e-01
3.074000000000000066e-01
2.922000000000000153e-01
2.988000000000000100e-01
3.168000000000000260e-01
2.945999999999999730e-01
2.842000000000000082e-01
2.711999999999999966e-01
2.570000000000000062e-01
2.411999999999999977e-01
2.207999999999999963e-01
2.195999999999999897e-01
2.205999999999999905e-01
2.119999999999999940e-01
2.031999999999999917e-01
1.925999999999999934e-01
1.971999999999999864e-01
1.895999999999999908e-01
1.872000000000000053e-01
1.778000000000000136e-01
1.867999999999999938e-01
1.892000000000000071e-01
1.942000000000000115e-01
1.894000000000000128e-01
1.938000000000000000e-01
1.920000000000000040e-01
2.107999999999999874e-01
2.026000000000000023e-01
2.167999999999999927e-01
1.998000000000000054e-01
2.149999999999999967e-01
2.195999999999999897e-01
2.182000000000000051e-01
2.300000000000000100e-01
2.235999999999999932e-01
2.318000000000000060e-01
2.388000000000000123e-01
2.414000000000000035e-01
2.407999999999999863e-01
2.535999999999999921e-01
2.590000000000000080e-01
2.674000000000000266e-01
2.923999999999999932e-01
3.256000000000000005e-01
3.346000000000000085e-01
3.387999999999999901e-01
3.668000000000000149e-01
3.855999999999999983e-01
4.077999999999999958e-01
4.215999999999999748e-01
4.506000000000000005e-01
4.536000000000000032e-01
4.737999999999999989e-01
4.944000000000000061e-01
4.974000000000000088e-01
4.783999999999999919e-01
4.796000000000000263e-01
4.506000000000000005e-01
4.344000000000000083e-01
4.156000000000000250e-01
3.941999999999999948e-01
4.007999999999999896e-01
3.993999999999999773e-01
4.003999999999999782e-01
4.033999999999999808e-01
4.033999999999999808e-01
4.138000000000000012e-01
4.086000000000000187e-01
4.066000000000000170e-01
4.265999999999999792e-01
4.192000000000000171e-01
4.321999999999999731e-01
4.278000000000000136e-01
3.983999999999999764e-01
4.030000000000000249e-01
4.089999999999999747e-01
3.884000000000000230e-01
3.788000000000000256e-01
3.513999999999999901e-01
3.659999999999999920e-01
3.489999999999999769e-01
3.371999999999999997e-01
3.357999999999999874e-01
3.420000000000000262e-01
3.356000000000000094e-01
3.284000000000000252e-01
3.290000000000000147e-01
3.397999999999999909e-01
3.483999999999999875e-01
3.457999999999999963e-01
3.556000000000000272e-01
3.734000000000000097e-01
3.725999999999999868e-01
3.798000000000000265e-01
3.960000000000000187e-01
4.072000000000000064e-01
4.007999999999999896e-01
4.163999999999999924e-01
4.384000000000000119e-01
4.264000000000000012e-01
4.162000000000000144e-01
4.345999999999999863e-01
4.527999999999999803e-01
4.308000000000000163e-01
4.228000000000000091e-01
4.258000000000000118e-01
4.274000000000000021e-01
4.116000000000000214e-01
3.827999999999999736e-01
3.662000000000000255e-01
3.237999999999999767e-01
2.938000000000000056e-01
2.723999999999999755e-01
2.822000000000000064e-01
2.411999999999999977e-01
2.534000000000000141e-01
2.152000000000000024e-01
2.081999999999999962e-01
1.991999999999999882e-01
1.912000000000000088e-01
1.819999999999999951e-01
1.910000000000000031e-01
1.781999999999999973e-01
1.562000000000000055e-01
1.444000000000000006e-01
1.307999999999999996e-01
1.194000000000000061e-01
1.264000000000000123e-01
1.209999999999999964e-01
1.093999999999999972e-01
1.171999999999999986e-01
1.137999999999999984e-01
1.096000000000000030e-01
1.102000000000000063e-01
9.479999999999999538e-02
9.560000000000000442e-02
9.239999999999999603e-02
6.959999999999999520e-02
6.660000000000000642e-02
5.700000000000000205e-02
6.519999999999999407e-02
6.119999999999999746e-02
6.019999999999999657e-02
5.879999999999999810e-02
5.720000000000000084e-02
5.079999999999999793e-02
5.040000000000000036e-02
4.440000000000000197e-02
4.519999999999999712e-02
4.000000000000000083e-02
3.479999999999999760e-02
3.420000000000000123e-02
3.420000000000000123e-02
2.380000000000000171e-02
3.099999999999999978e-02
3.020000000000000115e-02
2.599999999999999881e-02
3.679999999999999938e-02
3.320000000000000034e-02
4.000000000000000083e-02
3.559999999999999970e-02
4.660000000000000253e-02
4.760000000000000342e-02
4.619999999999999801e-02
4.939999999999999947e-02
5.680000000000000326e-02
5.399999999999999939e-02
7.420000000000000207e-02
7.620000000000000384e-02
9.099999999999999756e-02
8.780000000000000304e-02
1.053999999999999937e-01
1.171999999999999986e-01
1.270000000000000018e-01
1.448000000000000120e-01
1.381999999999999895e-01
1.824000000000000066e-01
2.242000000000000104e-01
2.336000000000000021e-01
2.550000000000000044e-01
3.287999999999999812e-01
3.487999999999999989e-01
3.463999999999999857e-01
3.588000000000000078e-01
3.552000000000000157e-01
3.506000000000000227e-01
3.784000000000000141e-01
3.840000000000000080e-01
3.891999999999999904e-01
3.906000000000000028e-01
3.987999999999999878e-01
4.047999999999999932e-01
4.215999999999999748e-01
4.359999999999999987e-01
4.325999999999999845e-01
4.292000000000000259e-01
4.288000000000000145e-01
4.477999999999999758e-01
4.400000000000000022e-01
4.527999999999999803e-01
4.657999999999999918e-01
4.613999999999999768e-01
4.494000000000000217e-01
4.437999999999999723e-01
4.284000000000000030e-01
4.411999999999999811e-01
4.205999999999999739e-01
4.092000000000000082e-01
4.072000000000000064e-01
3.986000000000000099e-01
4.138000000000000012e-01
3.906000000000000028e-01
3.794000000000000150e-01
3.857999999999999763e-01
3.778000000000000247e-01
3.847999999999999754e-01
3.845999999999999974e-01
3.674000000000000044e-01
3.679999999999999938e-01
3.632000000000000228e-01
3.729999999999999982e-01
3.443999999999999839e-01
3.420000000000000262e-01
3.237999999999999767e-01
3.310000000000000164e-01
3.234000000000000208e-01
3.240000000000000102e-01
3.247999999999999776e-01
3.161999999999999811e-01
2.953999999999999959e-01
2.973999999999999977e-01
3.002000000000000224e-01
3.195999999999999952e-01
3.058000000000000163e-01
2.985999999999999766e-01
2.973999999999999977e-01
3.015999999999999792e-01
3.111999999999999766e-01
3.205999999999999961e-01
3.191999999999999837e-01
3.407999999999999918e-01
3.467999999999999972e-01
3.397999999999999909e-01
3.476000000000000201e-01
3.503999999999999893e-01
3.718000000000000194e-01
3.698000000000000176e-01
3.575999999999999734e-01
3.634000000000000008e-01
3.739999999999999991e-01
3.613999999999999990e-01
3.512000000000000122e-01
3.523999999999999910e-01
3.453999999999999848e-01
3.300000000000000155e-01
3.486000000000000210e-01
3.556000000000000272e-01
3.648000000000000131e-01
3.791999999999999815e-01
3.817999999999999727e-01
3.880000000000000115e-01
4.043999999999999817e-01
4.198000000000000065e-01
4.222000000000000197e-01
4.239999999999999880e-01
4.219999999999999862e-01
3.983999999999999764e-01
3.788000000000000256e-01
3.644000000000000017e-01
3.145999999999999908e-01
3.270000000000000129e-01
3.029999999999999916e-01
2.918000000000000038e-01
2.923999999999999932e-01
2.585999999999999965e-01
2.607999999999999763e-01
2.467999999999999916e-01
2.414000000000000035e-01
2.379999999999999893e-01
2.152000000000000024e-01
2.030000000000000138e-01
1.938000000000000000e-01
1.955999999999999961e-01
1.645999999999999963e-01
1.406000000000000028e-01
1.137999999999999984e-01
8.719999999999999973e-02
6.819999999999999674e-02
4.839999999999999858e-02
4.259999999999999898e-02
3.679999999999999938e-02
2.860000000000000042e-02
1.899999999999999953e-02
2.019999999999999921e-02
1.600000000000000033e-02
1.299999999999999940e-02
1.080000000000000057e-02
4.000000000000000083e-03
8.200000000000000691e-03
3.799999999999999992e-03
