1.444000000000000006e-01
1.655999999999999972e-01
1.570000000000000007e-01
1.464000000000000024e-01
1.360000000000000098e-01
1.307999999999999996e-01
1.348000000000000032e-01
1.315999999999999948e-01
1.247999999999999943e-01
1.226000000000000006e-01
1.293999999999999873e-01
1.292000000000000093e-01
1.342000000000000137e-01
1.409999999999999865e-01
1.343999999999999917e-01
1.310000000000000053e-01
1.426000000000000045e-01
1.400000000000000133e-01
1.506000000000000116e-01
1.524000000000000077e-01
1.458000000000000129e-01
1.497999999999999887e-01
1.506000000000000116e-01
1.519999999999999962e-01
1.582000000000000073e-01
1.517999999999999905e-01
1.577999999999999958e-01
1.537999999999999923e-01
1.468000000000000138e-01
1.312000000000000111e-01
1.285999999999999921e-01
1.371999999999999886e-01
1.419999999999999873e-01
1.552000000000000046e-01
1.620000000000000051e-01
1.812000000000000000e-01
1.748000000000000109e-01
1.942000000000000115e-01
2.016000000000000014e-01
2.258000000000000007e-01
2.184000000000000108e-01
2.545999999999999930e-01
2.757999999999999896e-01
2.727999999999999869e-01
2.869999999999999774e-01
3.042000000000000259e-01
3.069999999999999951e-01
3.387999999999999901e-01
3.513999999999999901e-01
3.794000000000000150e-01
3.575999999999999734e-01
3.506000000000000227e-01
3.618000000000000105e-01
3.588000000000000078e-01
3.496000000000000218e-01
3.443999999999999839e-01
3.486000000000000210e-01
3.267999999999999794e-01
2.945999999999999730e-01
2.574000000000000177e-01
2.555999999999999939e-01
2.263999999999999901e-01
2.041999999999999926e-01
1.756000000000000061e-01
1.340000000000000080e-01
1.215999999999999998e-01
1.083999999999999964e-01
9.740000000000000047e-02
7.679999999999999327e-02
5.700000000000000205e-02
5.999999999999999778e-02
4.920000000000000068e-02
3.960000000000000325e-02
2.539999999999999897e-02
2.419999999999999929e-02
1.280000000000000061e-02
9.799999999999999684e-03
8.999999999999999320e-03
6.000000000000000125e-03
1.799999999999999951e-03
2.000000000000000096e-04
1.000000000000000021e-03
1.199999999999999895e-03
1.000000000000000021e-03
1.399999999999999986e-03
4.000000000000000192e-04
5.999999999999999474e-04
1.399999999999999986e-03
4.199999999999999740e-03
1.799999999999999951e-03
2.000000000000000042e-03
3.000000000000000062e-03
2.599999999999999881e-03
3.399999999999999811e-03
3.399999999999999811e-03
5.400000000000000286e-03
3.599999999999999901e-03
5.599999999999999943e-03
7.599999999999999985e-03
7.400000000000000328e-03
1.179999999999999973e-02
9.199999999999999845e-03
1.099999999999999936e-02
1.660000000000000017e-02
1.400000000000000029e-02
1.559999999999999928e-02
2.220000000000000098e-02
3.239999999999999825e-02
4.379999999999999866e-02
4.499999999999999833e-02
7.019999999999999851e-02
9.919999999999999651e-02
1.371999999999999886e-01
1.768000000000000127e-01
2.169999999999999984e-01
2.687999999999999834e-01
3.400000000000000244e-01
4.243999999999999995e-01
4.580000000000000182e-01
4.747999999999999998e-01
4.803999999999999937e-01
4.490000000000000102e-01
3.894000000000000239e-01
3.280000000000000138e-01
2.932000000000000162e-01
2.605999999999999983e-01
1.932000000000000106e-01
1.350000000000000089e-01
1.257999999999999952e-01
1.063999999999999946e-01
9.039999999999999425e-02
7.639999999999999569e-02
6.800000000000000488e-02
5.260000000000000092e-02
3.400000000000000244e-02
3.939999999999999752e-02
4.100000000000000172e-02
4.179999999999999688e-02
4.979999999999999705e-02
4.920000000000000068e-02
4.279999999999999777e-02
4.179999999999999688e-02
4.039999999999999841e-02
4.200000000000000261e-02
3.160000000000000309e-02
3.020000000000000115e-02
2.599999999999999881e-02
3.180000000000000188e-02
3.280000000000000276e-02
2.779999999999999832e-02
2.599999999999999881e-02
2.079999999999999905e-02
2.040000000000000147e-02
2.220000000000000098e-02
2.100000000000000130e-02
2.220000000000000098e-02
2.239999999999999977e-02
1.959999999999999937e-02
2.520000000000000018e-02
2.019999999999999921e-02
3.020000000000000115e-02
2.639999999999999986e-02
3.180000000000000188e-02
2.719999999999999848e-02
3.020000000000000115e-02
2.920000000000000026e-02
3.139999999999999736e-02
3.939999999999999752e-02
3.640000000000000180e-02
3.719999999999999696e-02
3.180000000000000188e-02
3.339999999999999913e-02
3.740000000000000269e-02
3.899999999999999994e-02
4.540000000000000285e-02
4.440000000000000197e-02
5.240000000000000213e-02
5.160000000000000003e-02
4.839999999999999858e-02
5.739999999999999963e-02
6.840000000000000246e-02
6.439999999999999891e-02
6.519999999999999407e-02
7.580000000000000626e-02
7.240000000000000602e-02
7.080000000000000182e-02
6.619999999999999496e-02
6.700000000000000400e-02
7.480000000000000537e-02
7.520000000000000295e-02
8.219999999999999529e-02
1.011999999999999983e-01
1.198000000000000037e-01
1.320000000000000062e-01
1.739999999999999880e-01
2.003999999999999948e-01
2.295999999999999985e-01
2.353999999999999981e-01
2.859999999999999765e-01
3.024000000000000021e-01
3.412000000000000033e-01
3.642000000000000237e-01
4.248000000000000109e-01
4.381999999999999784e-01
5.006000000000000449e-01
4.776000000000000245e-01
4.457999999999999741e-01
3.993999999999999773e-01
3.503999999999999893e-01
3.079999999999999960e-01
2.535999999999999921e-01
2.116000000000000103e-01
1.718000000000000083e-01
1.522000000000000020e-01
1.209999999999999964e-01
8.880000000000000393e-02
7.620000000000000384e-02
8.140000000000000013e-02
9.279999999999999361e-02
8.959999999999999909e-02
8.719999999999999973e-02
9.360000000000000264e-02
7.520000000000000295e-02
9.959999999999999409e-02
1.029999999999999943e-01
1.137999999999999984e-01
1.471999999999999975e-01
1.794000000000000039e-01
2.023999999999999966e-01
2.330000000000000127e-01
2.330000000000000127e-01
2.202000000000000068e-01
2.489999999999999991e-01
2.521999999999999797e-01
2.686000000000000054e-01
2.760000000000000231e-01
2.538000000000000256e-01
2.278000000000000025e-01
2.059999999999999887e-01
1.801999999999999991e-01
1.532000000000000028e-01
1.486000000000000099e-01
1.678000000000000047e-01
1.716000000000000025e-01
1.675999999999999990e-01
2.053999999999999992e-01
2.242000000000000104e-01
2.485999999999999877e-01
2.707999999999999852e-01
2.703999999999999737e-01
3.075999999999999845e-01
3.447999999999999954e-01
4.178000000000000047e-01
4.723999999999999866e-01
4.865999999999999770e-01
4.239999999999999880e-01
3.825999999999999956e-01
3.585999999999999743e-01
3.748000000000000220e-01
3.502000000000000113e-01
3.244000000000000217e-01
3.393999999999999795e-01
3.343999999999999750e-01
3.711999999999999744e-01
3.927999999999999825e-01
4.057999999999999940e-01
4.480000000000000093e-01
4.673999999999999821e-01
4.782000000000000139e-01
4.828000000000000069e-01
4.828000000000000069e-01
4.853999999999999981e-01
4.566000000000000059e-01
4.345999999999999863e-01
4.149999999999999800e-01
4.173999999999999932e-01
4.148000000000000020e-01
3.827999999999999736e-01
3.718000000000000194e-01
3.533999999999999919e-01
3.151999999999999802e-01
2.882000000000000117e-01
2.922000000000000153e-01
2.696000000000000063e-01
2.381999999999999951e-01
2.167999999999999927e-01
2.039999999999999869e-01
1.865999999999999881e-01
1.527999999999999914e-01
1.330000000000000071e-01
1.028000000000000025e-01
9.279999999999999361e-02
8.400000000000000522e-02
6.539999999999999980e-02
5.079999999999999793e-02
4.340000000000000108e-02
3.719999999999999696e-02
3.880000000000000115e-02
3.420000000000000123e-02
3.559999999999999970e-02
3.339999999999999913e-02
3.219999999999999946e-02
2.680000000000000090e-02
3.219999999999999946e-02
2.819999999999999937e-02
2.440000000000000155e-02
1.919999999999999832e-02
1.580000000000000154e-02
1.359999999999999924e-02
1.020000000000000073e-02
1.159999999999999920e-02
1.760000000000000106e-02
1.859999999999999848e-02
1.580000000000000154e-02
2.019999999999999921e-02
2.259999999999999856e-02
2.380000000000000171e-02
3.080000000000000099e-02
3.080000000000000099e-02
4.460000000000000075e-02
5.059999999999999915e-02
5.439999999999999697e-02
6.360000000000000375e-02
8.140000000000000013e-02
8.419999999999999707e-02
9.220000000000000417e-02
1.082000000000000045e-01
1.257999999999999952e-01
1.360000000000000098e-01
1.529999999999999971e-01
1.645999999999999963e-01
1.681999999999999884e-01
1.953999999999999904e-01
1.927999999999999992e-01
1.948000000000000009e-01
2.156000000000000139e-01
2.068000000000000116e-01
2.084000000000000019e-01
2.190000000000000002e-01
2.426000000000000101e-01
2.472000000000000031e-01
2.530000000000000027e-01
2.721999999999999975e-01
2.857999999999999985e-01
2.803999999999999826e-01
2.823999999999999844e-01
2.989999999999999880e-01
2.949999999999999845e-01
3.034000000000000030e-01
2.998000000000000109e-01
3.225999999999999979e-01
3.546000000000000263e-01
3.708000000000000185e-01
3.824000000000000177e-01
4.368000000000000216e-01
4.255999999999999783e-01
4.158000000000000029e-01
4.259999999999999898e-01
4.123999999999999888e-01
4.380000000000000004e-01
4.278000000000000136e-01
4.294000000000000039e-01
4.394000000000000128e-01
4.302000000000000268e-01
4.516000000000000014e-01
4.819999999999999840e-01
4.858000000000000096e-01
4.697999999999999954e-01
5.010000000000000009e-01
4.756000000000000227e-01
4.945999999999999841e-01
4.862000000000000210e-01
4.812000000000000166e-01
4.617999999999999883e-01
4.345999999999999863e-01
4.581999999999999962e-01
4.491999999999999882e-01
4.440000000000000058e-01
4.495999999999999996e-01
4.676000000000000156e-01
4.540000000000000147e-01
4.309999999999999942e-01
4.338000000000000189e-01
4.414000000000000146e-01
4.517999999999999794e-01
4.640000000000000235e-01
4.696000000000000174e-01
4.843999999999999972e-01
4.912000000000000255e-01
4.803999999999999937e-01
4.873999999999999999e-01
4.855999999999999761e-01
4.650000000000000244e-01
4.544000000000000261e-01
4.339999999999999969e-01
4.159999999999999809e-01
3.867999999999999772e-01
3.479999999999999760e-01
3.221999999999999864e-01
2.624000000000000221e-01
2.610000000000000098e-01
2.401999999999999968e-01
2.361999999999999933e-01
2.391999999999999960e-01
2.544000000000000150e-01
2.363999999999999990e-01
2.524000000000000132e-01
2.570000000000000062e-01
2.356000000000000039e-01
2.656000000000000028e-01
2.477999999999999925e-01
2.394000000000000017e-01
2.567999999999999727e-01
2.154000000000000081e-01
2.169999999999999984e-01
1.943999999999999895e-01
1.819999999999999951e-01
1.650000000000000078e-01
1.400000000000000133e-01
1.192000000000000004e-01
1.028000000000000025e-01
9.500000000000000111e-02
6.880000000000000004e-02
6.600000000000000311e-02
4.760000000000000342e-02
4.739999999999999769e-02
5.600000000000000117e-02
4.279999999999999777e-02
3.919999999999999873e-02
4.299999999999999656e-02
3.379999999999999671e-02
2.380000000000000171e-02
2.539999999999999897e-02
1.959999999999999937e-02
2.139999999999999888e-02
1.899999999999999953e-02
1.499999999999999944e-02
1.660000000000000017e-02
1.799999999999999864e-02
1.679999999999999896e-02
1.980000000000000163e-02
2.139999999999999888e-02
2.060000000000000026e-02
1.779999999999999985e-02
2.560000000000000123e-02
1.480000000000000066e-02
1.820000000000000090e-02
2.139999999999999888e-02
2.299999999999999961e-02
2.639999999999999986e-02
4.000000000000000083e-02
3.780000000000000027e-02
6.379999999999999560e-02
9.560000000000000442e-02
1.345999999999999974e-01
1.612000000000000099e-01
1.968000000000000027e-01
2.426000000000000101e-01
2.520000000000000018e-01
2.767999999999999905e-01
3.079999999999999960e-01
3.261999999999999900e-01
3.622000000000000219e-01
3.981999999999999984e-01
4.138000000000000012e-01
4.112000000000000099e-01
4.223999999999999977e-01
4.616000000000000103e-01
5.068000000000000282e-01
4.792000000000000148e-01
4.703999999999999848e-01
4.742000000000000104e-01
4.455999999999999961e-01
4.351999999999999758e-01
4.233999999999999986e-01
4.030000000000000249e-01
4.002000000000000002e-01
3.810000000000000053e-01
3.513999999999999901e-01
3.459999999999999742e-01
3.509999999999999787e-01
3.377999999999999892e-01
3.420000000000000262e-01
3.659999999999999920e-01
3.602000000000000202e-01
3.609999999999999876e-01
3.585999999999999743e-01
3.708000000000000185e-01
3.770000000000000018e-01
3.549999999999999822e-01
3.704000000000000070e-01
3.811999999999999833e-01
3.632000000000000228e-01
3.844000000000000195e-01
3.874000000000000221e-01
3.970000000000000195e-01
4.106000000000000205e-01
4.096000000000000196e-01
4.143999999999999906e-01
4.178000000000000047e-01
4.374000000000000110e-01
4.727999999999999980e-01
4.869999999999999885e-01
5.063999999999999613e-01
4.818000000000000060e-01
4.414000000000000146e-01
4.169999999999999818e-01
3.914000000000000257e-01
3.506000000000000227e-01
3.316000000000000059e-01
3.416000000000000147e-01
3.044000000000000039e-01
2.731999999999999984e-01
2.501999999999999780e-01
2.444000000000000061e-01
2.247999999999999998e-01
2.159999999999999976e-01
2.117999999999999883e-01
2.172000000000000042e-01
1.902000000000000079e-01
1.933999999999999886e-01
1.721999999999999920e-01
1.444000000000000006e-01
1.353999999999999926e-01
1.255999999999999894e-01
1.267999999999999960e-01
1.343999999999999917e-01
1.243999999999999967e-01
1.380000000000000115e-01
1.771999999999999964e-01
1.950000000000000067e-01
2.431999999999999995e-01
2.676000000000000045e-01
2.813999999999999835e-01
2.928000000000000047e-01
3.124000000000000110e-01
3.294000000000000261e-01
2.919999999999999818e-01
2.989999999999999880e-01
2.743999999999999773e-01
2.833999999999999853e-01
2.760000000000000231e-01
2.587999999999999745e-01
2.424000000000000044e-01
2.452000000000000013e-01
2.427999999999999881e-01
2.414000000000000035e-01
2.204000000000000126e-01
2.086000000000000076e-01
2.121999999999999997e-01
2.167999999999999927e-01
2.303999999999999937e-01
2.479999999999999982e-01
2.551999999999999824e-01
2.525999999999999912e-01
2.594000000000000195e-01
2.624000000000000221e-01
2.776000000000000134e-01
2.817999999999999949e-01
2.999999999999999889e-01
2.993999999999999995e-01
3.138000000000000234e-01
3.121999999999999775e-01
3.005999999999999783e-01
2.888000000000000012e-01
2.777999999999999914e-01
2.677999999999999825e-01
2.767999999999999905e-01
2.723999999999999755e-01
2.545999999999999930e-01
2.605999999999999983e-01
2.762000000000000011e-01
2.597999999999999754e-01
2.427999999999999881e-01
2.316000000000000003e-01
2.411999999999999977e-01
2.474000000000000088e-01
2.621999999999999886e-01
2.567999999999999727e-01
3.034000000000000030e-01
3.029999999999999916e-01
3.055999999999999828e-01
3.496000000000000218e-01
3.593999999999999972e-01
3.877999999999999781e-01
3.906000000000000028e-01
3.808000000000000274e-01
4.411999999999999811e-01
4.732000000000000095e-01
4.915999999999999814e-01
4.758000000000000007e-01
4.418000000000000260e-01
4.163999999999999924e-01
3.775999999999999912e-01
3.609999999999999876e-01
3.691999999999999726e-01
3.496000000000000218e-01
3.347999999999999865e-01
3.240000000000000102e-01
3.277999999999999803e-01
3.180000000000000049e-01
3.024000000000000021e-01
2.978000000000000091e-01
2.857999999999999985e-01
3.054000000000000048e-01
2.886000000000000232e-01
2.985999999999999766e-01
3.052000000000000268e-01
3.138000000000000234e-01
3.071999999999999731e-01
3.134000000000000119e-01
3.101999999999999758e-01
3.453999999999999848e-01
3.575999999999999734e-01
3.588000000000000078e-01
3.699999999999999956e-01
3.778000000000000247e-01
4.106000000000000205e-01
4.428000000000000269e-01
4.567999999999999838e-01
4.875999999999999779e-01
4.872000000000000219e-01
4.752000000000000113e-01
4.212000000000000188e-01
4.102000000000000091e-01
3.870000000000000107e-01
3.558000000000000052e-01
3.304000000000000270e-01
3.022000000000000242e-01
2.903999999999999915e-01
2.634000000000000230e-01
2.233999999999999875e-01
2.179999999999999993e-01
2.033999999999999975e-01
1.779999999999999916e-01
1.638000000000000012e-01
1.628000000000000003e-01
1.648000000000000020e-01
1.307999999999999996e-01
1.351999999999999869e-01
1.423999999999999988e-01
1.481999999999999984e-01
1.590000000000000024e-01
1.517999999999999905e-01
1.592000000000000082e-01
1.572000000000000064e-01
1.545999999999999874e-01
1.574000000000000121e-01
1.408000000000000085e-01
1.527999999999999914e-01
1.512000000000000011e-01
1.670000000000000095e-01
1.605999999999999928e-01
1.643999999999999906e-01
1.658000000000000029e-01
1.673999999999999932e-01
1.593999999999999861e-01
1.526000000000000134e-01
1.376000000000000001e-01
1.373999999999999944e-01
1.237999999999999934e-01
1.233999999999999958e-01
1.223999999999999949e-01
1.262000000000000066e-01
1.110000000000000014e-01
9.979999999999999982e-02
1.055999999999999994e-01
9.660000000000000531e-02
9.260000000000000175e-02
8.980000000000000482e-02
8.699999999999999400e-02
6.600000000000000311e-02
4.440000000000000197e-02
4.000000000000000083e-02
3.440000000000000002e-02
3.099999999999999978e-02
3.640000000000000180e-02
2.999999999999999889e-02
3.339999999999999913e-02
2.659999999999999865e-02
3.500000000000000333e-02
2.580000000000000002e-02
2.280000000000000082e-02
2.520000000000000018e-02
2.419999999999999929e-02
2.539999999999999897e-02
2.479999999999999913e-02
2.000000000000000042e-02
2.580000000000000002e-02
2.199999999999999872e-02
1.859999999999999848e-02
2.400000000000000050e-02
1.619999999999999912e-02
2.299999999999999961e-02
1.839999999999999969e-02
2.079999999999999905e-02
2.460000000000000034e-02
2.319999999999999840e-02
2.160000000000000114e-02
2.759999999999999953e-02
2.719999999999999848e-02
4.080000000000000293e-02
4.560000000000000164e-02
5.160000000000000003e-02
6.460000000000000464e-02
6.560000000000000553e-02
7.159999999999999698e-02
9.099999999999999756e-02
1.005999999999999950e-01
8.179999999999999771e-02
9.539999999999999869e-02
1.008000000000000007e-01
8.319999999999999618e-02
8.599999999999999312e-02
9.619999999999999385e-02
9.160000000000000087e-02
1.063999999999999946e-01
1.262000000000000066e-01
1.429999999999999882e-01
1.671999999999999875e-01
1.635999999999999954e-01
1.751999999999999946e-01
1.864000000000000101e-01
2.154000000000000081e-01
2.477999999999999925e-01
2.889999999999999791e-01
3.416000000000000147e-01
3.891999999999999904e-01
4.202000000000000179e-01
4.716000000000000192e-01
5.001999999999999780e-01
4.838000000000000078e-01
4.551999999999999935e-01
4.272000000000000242e-01
4.097999999999999976e-01
3.781999999999999806e-01
3.694000000000000061e-01
3.227999999999999758e-01
3.276000000000000023e-01
3.124000000000000110e-01
2.926000000000000267e-01
2.654000000000000248e-01
2.595999999999999974e-01
2.243999999999999884e-01
2.379999999999999893e-01
2.411999999999999977e-01
2.424000000000000044e-01
2.554000000000000159e-01
2.283999999999999919e-01
2.144000000000000072e-01
1.945999999999999952e-01
2.096000000000000085e-01
2.021999999999999909e-01
2.036000000000000032e-01
1.817999999999999894e-01
1.930000000000000049e-01
1.985999999999999988e-01
2.049999999999999878e-01
1.948000000000000009e-01
1.894000000000000128e-01
1.748000000000000109e-01
1.922000000000000097e-01
1.847999999999999921e-01
1.648000000000000020e-01
1.406000000000000028e-01
1.363999999999999935e-01
1.303999999999999881e-01
1.203999999999999931e-01
1.254000000000000115e-01
1.121999999999999942e-01
1.102000000000000063e-01
1.110000000000000014e-01
8.920000000000000151e-02
9.180000000000000659e-02
8.939999999999999336e-02
9.039999999999999425e-02
9.279999999999999361e-02
7.080000000000000182e-02
6.539999999999999980e-02
8.079999999999999682e-02
9.139999999999999514e-02
1.015999999999999959e-01
1.059999999999999970e-01
1.228000000000000064e-01
1.456000000000000072e-01
1.423999999999999988e-01
1.400000000000000133e-01
1.419999999999999873e-01
1.517999999999999905e-01
1.468000000000000138e-01
1.539999999999999980e-01
1.574000000000000121e-01
1.668000000000000038e-01
1.796000000000000096e-01
1.826000000000000123e-01
1.678000000000000047e-01
1.688000000000000056e-01
1.683999999999999941e-01
1.723999999999999977e-01
1.797999999999999876e-01
1.875999999999999890e-01
1.872000000000000053e-01
1.847999999999999921e-01
2.109999999999999931e-01
1.922000000000000097e-01
2.127999999999999892e-01
2.111999999999999988e-01
2.074000000000000010e-01
2.164000000000000090e-01
2.295999999999999985e-01
2.431999999999999995e-01
2.368000000000000105e-01
2.174000000000000099e-01
2.262000000000000122e-01
2.454000000000000070e-01
2.426000000000000101e-01
2.637999999999999790e-01
2.859999999999999765e-01
3.071999999999999731e-01
3.214000000000000190e-01
3.251999999999999891e-01
3.578000000000000069e-01
3.553999999999999937e-01
3.603999999999999981e-01
3.770000000000000018e-01
4.069999999999999729e-01
4.079999999999999738e-01
4.282000000000000250e-01
4.268000000000000127e-01
4.391999999999999793e-01
4.537999999999999812e-01
4.487999999999999767e-01
4.480000000000000093e-01
4.657999999999999918e-01
4.737999999999999989e-01
4.944000000000000061e-01
4.752000000000000113e-01
4.868000000000000105e-01
4.521999999999999909e-01
4.620000000000000218e-01
4.601999999999999980e-01
4.530000000000000138e-01
4.298000000000000154e-01
4.082000000000000073e-01
4.062000000000000055e-01
3.629999999999999893e-01
3.592000000000000193e-01
3.367999999999999883e-01
3.187999999999999723e-01
3.128000000000000225e-01
2.978000000000000091e-01
