2.773999999999999799e-01
2.630000000000000115e-01
2.674000000000000266e-01
2.575999999999999956e-01
2.706000000000000072e-01
2.949999999999999845e-01
2.899999999999999800e-01
3.015999999999999792e-01
2.962000000000000188e-01
3.245999999999999996e-01
3.035999999999999810e-01
3.197999999999999732e-01
3.171999999999999820e-01
3.225999999999999979e-01
3.201999999999999846e-01
3.270000000000000129e-01
3.148000000000000242e-01
2.948000000000000065e-01
2.863999999999999879e-01
2.872000000000000108e-01
3.042000000000000259e-01
3.099999999999999978e-01
2.786000000000000143e-01
2.404000000000000026e-01
2.366000000000000048e-01
2.288000000000000034e-01
1.973999999999999921e-01
1.555999999999999883e-01
1.226000000000000006e-01
1.179999999999999938e-01
7.760000000000000231e-02
5.340000000000000302e-02
5.319999999999999729e-02
4.240000000000000019e-02
2.920000000000000026e-02
1.899999999999999953e-02
8.600000000000000006e-03
7.599999999999999985e-03
8.200000000000000691e-03
2.200000000000000133e-03
2.799999999999999972e-03
2.000000000000000042e-03
5.999999999999999474e-04
2.399999999999999790e-03
1.799999999999999951e-03
3.000000000000000062e-03
3.599999999999999901e-03
1.619999999999999912e-02
2.939999999999999905e-02
3.300000000000000155e-02
5.460000000000000270e-02
1.066000000000000003e-01
1.845999999999999863e-01
2.766000000000000125e-01
4.012000000000000011e-01
4.934000000000000052e-01
4.530000000000000138e-01
3.880000000000000115e-01
3.158000000000000251e-01
2.701999999999999957e-01
2.283999999999999919e-01
2.127999999999999892e-01
1.874000000000000110e-01
1.577999999999999958e-01
1.340000000000000080e-01
1.524000000000000077e-01
1.559999999999999998e-01
1.582000000000000073e-01
1.733999999999999986e-01
1.845999999999999863e-01
2.043999999999999984e-01
2.300000000000000100e-01
2.620000000000000107e-01
2.945999999999999730e-01
3.104000000000000092e-01
3.326000000000000068e-01
3.280000000000000138e-01
3.267999999999999794e-01
3.393999999999999795e-01
3.353999999999999759e-01
3.492000000000000104e-01
3.711999999999999744e-01
3.904000000000000248e-01
3.967999999999999861e-01
3.940000000000000169e-01
4.026000000000000134e-01
4.092000000000000082e-01
4.302000000000000268e-01
4.315999999999999837e-01
4.597999999999999865e-01
4.726000000000000201e-01
4.981999999999999762e-01
4.842000000000000193e-01
4.696000000000000174e-01
4.421999999999999820e-01
4.265999999999999792e-01
4.179999999999999827e-01
4.073999999999999844e-01
4.113999999999999879e-01
4.072000000000000064e-01
3.981999999999999984e-01
3.931999999999999940e-01
4.082000000000000073e-01
4.398000000000000242e-01
4.570000000000000173e-01
4.909999999999999920e-01
4.818000000000000060e-01
4.812000000000000166e-01
4.339999999999999969e-01
4.052000000000000046e-01
3.805999999999999939e-01
3.518000000000000016e-01
3.356000000000000094e-01
3.300000000000000155e-01
3.195999999999999952e-01
3.069999999999999951e-01
2.993999999999999995e-01
3.044000000000000039e-01
2.948000000000000065e-01
2.763999999999999790e-01
2.514000000000000123e-01
2.366000000000000048e-01
2.124000000000000055e-01
1.938000000000000000e-01
1.729999999999999871e-01
1.671999999999999875e-01
1.562000000000000055e-01
1.499999999999999944e-01
1.181999999999999995e-01
8.980000000000000482e-02
7.539999999999999480e-02
6.560000000000000553e-02
4.120000000000000051e-02
2.580000000000000002e-02
2.520000000000000018e-02
1.820000000000000090e-02
1.519999999999999997e-02
9.599999999999999159e-03
7.000000000000000146e-03
5.000000000000000104e-03
6.599999999999999964e-03
8.000000000000000167e-03
6.599999999999999964e-03
5.799999999999999600e-03
6.599999999999999964e-03
4.199999999999999740e-03
5.000000000000000104e-03
7.199999999999999803e-03
7.799999999999999642e-03
7.199999999999999803e-03
4.799999999999999580e-03
8.000000000000000167e-03
9.599999999999999159e-03
6.799999999999999621e-03
7.000000000000000146e-03
1.119999999999999989e-02
7.799999999999999642e-03
1.060000000000000005e-02
1.340000000000000045e-02
1.480000000000000066e-02
2.000000000000000042e-02
2.160000000000000114e-02
3.459999999999999881e-02
4.059999999999999720e-02
5.700000000000000205e-02
6.060000000000000109e-02
6.800000000000000488e-02
8.699999999999999400e-02
9.560000000000000442e-02
9.879999999999999893e-02
1.010000000000000064e-01
1.127999999999999975e-01
1.134000000000000008e-01
1.134000000000000008e-01
1.287999999999999978e-01
1.449999999999999900e-01
1.378000000000000058e-01
1.449999999999999900e-01
1.610000000000000042e-01
1.615999999999999936e-01
1.852000000000000035e-01
2.001999999999999891e-01
1.983999999999999930e-01
2.326000000000000012e-01
2.477999999999999925e-01
2.577999999999999736e-01
2.760000000000000231e-01
2.909999999999999809e-01
2.959999999999999853e-01
3.286000000000000032e-01
3.476000000000000201e-01
3.549999999999999822e-01
3.447999999999999954e-01
3.951999999999999957e-01
3.901999999999999913e-01
4.057999999999999940e-01
4.238000000000000100e-01
4.527999999999999803e-01
4.611999999999999988e-01
4.789999999999999813e-01
4.868000000000000105e-01
4.613999999999999768e-01
4.285999999999999810e-01
3.914000000000000257e-01
3.609999999999999876e-01
3.237999999999999767e-01
3.004000000000000004e-01
2.686000000000000054e-01
2.489999999999999991e-01
2.310000000000000109e-01
2.149999999999999967e-01
1.907999999999999974e-01
1.819999999999999951e-01
1.648000000000000020e-01
1.660000000000000087e-01
1.451999999999999957e-01
1.322000000000000119e-01
1.192000000000000004e-01
1.285999999999999921e-01
1.160000000000000059e-01
1.126000000000000056e-01
1.215999999999999998e-01
1.025999999999999968e-01
1.035999999999999976e-01
9.840000000000000135e-02
1.131999999999999951e-01
1.066000000000000003e-01
1.045999999999999985e-01
1.038000000000000034e-01
1.011999999999999983e-01
1.165999999999999953e-01
1.209999999999999964e-01
1.254000000000000115e-01
1.380000000000000115e-01
1.602000000000000091e-01
1.743999999999999995e-01
1.962000000000000133e-01
2.265999999999999959e-01
2.411999999999999977e-01
2.787999999999999923e-01
3.181999999999999829e-01
3.755999999999999894e-01
3.971999999999999975e-01
4.238000000000000100e-01
4.697999999999999954e-01
4.908000000000000140e-01
4.431999999999999829e-01
4.304000000000000048e-01
4.156000000000000250e-01
3.887999999999999790e-01
3.901999999999999913e-01
3.820000000000000062e-01
4.040000000000000258e-01
4.010000000000000231e-01
3.950000000000000178e-01
3.950000000000000178e-01
3.876000000000000001e-01
4.265999999999999792e-01
4.400000000000000022e-01
4.411999999999999811e-01
4.410000000000000031e-01
4.359999999999999987e-01
4.480000000000000093e-01
4.723999999999999866e-01
4.749999999999999778e-01
4.471999999999999864e-01
4.355999999999999872e-01
4.309999999999999942e-01
4.063999999999999835e-01
3.724000000000000088e-01
3.876000000000000001e-01
3.890000000000000124e-01
3.638000000000000123e-01
3.130000000000000004e-01
2.752000000000000002e-01
2.242000000000000104e-01
2.116000000000000103e-01
1.849999999999999978e-01
1.542000000000000037e-01
9.919999999999999651e-02
9.239999999999999603e-02
9.160000000000000087e-02
7.359999999999999876e-02
6.180000000000000077e-02
6.119999999999999746e-02
5.559999999999999665e-02
4.619999999999999801e-02
5.559999999999999665e-02
6.539999999999999980e-02
8.359999999999999376e-02
9.239999999999999603e-02
1.131999999999999951e-01
1.038000000000000034e-01
1.134000000000000008e-01
1.045999999999999985e-01
9.279999999999999361e-02
8.440000000000000280e-02
8.060000000000000497e-02
7.720000000000000473e-02
8.240000000000000102e-02
8.000000000000000167e-02
4.139999999999999930e-02
4.359999999999999987e-02
4.240000000000000019e-02
4.359999999999999987e-02
4.139999999999999930e-02
3.020000000000000115e-02
2.400000000000000050e-02
2.400000000000000050e-02
2.299999999999999961e-02
2.479999999999999913e-02
1.600000000000000033e-02
1.220000000000000077e-02
1.000000000000000021e-02
1.540000000000000049e-02
1.200000000000000025e-02
1.739999999999999880e-02
1.499999999999999944e-02
2.139999999999999888e-02
1.799999999999999864e-02
2.239999999999999977e-02
2.259999999999999856e-02
2.179999999999999993e-02
1.480000000000000066e-02
1.540000000000000049e-02
1.159999999999999920e-02
8.200000000000000691e-03
9.799999999999999684e-03
1.119999999999999989e-02
1.000000000000000021e-02
8.999999999999999320e-03
1.179999999999999973e-02
1.460000000000000013e-02
1.499999999999999944e-02
1.660000000000000017e-02
2.040000000000000147e-02
2.239999999999999977e-02
2.539999999999999897e-02
2.479999999999999913e-02
2.659999999999999865e-02
3.540000000000000091e-02
3.599999999999999728e-02
4.420000000000000318e-02
5.519999999999999907e-02
5.539999999999999786e-02
6.160000000000000198e-02
6.679999999999999827e-02
8.759999999999999731e-02
9.299999999999999933e-02
1.111999999999999933e-01
1.219999999999999973e-01
1.539999999999999980e-01
1.791999999999999982e-01
1.829999999999999960e-01
2.101999999999999980e-01
2.366000000000000048e-01
2.696000000000000063e-01
2.867999999999999994e-01
2.867999999999999994e-01
3.351999999999999980e-01
3.479999999999999760e-01
3.688000000000000167e-01
3.920000000000000151e-01
4.474000000000000199e-01
4.656000000000000139e-01
4.853999999999999981e-01
4.768000000000000016e-01
5.021999999999999797e-01
4.908000000000000140e-01
4.919999999999999929e-01
4.974000000000000088e-01
4.899999999999999911e-01
4.971999999999999753e-01
4.829999999999999849e-01
4.524000000000000243e-01
4.460000000000000075e-01
4.361999999999999766e-01
4.245999999999999774e-01
4.289999999999999925e-01
4.189999999999999836e-01
4.106000000000000205e-01
3.971999999999999975e-01
3.881999999999999895e-01
3.489999999999999769e-01
3.410000000000000253e-01
3.131999999999999784e-01
3.168000000000000260e-01
2.979999999999999871e-01
3.121999999999999775e-01
3.154000000000000137e-01
3.174000000000000155e-01
3.286000000000000032e-01
3.084000000000000075e-01
3.396000000000000130e-01
3.396000000000000130e-01
3.150000000000000022e-01
3.479999999999999760e-01
3.353999999999999759e-01
3.645999999999999797e-01
3.645999999999999797e-01
4.040000000000000258e-01
4.218000000000000083e-01
4.364000000000000101e-01
4.289999999999999925e-01
4.112000000000000099e-01
4.198000000000000065e-01
3.827999999999999736e-01
4.047999999999999932e-01
4.309999999999999942e-01
4.331999999999999740e-01
4.461999999999999855e-01
4.334000000000000075e-01
4.354000000000000092e-01
4.282000000000000250e-01
4.354000000000000092e-01
4.601999999999999980e-01
4.875999999999999779e-01
4.490000000000000102e-01
4.331999999999999740e-01
4.368000000000000216e-01
4.153999999999999915e-01
4.242000000000000215e-01
4.591999999999999971e-01
4.361999999999999766e-01
4.384000000000000119e-01
4.520000000000000129e-01
4.491999999999999882e-01
4.284000000000000030e-01
4.042000000000000037e-01
3.880000000000000115e-01
3.871999999999999886e-01
3.559999999999999831e-01
3.422000000000000042e-01
3.407999999999999918e-01
3.194000000000000172e-01
3.089999999999999969e-01
3.081999999999999740e-01
3.164000000000000146e-01
2.889999999999999791e-01
3.251999999999999891e-01
3.071999999999999731e-01
3.150000000000000022e-01
3.294000000000000261e-01
3.261999999999999900e-01
2.857999999999999985e-01
3.121999999999999775e-01
3.363999999999999768e-01
3.413999999999999813e-01
3.427999999999999936e-01
3.377999999999999892e-01
3.735999999999999877e-01
3.934000000000000274e-01
3.781999999999999806e-01
3.741999999999999771e-01
3.748000000000000220e-01
3.622000000000000219e-01
3.613999999999999990e-01
3.623999999999999999e-01
3.356000000000000094e-01
3.237999999999999767e-01
3.121999999999999775e-01
3.049999999999999933e-01
3.009999999999999898e-01
2.837999999999999967e-01
2.494000000000000106e-01
2.637999999999999790e-01
2.654000000000000248e-01
2.624000000000000221e-01
2.953999999999999959e-01
3.168000000000000260e-01
3.158000000000000251e-01
3.171999999999999820e-01
2.939999999999999836e-01
2.992000000000000215e-01
2.869999999999999774e-01
2.766000000000000125e-01
3.098000000000000198e-01
2.822000000000000064e-01
2.833999999999999853e-01
2.647999999999999798e-01
2.605999999999999983e-01
2.691999999999999948e-01
2.607999999999999763e-01
2.664000000000000257e-01
2.429999999999999938e-01
2.560000000000000053e-01
2.597999999999999754e-01
2.757999999999999896e-01
2.706000000000000072e-01
2.823999999999999844e-01
2.829999999999999738e-01
2.796000000000000152e-01
2.530000000000000027e-01
2.906000000000000250e-01
2.644000000000000239e-01
2.617999999999999772e-01
2.651999999999999913e-01
2.631999999999999895e-01
2.520000000000000018e-01
2.564000000000000168e-01
2.581999999999999851e-01
2.832000000000000073e-01
3.019999999999999907e-01
2.908000000000000029e-01
3.071999999999999731e-01
2.787999999999999923e-01
2.903999999999999915e-01
2.492000000000000048e-01
2.988000000000000100e-01
2.457999999999999907e-01
2.394000000000000017e-01
2.505999999999999894e-01
1.963999999999999913e-01
1.729999999999999871e-01
1.822000000000000008e-01
1.534000000000000086e-01
1.272000000000000075e-01
1.083999999999999964e-01
9.719999999999999474e-02
1.005999999999999950e-01
9.120000000000000329e-02
8.659999999999999643e-02
1.005999999999999950e-01
9.600000000000000200e-02
8.179999999999999771e-02
7.739999999999999658e-02
6.619999999999999496e-02
7.420000000000000207e-02
7.820000000000000562e-02
7.560000000000000053e-02
9.020000000000000240e-02
8.880000000000000393e-02
1.130000000000000032e-01
1.255999999999999894e-01
1.333999999999999908e-01
1.491999999999999993e-01
1.655999999999999972e-01
1.943999999999999895e-01
2.265999999999999959e-01
2.311999999999999889e-01
2.321999999999999897e-01
2.376000000000000056e-01
2.341999999999999915e-01
2.280000000000000082e-01
2.184000000000000108e-01
2.132000000000000006e-01
1.942000000000000115e-01
1.940000000000000058e-01
2.049999999999999878e-01
2.043999999999999984e-01
2.089999999999999913e-01
2.121999999999999997e-01
2.177999999999999936e-01
2.010000000000000120e-01
2.039999999999999869e-01
2.008000000000000063e-01
2.247999999999999998e-01
2.146000000000000130e-01
2.187999999999999945e-01
2.477999999999999925e-01
2.472000000000000031e-01
2.545999999999999930e-01
2.627999999999999781e-01
2.447999999999999898e-01
2.604000000000000203e-01
2.545999999999999930e-01
2.647999999999999798e-01
2.889999999999999791e-01
2.918000000000000038e-01
3.019999999999999907e-01
3.210000000000000075e-01
3.350000000000000200e-01
3.569999999999999840e-01
4.275999999999999801e-01
4.646000000000000130e-01
5.006000000000000449e-01
4.601999999999999980e-01
4.358000000000000207e-01
3.805999999999999939e-01
3.502000000000000113e-01
3.055999999999999828e-01
2.786000000000000143e-01
2.604000000000000203e-01
2.407999999999999863e-01
2.114000000000000046e-01
1.927999999999999992e-01
1.739999999999999880e-01
1.605999999999999928e-01
1.371999999999999886e-01
1.150000000000000050e-01
1.093999999999999972e-01
9.239999999999999603e-02
8.079999999999999682e-02
6.379999999999999560e-02
5.800000000000000294e-02
4.800000000000000100e-02
4.220000000000000140e-02
3.939999999999999752e-02
3.180000000000000188e-02
3.039999999999999994e-02
2.699999999999999969e-02
2.440000000000000155e-02
2.299999999999999961e-02
1.880000000000000074e-02
1.799999999999999864e-02
1.600000000000000033e-02
1.460000000000000013e-02
1.720000000000000001e-02
1.559999999999999928e-02
1.439999999999999961e-02
1.820000000000000090e-02
1.760000000000000106e-02
2.359999999999999945e-02
1.880000000000000074e-02
2.100000000000000130e-02
2.840000000000000163e-02
3.099999999999999978e-02
3.579999999999999849e-02
3.960000000000000325e-02
4.780000000000000221e-02
4.639999999999999680e-02
4.939999999999999947e-02
6.419999999999999318e-02
7.140000000000000513e-02
9.460000000000000353e-02
1.209999999999999964e-01
1.322000000000000119e-01
1.454000000000000015e-01
1.680000000000000104e-01
1.688000000000000056e-01
2.038000000000000089e-01
2.197999999999999954e-01
2.379999999999999893e-01
2.467999999999999916e-01
2.508000000000000229e-01
2.467999999999999916e-01
2.421999999999999986e-01
2.591999999999999860e-01
2.747999999999999887e-01
2.731999999999999984e-01
2.876000000000000223e-01
2.793999999999999817e-01
2.762000000000000011e-01
2.989999999999999880e-01
2.879999999999999782e-01
3.121999999999999775e-01
3.247999999999999776e-01
3.274000000000000243e-01
3.297999999999999821e-01
3.194000000000000172e-01
3.155999999999999917e-01
3.397999999999999909e-01
3.286000000000000032e-01
3.357999999999999874e-01
3.121999999999999775e-01
3.012000000000000233e-01
2.963999999999999968e-01
2.747999999999999887e-01
2.386000000000000065e-01
2.389999999999999902e-01
2.187999999999999945e-01
2.099999999999999922e-01
1.917999999999999983e-01
1.758000000000000118e-01
1.597999999999999976e-01
1.484000000000000041e-01
1.532000000000000028e-01
1.605999999999999928e-01
1.439999999999999891e-01
1.547999999999999932e-01
1.716000000000000025e-01
1.834000000000000075e-01
1.980000000000000093e-01
1.917999999999999983e-01
2.088000000000000134e-01
2.396000000000000074e-01
2.421999999999999986e-01
2.376000000000000056e-01
2.291999999999999871e-01
2.442000000000000004e-01
2.338000000000000078e-01
2.237999999999999989e-01
2.336000000000000021e-01
2.541999999999999815e-01
2.707999999999999852e-01
2.819999999999999729e-01
2.711999999999999966e-01
2.856000000000000205e-01
2.975999999999999757e-01
3.004000000000000004e-01
3.045999999999999819e-01
3.164000000000000146e-01
3.290000000000000147e-01
3.131999999999999784e-01
3.284000000000000252e-01
3.417999999999999927e-01
3.316000000000000059e-01
3.599999999999999867e-01
3.709999999999999964e-01
3.953999999999999737e-01
3.996000000000000107e-01
4.215999999999999748e-01
4.404000000000000137e-01
4.440000000000000058e-01
4.046000000000000152e-01
4.073999999999999844e-01
4.188000000000000056e-01
4.183999999999999941e-01
4.331999999999999740e-01
4.315999999999999837e-01
4.003999999999999782e-01
4.138000000000000012e-01
4.112000000000000099e-01
4.042000000000000037e-01
4.023999999999999799e-01
4.067999999999999949e-01
4.335999999999999854e-01
4.036000000000000143e-01
3.963999999999999746e-01
4.172000000000000153e-01
4.325999999999999845e-01
4.238000000000000100e-01
4.096000000000000196e-01
4.047999999999999932e-01
4.179999999999999827e-01
4.143999999999999906e-01
4.089999999999999747e-01
4.279999999999999916e-01
4.302000000000000268e-01
4.597999999999999865e-01
4.670000000000000262e-01
4.971999999999999753e-01
4.742000000000000104e-01
4.782000000000000139e-01
4.677999999999999936e-01
4.295999999999999819e-01
3.615999999999999770e-01
3.439999999999999725e-01
3.529999999999999805e-01
3.519999999999999796e-01
3.496000000000000218e-01
3.618000000000000105e-01
3.462000000000000077e-01
3.718000000000000194e-01
3.986000000000000099e-01
4.338000000000000189e-01
4.611999999999999988e-01
4.808000000000000052e-01
4.838000000000000078e-01
4.440000000000000058e-01
4.331999999999999740e-01
4.113999999999999879e-01
3.920000000000000151e-01
3.635999999999999788e-01
3.496000000000000218e-01
3.014000000000000012e-01
2.826000000000000179e-01
2.872000000000000108e-01
2.681999999999999940e-01
2.743999999999999773e-01
2.747999999999999887e-01
2.656000000000000028e-01
2.866000000000000214e-01
2.637999999999999790e-01
2.770000000000000240e-01
2.610000000000000098e-01
2.620000000000000107e-01
2.693999999999999728e-01
2.525999999999999912e-01
2.495999999999999885e-01
2.439999999999999947e-01
2.346000000000000030e-01
2.492000000000000048e-01
2.611999999999999877e-01
2.701999999999999957e-01
2.510000000000000009e-01
2.548000000000000265e-01
2.671999999999999931e-01
2.595999999999999974e-01
2.792000000000000037e-01
2.730000000000000204e-01
2.554000000000000159e-01
2.597999999999999754e-01
2.630000000000000115e-01
2.541999999999999815e-01
2.156000000000000139e-01
1.942000000000000115e-01
1.912000000000000088e-01
1.685999999999999999e-01
1.400000000000000133e-01
1.312000000000000111e-01
1.086000000000000021e-01
1.069999999999999979e-01
1.021999999999999992e-01
1.045999999999999985e-01
9.700000000000000289e-02
1.044000000000000067e-01
1.069999999999999979e-01
9.700000000000000289e-02
1.028000000000000025e-01
9.099999999999999756e-02
9.360000000000000264e-02
9.619999999999999385e-02
8.219999999999999529e-02
7.459999999999999964e-02
6.619999999999999496e-02
5.580000000000000238e-02
4.839999999999999858e-02
4.200000000000000261e-02
3.799999999999999906e-02
4.100000000000000172e-02
3.699999999999999817e-02
2.539999999999999897e-02
2.280000000000000082e-02
2.759999999999999953e-02
3.160000000000000309e-02
4.920000000000000068e-02
4.760000000000000342e-02
4.499999999999999833e-02
5.439999999999999697e-02
5.199999999999999761e-02
5.840000000000000052e-02
4.399999999999999745e-02
4.619999999999999801e-02
4.540000000000000285e-02
3.780000000000000027e-02
3.020000000000000115e-02
3.080000000000000099e-02
2.580000000000000002e-02
2.440000000000000155e-02
2.840000000000000163e-02
3.359999999999999792e-02
3.440000000000000002e-02
4.080000000000000293e-02
4.220000000000000140e-02
5.419999999999999818e-02
7.779999999999999416e-02
1.053999999999999937e-01
1.305999999999999939e-01
1.703999999999999959e-01
1.925999999999999934e-01
2.084000000000000019e-01
2.197999999999999954e-01
2.361999999999999933e-01
2.551999999999999824e-01
2.687999999999999834e-01
2.939999999999999836e-01
3.205999999999999961e-01
3.371999999999999997e-01
3.380000000000000226e-01
3.719999999999999973e-01
