3.045999999999999819e-01
3.330000000000000182e-01
3.599999999999999867e-01
3.473999999999999866e-01
3.512000000000000122e-01
3.311999999999999944e-01
2.929999999999999827e-01
2.936000000000000276e-01
2.819999999999999729e-01
2.962000000000000188e-01
2.906000000000000250e-01
3.084000000000000075e-01
2.847999999999999976e-01
2.998000000000000109e-01
3.128000000000000225e-01
3.266000000000000014e-01
3.533999999999999919e-01
3.572000000000000175e-01
3.708000000000000185e-01
4.173999999999999932e-01
4.143999999999999906e-01
4.278000000000000136e-01
4.938000000000000167e-01
4.600000000000000200e-01
4.349999999999999978e-01
4.089999999999999747e-01
3.886000000000000010e-01
2.989999999999999880e-01
2.165999999999999870e-01
1.461999999999999966e-01
1.282000000000000084e-01
7.720000000000000473e-02
5.460000000000000270e-02
4.839999999999999858e-02
2.860000000000000042e-02
2.659999999999999865e-02
1.239999999999999956e-02
1.060000000000000005e-02
1.359999999999999924e-02
1.379999999999999977e-02
1.179999999999999973e-02
9.400000000000000369e-03
9.599999999999999159e-03
9.799999999999999684e-03
8.399999999999999481e-03
1.239999999999999956e-02
1.179999999999999973e-02
8.399999999999999481e-03
1.200000000000000025e-02
1.679999999999999896e-02
1.540000000000000049e-02
1.580000000000000154e-02
1.959999999999999937e-02
2.160000000000000114e-02
2.259999999999999856e-02
2.179999999999999993e-02
2.900000000000000147e-02
2.380000000000000171e-02
2.520000000000000018e-02
2.699999999999999969e-02
2.819999999999999937e-02
3.479999999999999760e-02
3.640000000000000180e-02
4.120000000000000051e-02
4.660000000000000253e-02
4.340000000000000108e-02
4.819999999999999979e-02
4.440000000000000197e-02
5.500000000000000028e-02
5.319999999999999729e-02
7.019999999999999851e-02
7.340000000000000691e-02
7.699999999999999900e-02
8.260000000000000675e-02
8.200000000000000344e-02
8.119999999999999440e-02
9.479999999999999538e-02
1.044000000000000067e-01
9.560000000000000442e-02
1.096000000000000030e-01
1.194000000000000061e-01
1.257999999999999952e-01
1.305999999999999939e-01
1.408000000000000085e-01
1.615999999999999936e-01
1.688000000000000056e-01
1.832000000000000017e-01
2.016000000000000014e-01
2.107999999999999874e-01
2.492000000000000048e-01
2.504000000000000115e-01
2.585999999999999965e-01
2.827999999999999958e-01
3.032000000000000250e-01
3.532000000000000139e-01
3.719999999999999973e-01
4.079999999999999738e-01
4.371999999999999775e-01
4.627999999999999892e-01
4.716000000000000192e-01
4.878000000000000114e-01
4.526000000000000023e-01
4.560000000000000164e-01
4.149999999999999800e-01
3.699999999999999956e-01
3.276000000000000023e-01
2.998000000000000109e-01
3.052000000000000268e-01
2.777999999999999914e-01
2.565999999999999948e-01
2.419999999999999929e-01
2.200000000000000011e-01
1.980000000000000093e-01
1.958000000000000018e-01
1.915999999999999925e-01
1.713999999999999968e-01
1.718000000000000083e-01
1.836000000000000132e-01
1.751999999999999946e-01
1.892000000000000071e-01
1.804000000000000048e-01
1.952000000000000124e-01
1.849999999999999978e-01
1.968000000000000027e-01
1.971999999999999864e-01
1.998000000000000054e-01
1.907999999999999974e-01
1.761999999999999955e-01
1.721999999999999920e-01
1.791999999999999982e-01
1.817999999999999894e-01
1.852000000000000035e-01
1.711999999999999911e-01
1.797999999999999876e-01
1.648000000000000020e-01
1.623999999999999888e-01
1.703999999999999959e-01
1.797999999999999876e-01
1.904000000000000137e-01
1.842000000000000026e-01
1.812000000000000000e-01
1.865999999999999881e-01
1.877999999999999947e-01
1.885999999999999899e-01
2.169999999999999984e-01
2.528000000000000247e-01
2.863999999999999879e-01
3.195999999999999952e-01
3.609999999999999876e-01
3.642000000000000237e-01
3.642000000000000237e-01
3.469999999999999751e-01
3.605999999999999761e-01
3.573999999999999955e-01
3.125999999999999890e-01
2.863999999999999879e-01
2.741999999999999993e-01
2.531999999999999806e-01
2.381999999999999951e-01
2.338000000000000078e-01
2.421999999999999986e-01
2.184000000000000108e-01
2.200000000000000011e-01
2.059999999999999887e-01
2.056000000000000050e-01
1.935999999999999943e-01
1.731999999999999929e-01
1.819999999999999951e-01
1.690000000000000113e-01
1.678000000000000047e-01
1.572000000000000064e-01
1.439999999999999891e-01
1.386000000000000010e-01
1.219999999999999973e-01
1.188000000000000028e-01
1.145999999999999935e-01
1.048000000000000043e-01
8.880000000000000393e-02
8.980000000000000482e-02
8.699999999999999400e-02
7.539999999999999480e-02
7.040000000000000424e-02
6.040000000000000230e-02
5.260000000000000092e-02
4.100000000000000172e-02
3.599999999999999728e-02
2.879999999999999921e-02
1.959999999999999937e-02
2.160000000000000114e-02
1.859999999999999848e-02
1.760000000000000106e-02
1.080000000000000057e-02
1.340000000000000045e-02
6.000000000000000125e-03
4.400000000000000265e-03
3.000000000000000062e-03
3.599999999999999901e-03
2.599999999999999881e-03
1.399999999999999986e-03
1.799999999999999951e-03
1.199999999999999895e-03
2.799999999999999972e-03
5.999999999999999474e-04
8.000000000000000383e-04
8.000000000000000383e-04
1.000000000000000021e-03
8.000000000000000383e-04
5.999999999999999474e-04
1.600000000000000077e-03
5.999999999999999474e-04
8.000000000000000383e-04
2.000000000000000096e-04
4.000000000000000192e-04
8.000000000000000383e-04
2.200000000000000133e-03
1.399999999999999986e-03
2.399999999999999790e-03
4.400000000000000265e-03
4.000000000000000083e-03
5.199999999999999761e-03
2.599999999999999881e-03
4.000000000000000083e-03
4.199999999999999740e-03
4.799999999999999580e-03
5.199999999999999761e-03
5.400000000000000286e-03
4.199999999999999740e-03
5.599999999999999943e-03
3.399999999999999811e-03
5.000000000000000104e-03
5.199999999999999761e-03
5.000000000000000104e-03
8.000000000000000167e-03
6.799999999999999621e-03
7.400000000000000328e-03
5.000000000000000104e-03
6.000000000000000125e-03
4.400000000000000265e-03
5.199999999999999761e-03
6.799999999999999621e-03
7.799999999999999642e-03
7.000000000000000146e-03
5.599999999999999943e-03
9.400000000000000369e-03
8.200000000000000691e-03
7.599999999999999985e-03
9.799999999999999684e-03
8.000000000000000167e-03
7.000000000000000146e-03
9.400000000000000369e-03
7.000000000000000146e-03
7.400000000000000328e-03
8.399999999999999481e-03
5.000000000000000104e-03
7.000000000000000146e-03
6.000000000000000125e-03
8.600000000000000006e-03
1.060000000000000005e-02
1.080000000000000057e-02
8.800000000000000530e-03
7.400000000000000328e-03
7.000000000000000146e-03
8.000000000000000167e-03
7.799999999999999642e-03
8.600000000000000006e-03
9.599999999999999159e-03
8.399999999999999481e-03
8.800000000000000530e-03
1.099999999999999936e-02
1.280000000000000061e-02
1.000000000000000021e-02
1.299999999999999940e-02
1.580000000000000154e-02
1.619999999999999912e-02
1.499999999999999944e-02
2.479999999999999913e-02
2.259999999999999856e-02
2.939999999999999905e-02
3.020000000000000115e-02
2.400000000000000050e-02
2.400000000000000050e-02
2.340000000000000066e-02
2.580000000000000002e-02
3.080000000000000099e-02
3.059999999999999873e-02
2.800000000000000058e-02
2.740000000000000074e-02
2.599999999999999881e-02
2.160000000000000114e-02
1.779999999999999985e-02
1.499999999999999944e-02
1.340000000000000045e-02
1.080000000000000057e-02
5.799999999999999600e-03
6.599999999999999964e-03
5.400000000000000286e-03
4.000000000000000083e-03
3.000000000000000062e-03
1.600000000000000077e-03
3.000000000000000062e-03
2.799999999999999972e-03
2.799999999999999972e-03
1.000000000000000021e-03
2.399999999999999790e-03
1.799999999999999951e-03
2.599999999999999881e-03
1.799999999999999951e-03
4.799999999999999580e-03
5.400000000000000286e-03
8.200000000000000691e-03
1.379999999999999977e-02
1.940000000000000058e-02
1.880000000000000074e-02
2.719999999999999848e-02
3.139999999999999736e-02
3.960000000000000325e-02
5.260000000000000092e-02
5.940000000000000141e-02
5.639999999999999875e-02
7.580000000000000626e-02
8.300000000000000433e-02
9.520000000000000684e-02
1.130000000000000032e-01
1.265999999999999903e-01
1.323999999999999899e-01
1.411999999999999922e-01
1.313999999999999890e-01
1.236000000000000015e-01
1.285999999999999921e-01
1.267999999999999960e-01
1.396000000000000019e-01
1.228000000000000064e-01
1.208000000000000046e-01
1.145999999999999935e-01
1.130000000000000032e-01
1.120000000000000023e-01
1.001999999999999974e-01
8.039999999999999925e-02
7.699999999999999900e-02
6.840000000000000246e-02
5.380000000000000060e-02
5.759999999999999842e-02
5.539999999999999786e-02
5.739999999999999963e-02
5.999999999999999778e-02
6.199999999999999956e-02
5.639999999999999875e-02
5.480000000000000149e-02
5.979999999999999899e-02
5.759999999999999842e-02
5.879999999999999810e-02
5.779999999999999721e-02
4.660000000000000253e-02
5.419999999999999818e-02
5.419999999999999818e-02
4.420000000000000318e-02
4.259999999999999898e-02
5.120000000000000245e-02
6.079999999999999988e-02
5.720000000000000084e-02
6.859999999999999432e-02
7.860000000000000320e-02
7.879999999999999505e-02
7.520000000000000295e-02
7.639999999999999569e-02
8.319999999999999618e-02
9.080000000000000571e-02
8.980000000000000482e-02
8.480000000000000038e-02
1.035999999999999976e-01
9.439999999999999780e-02
9.660000000000000531e-02
9.420000000000000595e-02
9.120000000000000329e-02
9.220000000000000417e-02
9.299999999999999933e-02
8.939999999999999336e-02
8.140000000000000013e-02
7.520000000000000295e-02
7.099999999999999367e-02
7.159999999999999698e-02
6.600000000000000311e-02
6.740000000000000158e-02
6.719999999999999585e-02
6.419999999999999318e-02
6.140000000000000319e-02
6.239999999999999714e-02
5.480000000000000149e-02
5.319999999999999729e-02
5.899999999999999689e-02
5.759999999999999842e-02
5.680000000000000326e-02
5.739999999999999963e-02
5.419999999999999818e-02
5.779999999999999721e-02
5.319999999999999729e-02
5.840000000000000052e-02
5.639999999999999875e-02
5.820000000000000173e-02
5.779999999999999721e-02
5.960000000000000020e-02
6.219999999999999835e-02
6.660000000000000642e-02
6.719999999999999585e-02
7.560000000000000053e-02
7.280000000000000360e-02
7.580000000000000626e-02
8.200000000000000344e-02
7.979999999999999594e-02
8.799999999999999489e-02
8.859999999999999820e-02
8.019999999999999352e-02
9.059999999999999998e-02
7.739999999999999658e-02
8.719999999999999973e-02
7.359999999999999876e-02
6.759999999999999343e-02
7.459999999999999964e-02
6.640000000000000069e-02
6.460000000000000464e-02
6.740000000000000158e-02
5.680000000000000326e-02
6.439999999999999891e-02
6.819999999999999674e-02
6.740000000000000158e-02
6.119999999999999746e-02
6.239999999999999714e-02
5.700000000000000205e-02
5.659999999999999754e-02
5.580000000000000238e-02
4.460000000000000075e-02
4.379999999999999866e-02
3.459999999999999881e-02
3.039999999999999994e-02
1.820000000000000090e-02
1.679999999999999896e-02
1.739999999999999880e-02
1.700000000000000122e-02
1.519999999999999997e-02
1.519999999999999997e-02
1.260000000000000009e-02
8.800000000000000530e-03
1.060000000000000005e-02
1.000000000000000021e-02
1.239999999999999956e-02
1.220000000000000077e-02
1.280000000000000061e-02
1.420000000000000082e-02
1.340000000000000045e-02
2.160000000000000114e-02
1.899999999999999953e-02
1.899999999999999953e-02
2.100000000000000130e-02
2.000000000000000042e-02
2.000000000000000042e-02
1.859999999999999848e-02
1.700000000000000122e-02
2.239999999999999977e-02
2.740000000000000074e-02
2.599999999999999881e-02
3.020000000000000115e-02
2.800000000000000058e-02
2.639999999999999986e-02
3.200000000000000067e-02
2.800000000000000058e-02
3.479999999999999760e-02
3.559999999999999970e-02
4.059999999999999720e-02
3.780000000000000027e-02
3.960000000000000325e-02
3.899999999999999994e-02
4.959999999999999826e-02
3.839999999999999664e-02
4.819999999999999979e-02
4.499999999999999833e-02
4.700000000000000011e-02
4.299999999999999656e-02
4.939999999999999947e-02
5.099999999999999672e-02
4.540000000000000285e-02
4.700000000000000011e-02
3.599999999999999728e-02
3.200000000000000067e-02
3.300000000000000155e-02
2.060000000000000026e-02
1.619999999999999912e-02
1.220000000000000077e-02
1.179999999999999973e-02
1.400000000000000029e-02
9.799999999999999684e-03
1.039999999999999952e-02
6.400000000000000307e-03
7.799999999999999642e-03
1.060000000000000005e-02
8.999999999999999320e-03
1.039999999999999952e-02
1.159999999999999920e-02
1.080000000000000057e-02
1.200000000000000025e-02
1.179999999999999973e-02
1.940000000000000058e-02
2.280000000000000082e-02
2.400000000000000050e-02
2.960000000000000131e-02
3.559999999999999970e-02
3.599999999999999728e-02
4.920000000000000068e-02
5.399999999999999939e-02
5.759999999999999842e-02
7.099999999999999367e-02
7.059999999999999609e-02
7.979999999999999594e-02
8.680000000000000215e-02
7.520000000000000295e-02
8.219999999999999529e-02
7.960000000000000409e-02
8.200000000000000344e-02
7.560000000000000053e-02
7.159999999999999698e-02
6.700000000000000400e-02
7.080000000000000182e-02
7.599999999999999811e-02
6.640000000000000069e-02
7.320000000000000118e-02
7.380000000000000449e-02
6.219999999999999835e-02
6.600000000000000311e-02
5.079999999999999793e-02
5.739999999999999963e-02
5.460000000000000270e-02
4.580000000000000043e-02
4.359999999999999987e-02
3.239999999999999825e-02
3.219999999999999946e-02
3.020000000000000115e-02
2.560000000000000123e-02
1.779999999999999985e-02
1.940000000000000058e-02
2.019999999999999921e-02
2.000000000000000042e-02
2.139999999999999888e-02
2.000000000000000042e-02
1.480000000000000066e-02
1.460000000000000013e-02
1.359999999999999924e-02
1.319999999999999993e-02
1.159999999999999920e-02
1.220000000000000077e-02
1.000000000000000021e-02
9.599999999999999159e-03
7.799999999999999642e-03
1.119999999999999989e-02
9.199999999999999845e-03
5.000000000000000104e-03
7.400000000000000328e-03
5.000000000000000104e-03
7.000000000000000146e-03
6.400000000000000307e-03
7.199999999999999803e-03
6.400000000000000307e-03
1.000000000000000021e-02
8.800000000000000530e-03
1.400000000000000029e-02
1.260000000000000009e-02
1.400000000000000029e-02
1.260000000000000009e-02
1.080000000000000057e-02
9.400000000000000369e-03
9.799999999999999684e-03
1.080000000000000057e-02
1.739999999999999880e-02
1.379999999999999977e-02
1.379999999999999977e-02
1.559999999999999928e-02
1.779999999999999985e-02
1.619999999999999912e-02
1.959999999999999937e-02
2.179999999999999993e-02
2.520000000000000018e-02
1.880000000000000074e-02
2.500000000000000139e-02
2.860000000000000042e-02
2.860000000000000042e-02
3.819999999999999785e-02
2.819999999999999937e-02
2.939999999999999905e-02
2.860000000000000042e-02
3.320000000000000034e-02
2.939999999999999905e-02
3.760000000000000148e-02
3.540000000000000091e-02
3.679999999999999938e-02
4.080000000000000293e-02
4.680000000000000132e-02
5.460000000000000270e-02
5.580000000000000238e-02
5.659999999999999754e-02
6.079999999999999988e-02
7.639999999999999569e-02
7.820000000000000562e-02
1.015999999999999959e-01
1.262000000000000066e-01
1.504000000000000059e-01
1.653999999999999915e-01
1.590000000000000024e-01
1.913999999999999868e-01
2.245999999999999941e-01
2.381999999999999951e-01
2.674000000000000266e-01
2.770000000000000240e-01
3.140000000000000013e-01
3.449999999999999734e-01
3.592000000000000193e-01
3.645999999999999797e-01
4.032000000000000028e-01
4.083999999999999853e-01
4.138000000000000012e-01
4.391999999999999793e-01
4.484000000000000208e-01
4.567999999999999838e-01
4.444000000000000172e-01
4.610000000000000209e-01
4.597999999999999865e-01
4.733999999999999875e-01
4.632000000000000006e-01
4.626000000000000112e-01
4.580000000000000182e-01
4.534000000000000252e-01
4.616000000000000103e-01
4.623999999999999777e-01
4.418000000000000260e-01
4.302000000000000268e-01
4.179999999999999827e-01
4.087999999999999967e-01
3.876000000000000001e-01
3.659999999999999920e-01
3.795999999999999930e-01
3.387999999999999901e-01
3.231999999999999873e-01
3.024000000000000021e-01
2.812000000000000055e-01
2.404000000000000026e-01
2.250000000000000056e-01
2.076000000000000068e-01
1.826000000000000123e-01
1.812000000000000000e-01
1.635999999999999954e-01
1.526000000000000134e-01
1.496000000000000107e-01
1.423999999999999988e-01
1.333999999999999908e-01
1.255999999999999894e-01
1.131999999999999951e-01
1.010000000000000064e-01
1.121999999999999942e-01
1.079999999999999988e-01
1.010000000000000064e-01
1.021999999999999992e-01
1.024000000000000049e-01
1.073999999999999955e-01
1.063999999999999946e-01
9.120000000000000329e-02
9.819999999999999563e-02
1.055999999999999994e-01
8.440000000000000280e-02
8.060000000000000497e-02
7.720000000000000473e-02
8.279999999999999860e-02
6.679999999999999827e-02
5.439999999999999697e-02
6.719999999999999585e-02
6.219999999999999835e-02
5.580000000000000238e-02
4.800000000000000100e-02
4.979999999999999705e-02
5.419999999999999818e-02
4.859999999999999737e-02
5.099999999999999672e-02
5.299999999999999850e-02
4.700000000000000011e-02
5.319999999999999729e-02
4.059999999999999720e-02
4.859999999999999737e-02
5.160000000000000003e-02
4.460000000000000075e-02
4.399999999999999745e-02
4.859999999999999737e-02
5.419999999999999818e-02
4.920000000000000068e-02
6.040000000000000230e-02
5.920000000000000262e-02
5.879999999999999810e-02
5.319999999999999729e-02
6.539999999999999980e-02
6.239999999999999714e-02
7.199999999999999456e-02
8.119999999999999440e-02
8.060000000000000497e-02
8.699999999999999400e-02
8.219999999999999529e-02
7.399999999999999634e-02
8.659999999999999643e-02
9.460000000000000353e-02
7.860000000000000320e-02
8.379999999999999949e-02
7.259999999999999787e-02
6.619999999999999496e-02
6.880000000000000004e-02
5.580000000000000238e-02
5.040000000000000036e-02
5.020000000000000157e-02
4.839999999999999858e-02
4.560000000000000164e-02
5.580000000000000238e-02
5.199999999999999761e-02
5.920000000000000262e-02
5.460000000000000270e-02
6.160000000000000198e-02
5.460000000000000270e-02
6.239999999999999714e-02
6.859999999999999432e-02
6.339999999999999802e-02
6.919999999999999762e-02
5.619999999999999996e-02
5.040000000000000036e-02
6.219999999999999835e-02
6.199999999999999956e-02
4.639999999999999680e-02
4.719999999999999890e-02
5.279999999999999971e-02
5.460000000000000270e-02
5.879999999999999810e-02
5.460000000000000270e-02
5.820000000000000173e-02
6.660000000000000642e-02
6.640000000000000069e-02
7.520000000000000295e-02
8.400000000000000522e-02
8.580000000000000127e-02
9.700000000000000289e-02
1.045999999999999985e-01
1.252000000000000057e-01
1.751999999999999946e-01
1.839999999999999969e-01
2.026000000000000023e-01
2.386000000000000065e-01
2.384000000000000008e-01
2.747999999999999887e-01
3.049999999999999933e-01
3.237999999999999767e-01
3.532000000000000139e-01
3.851999999999999869e-01
4.152000000000000135e-01
4.238000000000000100e-01
3.927999999999999825e-01
4.341999999999999749e-01
4.179999999999999827e-01
4.334000000000000075e-01
4.334000000000000075e-01
4.487999999999999767e-01
4.507999999999999785e-01
4.400000000000000022e-01
4.484000000000000208e-01
4.434000000000000163e-01
4.507999999999999785e-01
4.929999999999999938e-01
4.793999999999999928e-01
4.849999999999999867e-01
4.753999999999999893e-01
4.536000000000000032e-01
4.537999999999999812e-01
4.390000000000000013e-01
4.027999999999999914e-01
4.248000000000000109e-01
4.109999999999999765e-01
4.062000000000000055e-01
4.020000000000000240e-01
3.951999999999999957e-01
4.020000000000000240e-01
3.991999999999999993e-01
3.689999999999999947e-01
3.538000000000000034e-01
3.221999999999999864e-01
3.194000000000000172e-01
3.300000000000000155e-01
3.277999999999999803e-01
3.529999999999999805e-01
3.373999999999999777e-01
3.403999999999999804e-01
3.367999999999999883e-01
3.433999999999999830e-01
3.266000000000000014e-01
3.363999999999999768e-01
3.200000000000000067e-01
3.130000000000000004e-01
3.247999999999999776e-01
3.386000000000000121e-01
2.886000000000000232e-01
2.892000000000000126e-01
3.044000000000000039e-01
3.155999999999999917e-01
3.140000000000000013e-01
3.160000000000000031e-01
3.217999999999999750e-01
3.264000000000000234e-01
3.397999999999999909e-01
3.648000000000000131e-01
3.825999999999999956e-01
3.987999999999999878e-01
4.355999999999999872e-01
4.924000000000000044e-01
4.692000000000000060e-01
4.359999999999999987e-01
4.083999999999999853e-01
3.350000000000000200e-01
3.081999999999999740e-01
2.535999999999999921e-01
2.210000000000000020e-01
1.978000000000000036e-01
1.754000000000000004e-01
1.373999999999999944e-01
1.396000000000000019e-01
1.426000000000000045e-01
1.160000000000000059e-01
1.272000000000000075e-01
1.198000000000000037e-01
1.203999999999999931e-01
1.164000000000000035e-01
1.178000000000000019e-01
1.120000000000000023e-01
1.072000000000000036e-01
1.136000000000000065e-01
1.194000000000000061e-01
1.120000000000000023e-01
1.092000000000000054e-01
1.141999999999999960e-01
1.123999999999999999e-01
1.164000000000000035e-01
1.242000000000000048e-01
1.363999999999999935e-01
1.469999999999999918e-01
1.622000000000000108e-01
1.710000000000000131e-01
1.930000000000000049e-01
1.945999999999999952e-01
1.948000000000000009e-01
2.172000000000000042e-01
2.059999999999999887e-01
2.033999999999999975e-01
2.091999999999999971e-01
2.026000000000000023e-01
