3.745999999999999885e-01
3.639999999999999902e-01
3.081999999999999740e-01
2.863999999999999879e-01
2.127999999999999892e-01
1.643999999999999906e-01
1.413999999999999979e-01
1.580000000000000016e-01
1.787999999999999867e-01
1.509999999999999953e-01
1.559999999999999998e-01
1.549999999999999989e-01
1.499999999999999944e-01
1.021999999999999992e-01
1.052000000000000018e-01
9.460000000000000353e-02
1.270000000000000018e-01
1.534000000000000086e-01
1.194000000000000061e-01
9.120000000000000329e-02
8.519999999999999796e-02
7.699999999999999900e-02
5.759999999999999842e-02
4.859999999999999737e-02
3.420000000000000123e-02
2.100000000000000130e-02
1.460000000000000013e-02
1.980000000000000163e-02
2.299999999999999961e-02
1.700000000000000122e-02
2.359999999999999945e-02
1.679999999999999896e-02
2.599999999999999881e-02
4.420000000000000318e-02
3.899999999999999994e-02
5.659999999999999754e-02
5.179999999999999882e-02
4.080000000000000293e-02
3.799999999999999906e-02
2.500000000000000139e-02
2.160000000000000114e-02
2.400000000000000050e-02
3.440000000000000002e-02
5.240000000000000213e-02
8.100000000000000255e-02
1.322000000000000119e-01
1.855999999999999872e-01
2.866000000000000214e-01
3.795999999999999930e-01
4.325999999999999845e-01
4.717999999999999972e-01
4.633999999999999786e-01
4.640000000000000235e-01
4.527999999999999803e-01
4.314000000000000057e-01
3.953999999999999737e-01
3.562000000000000166e-01
2.802000000000000046e-01
1.955999999999999961e-01
1.696000000000000008e-01
1.001999999999999974e-01
7.099999999999999367e-02
4.179999999999999688e-02
2.999999999999999889e-02
5.220000000000000334e-02
1.053999999999999937e-01
2.220000000000000029e-01
2.938000000000000056e-01
3.921999999999999931e-01
4.510000000000000120e-01
4.865999999999999770e-01
4.852000000000000202e-01
4.703999999999999848e-01
4.405999999999999917e-01
4.531999999999999917e-01
4.849999999999999867e-01
4.746000000000000218e-01
4.012000000000000011e-01
3.482000000000000095e-01
2.737999999999999878e-01
2.232000000000000095e-01
1.940000000000000058e-01
1.502000000000000002e-01
1.072000000000000036e-01
8.540000000000000369e-02
9.400000000000000022e-02
1.093999999999999972e-01
1.123999999999999999e-01
1.285999999999999921e-01
1.869999999999999996e-01
2.710000000000000187e-01
3.835999999999999965e-01
4.450000000000000067e-01
4.677999999999999936e-01
3.634000000000000008e-01
2.479999999999999982e-01
1.661999999999999866e-01
9.199999999999999845e-02
7.459999999999999964e-02
4.939999999999999947e-02
3.620000000000000301e-02
1.179999999999999973e-02
4.000000000000000083e-03
5.199999999999999761e-03
7.400000000000000328e-03
1.460000000000000013e-02
1.899999999999999953e-02
2.560000000000000123e-02
3.679999999999999938e-02
8.019999999999999352e-02
1.497999999999999887e-01
2.762000000000000011e-01
3.071999999999999731e-01
4.314000000000000057e-01
5.013999999999999568e-01
4.040000000000000258e-01
3.079999999999999960e-01
2.124000000000000055e-01
1.228000000000000064e-01
8.480000000000000038e-02
6.360000000000000375e-02
6.500000000000000222e-02
6.239999999999999714e-02
5.700000000000000205e-02
4.619999999999999801e-02
5.639999999999999875e-02
4.780000000000000221e-02
4.460000000000000075e-02
4.100000000000000172e-02
4.900000000000000189e-02
4.039999999999999841e-02
5.360000000000000181e-02
1.073999999999999955e-01
2.174000000000000099e-01
3.168000000000000260e-01
3.420000000000000262e-01
3.603999999999999981e-01
3.867999999999999772e-01
4.378000000000000225e-01
4.424000000000000155e-01
3.755999999999999894e-01
3.062000000000000277e-01
2.936000000000000276e-01
2.812000000000000055e-01
2.551999999999999824e-01
2.283999999999999919e-01
2.270000000000000073e-01
2.252000000000000113e-01
2.003999999999999948e-01
1.940000000000000058e-01
2.223999999999999866e-01
2.434000000000000052e-01
2.525999999999999912e-01
2.479999999999999982e-01
2.686000000000000054e-01
2.839999999999999747e-01
2.807999999999999940e-01
2.687999999999999834e-01
2.644000000000000239e-01
2.690000000000000169e-01
2.615999999999999992e-01
2.437999999999999889e-01
2.353999999999999981e-01
2.223999999999999866e-01
1.809999999999999942e-01
1.380000000000000115e-01
1.123999999999999999e-01
8.240000000000000102e-02
5.600000000000000117e-02
4.639999999999999680e-02
4.440000000000000197e-02
3.880000000000000115e-02
3.219999999999999946e-02
3.160000000000000309e-02
2.800000000000000058e-02
2.000000000000000042e-02
1.379999999999999977e-02
5.000000000000000104e-03
6.400000000000000307e-03
6.000000000000000125e-03
7.000000000000000146e-03
7.400000000000000328e-03
1.039999999999999952e-02
1.299999999999999940e-02
1.799999999999999864e-02
1.899999999999999953e-02
1.959999999999999937e-02
2.100000000000000130e-02
1.619999999999999912e-02
1.899999999999999953e-02
1.940000000000000058e-02
1.600000000000000033e-02
1.679999999999999896e-02
2.319999999999999840e-02
2.800000000000000058e-02
2.539999999999999897e-02
3.139999999999999736e-02
3.080000000000000099e-02
3.780000000000000027e-02
3.459999999999999881e-02
3.400000000000000244e-02
3.099999999999999978e-02
3.540000000000000091e-02
3.660000000000000059e-02
4.039999999999999841e-02
3.780000000000000027e-02
2.819999999999999937e-02
2.380000000000000171e-02
2.560000000000000123e-02
2.259999999999999856e-02
1.859999999999999848e-02
1.880000000000000074e-02
1.820000000000000090e-02
1.839999999999999969e-02
2.040000000000000147e-02
2.359999999999999945e-02
2.999999999999999889e-02
4.159999999999999809e-02
4.299999999999999656e-02
5.099999999999999672e-02
5.820000000000000173e-02
5.739999999999999963e-02
6.700000000000000400e-02
7.499999999999999722e-02
8.559999999999999554e-02
7.720000000000000473e-02
9.379999999999999449e-02
9.859999999999999321e-02
1.161999999999999977e-01
1.351999999999999869e-01
1.267999999999999960e-01
1.391999999999999904e-01
1.529999999999999971e-01
1.927999999999999992e-01
1.991999999999999882e-01
2.550000000000000044e-01
2.916000000000000258e-01
3.546000000000000263e-01
4.228000000000000091e-01
4.713999999999999857e-01
4.683999999999999830e-01
3.744000000000000106e-01
3.109999999999999987e-01
2.119999999999999940e-01
1.330000000000000071e-01
7.900000000000000078e-02
4.240000000000000019e-02
1.760000000000000106e-02
4.599999999999999922e-03
5.199999999999999761e-03
5.199999999999999761e-03
9.599999999999999159e-03
4.580000000000000043e-02
1.059999999999999970e-01
2.116000000000000103e-01
2.793999999999999817e-01
3.214000000000000190e-01
3.602000000000000202e-01
3.910000000000000142e-01
4.348000000000000198e-01
4.192000000000000171e-01
4.620000000000000218e-01
4.620000000000000218e-01
4.928000000000000158e-01
4.727999999999999980e-01
4.470000000000000084e-01
3.880000000000000115e-01
3.549999999999999822e-01
3.371999999999999997e-01
3.765999999999999903e-01
3.831999999999999851e-01
4.289999999999999925e-01
4.782000000000000139e-01
4.729999999999999760e-01
3.691999999999999726e-01
2.856000000000000205e-01
2.265999999999999959e-01
1.552000000000000046e-01
1.254000000000000115e-01
8.100000000000000255e-02
5.519999999999999907e-02
2.980000000000000010e-02
1.880000000000000074e-02
1.640000000000000138e-02
3.780000000000000027e-02
4.660000000000000253e-02
5.999999999999999778e-02
7.439999999999999392e-02
6.740000000000000158e-02
8.359999999999999376e-02
8.559999999999999554e-02
1.448000000000000120e-01
1.807999999999999885e-01
2.531999999999999806e-01
3.901999999999999913e-01
4.752000000000000113e-01
4.490000000000000102e-01
3.768000000000000238e-01
3.721999999999999753e-01
3.346000000000000085e-01
3.245999999999999996e-01
3.320000000000000173e-01
3.512000000000000122e-01
3.207999999999999741e-01
2.545999999999999930e-01
1.549999999999999989e-01
1.239999999999999991e-01
1.103999999999999981e-01
1.161999999999999977e-01
1.029999999999999943e-01
9.139999999999999514e-02
9.059999999999999998e-02
6.119999999999999746e-02
5.759999999999999842e-02
5.079999999999999793e-02
4.440000000000000197e-02
4.440000000000000197e-02
6.379999999999999560e-02
8.519999999999999796e-02
9.639999999999999958e-02
8.599999999999999312e-02
1.053999999999999937e-01
1.154000000000000026e-01
1.481999999999999984e-01
1.905999999999999917e-01
2.132000000000000006e-01
1.905999999999999917e-01
2.399999999999999911e-01
2.194000000000000117e-01
2.096000000000000085e-01
1.955999999999999961e-01
1.749999999999999889e-01
1.386000000000000010e-01
1.120000000000000023e-01
6.740000000000000158e-02
4.179999999999999688e-02
1.700000000000000122e-02
1.020000000000000073e-02
8.000000000000000167e-03
1.480000000000000066e-02
1.060000000000000005e-02
1.540000000000000049e-02
2.220000000000000098e-02
3.420000000000000123e-02
4.159999999999999809e-02
5.040000000000000036e-02
3.640000000000000180e-02
5.999999999999999778e-02
4.839999999999999858e-02
2.779999999999999832e-02
2.659999999999999865e-02
2.440000000000000155e-02
2.580000000000000002e-02
2.759999999999999953e-02
3.020000000000000115e-02
3.880000000000000115e-02
5.040000000000000036e-02
3.819999999999999785e-02
4.399999999999999745e-02
4.340000000000000108e-02
2.560000000000000123e-02
3.259999999999999704e-02
3.359999999999999792e-02
3.440000000000000002e-02
4.080000000000000293e-02
3.559999999999999970e-02
3.839999999999999664e-02
2.659999999999999865e-02
2.819999999999999937e-02
2.460000000000000034e-02
5.340000000000000302e-02
9.560000000000000442e-02
1.388000000000000067e-01
1.504000000000000059e-01
1.552000000000000046e-01
1.854000000000000092e-01
2.043999999999999984e-01
1.880000000000000004e-01
1.927999999999999992e-01
1.993999999999999939e-01
1.849999999999999978e-01
1.710000000000000131e-01
1.774000000000000021e-01
1.575999999999999901e-01
1.660000000000000087e-01
1.913999999999999868e-01
2.114000000000000046e-01
2.061999999999999944e-01
1.945999999999999952e-01
1.706000000000000016e-01
1.446000000000000063e-01
1.117999999999999966e-01
7.439999999999999392e-02
3.780000000000000027e-02
1.919999999999999832e-02
1.919999999999999832e-02
1.020000000000000073e-02
3.000000000000000062e-03
4.199999999999999740e-03
1.199999999999999895e-03
1.399999999999999986e-03
4.799999999999999580e-03
1.720000000000000001e-02
4.399999999999999745e-02
9.220000000000000417e-02
1.454000000000000015e-01
2.243999999999999884e-01
3.669999999999999929e-01
3.754000000000000115e-01
4.255999999999999783e-01
4.388000000000000234e-01
4.480000000000000093e-01
4.566000000000000059e-01
4.020000000000000240e-01
4.298000000000000154e-01
4.650000000000000244e-01
4.067999999999999949e-01
3.522000000000000131e-01
4.122000000000000108e-01
4.139999999999999791e-01
3.648000000000000131e-01
3.741999999999999771e-01
4.666000000000000147e-01
4.056000000000000161e-01
3.516000000000000236e-01
2.787999999999999923e-01
2.136000000000000121e-01
2.048000000000000098e-01
2.641999999999999904e-01
2.806000000000000161e-01
3.618000000000000105e-01
3.728000000000000203e-01
3.538000000000000034e-01
2.770000000000000240e-01
1.995999999999999996e-01
1.565999999999999892e-01
1.461999999999999966e-01
1.446000000000000063e-01
1.049999999999999961e-01
1.059999999999999970e-01
1.554000000000000103e-01
2.177999999999999936e-01
1.930000000000000049e-01
1.643999999999999906e-01
1.615999999999999936e-01
1.948000000000000009e-01
2.487999999999999934e-01
3.556000000000000272e-01
3.728000000000000203e-01
4.289999999999999925e-01
4.390000000000000013e-01
4.159999999999999809e-01
3.940000000000000169e-01
3.267999999999999794e-01
3.038000000000000145e-01
3.039999999999999925e-01
3.114000000000000101e-01
2.857999999999999985e-01
2.624000000000000221e-01
2.359999999999999876e-01
1.728000000000000091e-01
1.652000000000000135e-01
1.711999999999999911e-01
1.559999999999999998e-01
1.844000000000000083e-01
2.353999999999999981e-01
4.072000000000000064e-01
4.457999999999999741e-01
3.433999999999999830e-01
3.111999999999999766e-01
2.577999999999999736e-01
2.641999999999999904e-01
2.836000000000000187e-01
2.837999999999999967e-01
2.731999999999999984e-01
2.504000000000000115e-01
2.912000000000000144e-01
2.696000000000000063e-01
2.651999999999999913e-01
3.098000000000000198e-01
3.689999999999999947e-01
4.853999999999999981e-01
4.546000000000000041e-01
3.170000000000000040e-01
2.157999999999999918e-01
1.396000000000000019e-01
1.401999999999999913e-01
1.615999999999999936e-01
1.960000000000000075e-01
2.457999999999999907e-01
2.671999999999999931e-01
3.220000000000000084e-01
4.132000000000000117e-01
4.828000000000000069e-01
4.692000000000000060e-01
4.339999999999999969e-01
3.487999999999999989e-01
2.942000000000000171e-01
2.615999999999999992e-01
3.194000000000000172e-01
4.803999999999999937e-01
4.666000000000000147e-01
4.798000000000000043e-01
4.862000000000000210e-01
4.995999999999999885e-01
4.132000000000000117e-01
4.193999999999999950e-01
4.945999999999999841e-01
4.938000000000000167e-01
4.818000000000000060e-01
4.892000000000000237e-01
4.225999999999999757e-01
4.225999999999999757e-01
5.020000000000000018e-01
3.068000000000000171e-01
1.409999999999999865e-01
1.174000000000000044e-01
5.099999999999999672e-02
4.320000000000000229e-02
6.040000000000000230e-02
6.219999999999999835e-02
7.199999999999999456e-02
8.659999999999999643e-02
9.199999999999999845e-02
1.433999999999999997e-01
2.157999999999999918e-01
4.179999999999999827e-01
4.884000000000000008e-01
3.135999999999999899e-01
3.184000000000000163e-01
3.738000000000000211e-01
3.901999999999999913e-01
4.862000000000000210e-01
4.758000000000000007e-01
4.682000000000000051e-01
4.504000000000000226e-01
3.532000000000000139e-01
2.909999999999999809e-01
3.410000000000000253e-01
3.277999999999999803e-01
3.304000000000000270e-01
3.808000000000000274e-01
5.016000000000000458e-01
3.738000000000000211e-01
3.340000000000000191e-01
2.373999999999999999e-01
2.752000000000000002e-01
3.025999999999999801e-01
4.123999999999999888e-01
4.537999999999999812e-01
4.510000000000000120e-01
4.683999999999999830e-01
4.948000000000000176e-01
4.470000000000000084e-01
4.106000000000000205e-01
3.536000000000000254e-01
3.134000000000000119e-01
2.584000000000000186e-01
2.611999999999999877e-01
2.106000000000000094e-01
1.635999999999999954e-01
1.168000000000000010e-01
1.168000000000000010e-01
1.865999999999999881e-01
2.551999999999999824e-01
3.851999999999999869e-01
4.176000000000000267e-01
4.341999999999999749e-01
5.086000000000000520e-01
4.954000000000000070e-01
4.268000000000000127e-01
4.128000000000000003e-01
4.067999999999999949e-01
3.320000000000000173e-01
1.988000000000000045e-01
1.559999999999999998e-01
8.859999999999999820e-02
7.420000000000000207e-02
4.540000000000000285e-02
2.659999999999999865e-02
1.640000000000000138e-02
1.020000000000000073e-02
3.200000000000000153e-03
3.000000000000000062e-03
2.000000000000000042e-03
6.000000000000000125e-03
8.600000000000000006e-03
1.260000000000000009e-02
2.960000000000000131e-02
6.260000000000000286e-02
1.106000000000000039e-01
1.875999999999999890e-01
2.349999999999999867e-01
2.641999999999999904e-01
3.294000000000000261e-01
3.382000000000000006e-01
3.089999999999999969e-01
2.227999999999999980e-01
1.995999999999999996e-01
1.559999999999999998e-01
1.516000000000000125e-01
1.477999999999999869e-01
1.411999999999999922e-01
1.089999999999999997e-01
8.400000000000000522e-02
5.759999999999999842e-02
5.319999999999999729e-02
9.059999999999999998e-02
1.158000000000000002e-01
1.076000000000000012e-01
6.900000000000000577e-02
5.299999999999999850e-02
6.160000000000000198e-02
8.799999999999999489e-02
9.239999999999999603e-02
1.343999999999999917e-01
1.706000000000000016e-01
2.026000000000000023e-01
2.436000000000000110e-01
2.750000000000000222e-01
2.565999999999999948e-01
2.121999999999999997e-01
1.698000000000000065e-01
1.371999999999999886e-01
7.539999999999999480e-02
4.220000000000000140e-02
2.980000000000000010e-02
3.020000000000000115e-02
2.359999999999999945e-02
2.060000000000000026e-02
2.479999999999999913e-02
3.379999999999999671e-02
4.399999999999999745e-02
5.199999999999999761e-02
6.460000000000000464e-02
7.660000000000000142e-02
1.034000000000000058e-01
1.165999999999999953e-01
1.517999999999999905e-01
1.683999999999999941e-01
1.844000000000000083e-01
2.401999999999999968e-01
3.387999999999999901e-01
3.705999999999999850e-01
3.750000000000000000e-01
3.513999999999999901e-01
3.175999999999999934e-01
3.682000000000000273e-01
4.146000000000000241e-01
4.633999999999999786e-01
4.537999999999999812e-01
3.160000000000000031e-01
2.624000000000000221e-01
1.355999999999999983e-01
8.060000000000000497e-02
5.319999999999999729e-02
2.960000000000000131e-02
2.280000000000000082e-02
2.079999999999999905e-02
3.420000000000000123e-02
4.179999999999999688e-02
6.940000000000000335e-02
8.599999999999999312e-02
1.168000000000000010e-01
1.408000000000000085e-01
1.809999999999999942e-01
2.162000000000000033e-01
2.869999999999999774e-01
3.855999999999999983e-01
4.955999999999999850e-01
4.517999999999999794e-01
4.203999999999999959e-01
4.746000000000000218e-01
4.133999999999999897e-01
3.652000000000000246e-01
2.740000000000000213e-01
1.981999999999999873e-01
2.152000000000000024e-01
1.749999999999999889e-01
1.516000000000000125e-01
1.532000000000000028e-01
1.001999999999999974e-01
1.514000000000000068e-01
1.839999999999999969e-01
2.467999999999999916e-01
3.337999999999999856e-01
4.282000000000000250e-01
4.938000000000000167e-01
3.855999999999999983e-01
3.074000000000000066e-01
2.983999999999999986e-01
2.826000000000000179e-01
2.807999999999999940e-01
2.340000000000000135e-01
1.952000000000000124e-01
1.610000000000000042e-01
1.570000000000000007e-01
2.215999999999999914e-01
3.124000000000000110e-01
3.709999999999999964e-01
4.275999999999999801e-01
4.394000000000000128e-01
4.365999999999999881e-01
4.885999999999999788e-01
4.285999999999999810e-01
3.175999999999999934e-01
2.636000000000000010e-01
2.427999999999999881e-01
2.590000000000000080e-01
2.497999999999999943e-01
2.780000000000000249e-01
2.260000000000000064e-01
2.001999999999999891e-01
2.107999999999999874e-01
2.089999999999999913e-01
2.331999999999999906e-01
2.446000000000000119e-01
2.591999999999999860e-01
2.291999999999999871e-01
2.175999999999999879e-01
2.144000000000000072e-01
2.790000000000000258e-01
4.060000000000000275e-01
4.268000000000000127e-01
4.072000000000000064e-01
3.503999999999999893e-01
4.325999999999999845e-01
4.633999999999999786e-01
3.887999999999999790e-01
3.678000000000000158e-01
3.161999999999999811e-01
2.812000000000000055e-01
2.716000000000000081e-01
2.604000000000000203e-01
2.097999999999999865e-01
1.774000000000000021e-01
2.207999999999999963e-01
2.750000000000000222e-01
2.741999999999999993e-01
3.022000000000000242e-01
3.588000000000000078e-01
4.510000000000000120e-01
4.904000000000000026e-01
4.981999999999999762e-01
4.643999999999999795e-01
2.650000000000000133e-01
1.900000000000000022e-01
1.990000000000000102e-01
2.819999999999999729e-01
3.977999999999999869e-01
4.723999999999999866e-01
4.869999999999999885e-01
4.341999999999999749e-01
3.765999999999999903e-01
3.277999999999999803e-01
2.601999999999999869e-01
2.656000000000000028e-01
2.308000000000000052e-01
3.553999999999999937e-01
3.937999999999999834e-01
3.981999999999999984e-01
3.725999999999999868e-01
4.046000000000000152e-01
4.928000000000000158e-01
3.794000000000000150e-01
3.648000000000000131e-01
4.119999999999999774e-01
4.239999999999999880e-01
4.769999999999999796e-01
4.630000000000000226e-01
4.531999999999999917e-01
3.845999999999999974e-01
3.235999999999999988e-01
2.124000000000000055e-01
1.449999999999999900e-01
1.761999999999999955e-01
1.496000000000000107e-01
1.466000000000000081e-01
1.764000000000000012e-01
1.927999999999999992e-01
1.481999999999999984e-01
1.562000000000000055e-01
1.834000000000000075e-01
1.723999999999999977e-01
1.698000000000000065e-01
1.388000000000000067e-01
8.820000000000000062e-02
6.260000000000000286e-02
6.759999999999999343e-02
5.319999999999999729e-02
5.299999999999999850e-02
1.076000000000000012e-01
1.595999999999999919e-01
2.500000000000000000e-01
3.472000000000000086e-01
4.909999999999999920e-01
3.603999999999999981e-01
2.157999999999999918e-01
1.678000000000000047e-01
1.423999999999999988e-01
1.332000000000000128e-01
7.900000000000000078e-02
4.839999999999999858e-02
3.300000000000000155e-02
2.280000000000000082e-02
1.660000000000000017e-02
2.659999999999999865e-02
2.599999999999999881e-02
2.800000000000000058e-02
2.819999999999999937e-02
3.259999999999999704e-02
4.800000000000000100e-02
6.819999999999999674e-02
8.300000000000000433e-02
8.379999999999999949e-02
9.779999999999999805e-02
9.700000000000000289e-02
1.154000000000000026e-01
1.151999999999999968e-01
1.165999999999999953e-01
1.062000000000000027e-01
1.014000000000000040e-01
5.779999999999999721e-02
3.579999999999999849e-02
2.239999999999999977e-02
2.419999999999999929e-02
3.099999999999999978e-02
4.580000000000000043e-02
9.639999999999999958e-02
1.406000000000000028e-01
2.020000000000000129e-01
2.730000000000000204e-01
3.306000000000000050e-01
3.639999999999999902e-01
3.857999999999999763e-01
3.966000000000000081e-01
3.658000000000000140e-01
3.655999999999999805e-01
3.654000000000000026e-01
3.704000000000000070e-01
3.290000000000000147e-01
3.174000000000000155e-01
3.204000000000000181e-01
3.274000000000000243e-01
3.871999999999999886e-01
3.983999999999999764e-01
4.057999999999999940e-01
4.945999999999999841e-01
4.208000000000000074e-01
3.512000000000000122e-01
2.696000000000000063e-01
