3.867999999999999772e-01
4.209999999999999853e-01
4.339999999999999969e-01
3.916000000000000036e-01
4.481999999999999873e-01
4.556000000000000050e-01
4.481999999999999873e-01
4.126000000000000223e-01
3.781999999999999806e-01
2.962000000000000188e-01
2.936000000000000276e-01
3.187999999999999723e-01
3.032000000000000250e-01
3.254000000000000226e-01
3.592000000000000193e-01
3.900000000000000133e-01
3.800000000000000044e-01
3.575999999999999734e-01
3.906000000000000028e-01
3.678000000000000158e-01
3.760000000000000009e-01
3.453999999999999848e-01
3.294000000000000261e-01
3.834000000000000186e-01
4.470000000000000084e-01
4.918000000000000149e-01
4.789999999999999813e-01
4.590000000000000191e-01
4.218000000000000083e-01
4.077999999999999958e-01
3.588000000000000078e-01
2.505999999999999894e-01
1.847999999999999921e-01
1.539999999999999980e-01
1.522000000000000020e-01
1.428000000000000103e-01
1.246000000000000024e-01
1.034000000000000058e-01
8.799999999999999489e-02
9.940000000000000224e-02
9.979999999999999982e-02
8.759999999999999731e-02
1.185999999999999971e-01
1.572000000000000064e-01
2.419999999999999929e-01
2.634000000000000230e-01
2.743999999999999773e-01
3.412000000000000033e-01
3.811999999999999833e-01
4.142000000000000126e-01
4.294000000000000039e-01
4.729999999999999760e-01
4.776000000000000245e-01
4.441999999999999837e-01
3.981999999999999984e-01
4.023999999999999799e-01
3.648000000000000131e-01
3.191999999999999837e-01
3.277999999999999803e-01
3.224000000000000199e-01
3.725999999999999868e-01
4.789999999999999813e-01
3.986000000000000099e-01
3.403999999999999804e-01
3.114000000000000101e-01
2.975999999999999757e-01
3.678000000000000158e-01
3.552000000000000157e-01
3.356000000000000094e-01
3.937999999999999834e-01
3.522000000000000131e-01
3.751999999999999780e-01
4.763999999999999901e-01
4.752000000000000113e-01
3.357999999999999874e-01
3.119999999999999996e-01
3.164000000000000146e-01
2.388000000000000123e-01
1.681999999999999884e-01
1.285999999999999921e-01
8.599999999999999312e-02
7.779999999999999416e-02
9.819999999999999563e-02
1.102000000000000063e-01
1.213999999999999940e-01
1.082000000000000045e-01
1.092000000000000054e-01
1.610000000000000042e-01
2.581999999999999851e-01
3.439999999999999725e-01
3.224000000000000199e-01
2.295999999999999985e-01
2.036000000000000032e-01
1.580000000000000016e-01
1.479999999999999927e-01
1.127999999999999975e-01
9.660000000000000531e-02
1.055999999999999994e-01
1.267999999999999960e-01
1.199999999999999956e-01
1.038000000000000034e-01
8.379999999999999949e-02
5.220000000000000334e-02
3.780000000000000027e-02
2.860000000000000042e-02
2.939999999999999905e-02
4.519999999999999712e-02
5.120000000000000245e-02
7.080000000000000182e-02
1.066000000000000003e-01
1.512000000000000011e-01
1.776000000000000079e-01
1.950000000000000067e-01
2.574000000000000177e-01
3.009999999999999898e-01
3.407999999999999918e-01
3.569999999999999840e-01
3.497999999999999998e-01
3.025999999999999801e-01
1.819999999999999951e-01
7.560000000000000053e-02
4.299999999999999656e-02
2.719999999999999848e-02
2.999999999999999889e-02
2.539999999999999897e-02
2.319999999999999840e-02
1.340000000000000045e-02
1.200000000000000025e-02
1.299999999999999940e-02
1.200000000000000025e-02
2.200000000000000133e-03
1.000000000000000021e-03
1.399999999999999986e-03
1.799999999999999951e-03
2.799999999999999972e-03
4.599999999999999922e-03
4.599999999999999922e-03
4.000000000000000083e-03
5.599999999999999943e-03
4.199999999999999740e-03
2.599999999999999881e-03
4.199999999999999740e-03
3.200000000000000153e-03
5.799999999999999600e-03
2.799999999999999972e-03
2.599999999999999881e-03
2.000000000000000042e-03
8.000000000000000383e-04
1.000000000000000021e-03
1.000000000000000021e-03
1.399999999999999986e-03
5.999999999999999474e-04
2.200000000000000133e-03
2.000000000000000096e-04
1.600000000000000077e-03
1.399999999999999986e-03
1.399999999999999986e-03
5.999999999999999474e-04
1.000000000000000021e-03
8.000000000000000383e-04
8.000000000000000383e-04
1.399999999999999986e-03
1.399999999999999986e-03
1.600000000000000077e-03
1.199999999999999895e-03
8.000000000000000383e-04
8.000000000000000383e-04
1.199999999999999895e-03
8.000000000000000383e-04
8.000000000000000383e-04
1.799999999999999951e-03
4.400000000000000265e-03
5.400000000000000286e-03
9.199999999999999845e-03
1.640000000000000138e-02
2.220000000000000098e-02
2.079999999999999905e-02
2.239999999999999977e-02
2.479999999999999913e-02
2.319999999999999840e-02
2.659999999999999865e-02
2.340000000000000066e-02
2.060000000000000026e-02
1.580000000000000154e-02
8.200000000000000691e-03
9.599999999999999159e-03
7.400000000000000328e-03
4.199999999999999740e-03
2.399999999999999790e-03
2.799999999999999972e-03
1.799999999999999951e-03
3.000000000000000062e-03
1.600000000000000077e-03
2.200000000000000133e-03
3.599999999999999901e-03
2.000000000000000042e-03
5.400000000000000286e-03
1.119999999999999989e-02
1.519999999999999997e-02
2.239999999999999977e-02
1.739999999999999880e-02
2.000000000000000042e-02
2.120000000000000009e-02
3.259999999999999704e-02
4.379999999999999866e-02
4.379999999999999866e-02
6.640000000000000069e-02
7.580000000000000626e-02
7.879999999999999505e-02
8.540000000000000369e-02
9.779999999999999805e-02
9.660000000000000531e-02
8.039999999999999925e-02
5.800000000000000294e-02
4.880000000000000310e-02
5.439999999999999697e-02
4.700000000000000011e-02
4.200000000000000261e-02
3.899999999999999994e-02
3.660000000000000059e-02
3.379999999999999671e-02
2.560000000000000123e-02
2.500000000000000139e-02
1.820000000000000090e-02
1.859999999999999848e-02
1.859999999999999848e-02
1.039999999999999952e-02
6.000000000000000125e-03
2.200000000000000133e-03
3.200000000000000153e-03
2.399999999999999790e-03
1.000000000000000021e-03
1.199999999999999895e-03
1.199999999999999895e-03
2.000000000000000042e-03
1.399999999999999986e-03
2.799999999999999972e-03
1.399999999999999986e-03
2.399999999999999790e-03
2.799999999999999972e-03
1.799999999999999951e-03
1.199999999999999895e-03
2.799999999999999972e-03
1.600000000000000077e-03
1.799999999999999951e-03
2.599999999999999881e-03
3.399999999999999811e-03
2.399999999999999790e-03
2.799999999999999972e-03
2.399999999999999790e-03
4.799999999999999580e-03
1.199999999999999895e-03
2.000000000000000042e-03
3.599999999999999901e-03
1.199999999999999895e-03
4.000000000000000083e-03
7.000000000000000146e-03
6.799999999999999621e-03
1.239999999999999956e-02
1.080000000000000057e-02
1.400000000000000029e-02
1.239999999999999956e-02
1.060000000000000005e-02
1.420000000000000082e-02
1.580000000000000154e-02
1.640000000000000138e-02
1.899999999999999953e-02
1.619999999999999912e-02
1.460000000000000013e-02
1.600000000000000033e-02
2.259999999999999856e-02
1.280000000000000061e-02
1.619999999999999912e-02
1.679999999999999896e-02
2.280000000000000082e-02
2.239999999999999977e-02
2.800000000000000058e-02
3.440000000000000002e-02
3.119999999999999857e-02
3.660000000000000059e-02
3.640000000000000180e-02
3.640000000000000180e-02
4.159999999999999809e-02
5.399999999999999939e-02
5.539999999999999786e-02
4.959999999999999826e-02
5.999999999999999778e-02
6.160000000000000198e-02
4.819999999999999979e-02
4.399999999999999745e-02
4.220000000000000140e-02
4.139999999999999930e-02
4.639999999999999680e-02
6.060000000000000109e-02
7.939999999999999836e-02
8.580000000000000127e-02
9.479999999999999538e-02
9.460000000000000353e-02
1.048000000000000043e-01
1.203999999999999931e-01
1.363999999999999935e-01
1.184000000000000052e-01
1.307999999999999996e-01
1.236000000000000015e-01
1.335999999999999965e-01
1.295999999999999930e-01
8.899999999999999578e-02
7.699999999999999900e-02
5.820000000000000173e-02
3.919999999999999873e-02
4.000000000000000083e-02
2.259999999999999856e-02
1.379999999999999977e-02
1.140000000000000041e-02
9.199999999999999845e-03
8.999999999999999320e-03
1.200000000000000025e-02
6.000000000000000125e-03
3.000000000000000062e-03
2.799999999999999972e-03
3.200000000000000153e-03
2.000000000000000042e-03
3.399999999999999811e-03
3.599999999999999901e-03
6.199999999999999782e-03
5.000000000000000104e-03
6.400000000000000307e-03
2.019999999999999921e-02
2.160000000000000114e-02
3.200000000000000067e-02
2.460000000000000034e-02
2.860000000000000042e-02
3.699999999999999817e-02
4.019999999999999962e-02
4.200000000000000261e-02
4.499999999999999833e-02
4.880000000000000310e-02
4.420000000000000318e-02
4.680000000000000132e-02
3.559999999999999970e-02
3.320000000000000034e-02
3.080000000000000099e-02
2.139999999999999888e-02
1.379999999999999977e-02
1.220000000000000077e-02
9.199999999999999845e-03
7.400000000000000328e-03
1.559999999999999928e-02
2.100000000000000130e-02
3.300000000000000155e-02
4.279999999999999777e-02
4.580000000000000043e-02
5.240000000000000213e-02
5.439999999999999697e-02
5.240000000000000213e-02
4.739999999999999769e-02
4.939999999999999947e-02
5.419999999999999818e-02
6.119999999999999746e-02
6.180000000000000077e-02
5.399999999999999939e-02
5.220000000000000334e-02
5.580000000000000238e-02
5.140000000000000124e-02
4.120000000000000051e-02
4.120000000000000051e-02
3.660000000000000059e-02
4.100000000000000172e-02
4.560000000000000164e-02
5.840000000000000052e-02
9.740000000000000047e-02
1.213999999999999940e-01
1.527999999999999914e-01
1.595999999999999919e-01
2.361999999999999933e-01
3.563999999999999946e-01
5.218000000000000416e-01
3.111999999999999766e-01
2.424000000000000044e-01
1.980000000000000093e-01
1.688000000000000056e-01
1.721999999999999920e-01
2.288000000000000034e-01
2.288000000000000034e-01
2.260000000000000064e-01
2.456000000000000127e-01
2.069999999999999896e-01
1.535999999999999865e-01
1.168000000000000010e-01
1.365999999999999992e-01
1.930000000000000049e-01
2.449999999999999956e-01
3.256000000000000005e-01
3.770000000000000018e-01
4.017999999999999905e-01
3.973999999999999755e-01
3.260000000000000120e-01
2.518000000000000238e-01
2.091999999999999971e-01
1.817999999999999894e-01
1.494000000000000050e-01
1.018000000000000016e-01
8.219999999999999529e-02
5.160000000000000003e-02
4.100000000000000172e-02
3.440000000000000002e-02
3.719999999999999696e-02
3.059999999999999873e-02
1.799999999999999864e-02
1.460000000000000013e-02
1.660000000000000017e-02
2.599999999999999881e-02
3.540000000000000091e-02
6.339999999999999802e-02
1.365999999999999992e-01
1.701999999999999902e-01
1.638000000000000012e-01
1.194000000000000061e-01
8.719999999999999973e-02
4.819999999999999979e-02
4.019999999999999962e-02
2.980000000000000010e-02
1.959999999999999937e-02
1.679999999999999896e-02
1.080000000000000057e-02
1.280000000000000061e-02
1.379999999999999977e-02
1.820000000000000090e-02
2.819999999999999937e-02
4.159999999999999809e-02
7.960000000000000409e-02
1.930000000000000049e-01
2.111999999999999988e-01
2.099999999999999922e-01
1.920000000000000040e-01
2.088000000000000134e-01
1.872000000000000053e-01
1.429999999999999882e-01
1.145999999999999935e-01
1.358000000000000040e-01
1.444000000000000006e-01
1.650000000000000078e-01
1.706000000000000016e-01
1.998000000000000054e-01
1.537999999999999923e-01
1.164000000000000035e-01
9.779999999999999805e-02
5.920000000000000262e-02
3.540000000000000091e-02
3.039999999999999994e-02
3.320000000000000034e-02
2.319999999999999840e-02
3.300000000000000155e-02
5.920000000000000262e-02
1.360000000000000098e-01
2.064000000000000001e-01
3.187999999999999723e-01
4.541999999999999926e-01
4.808000000000000052e-01
4.132000000000000117e-01
3.579999999999999849e-01
3.629999999999999893e-01
3.436000000000000165e-01
3.131999999999999784e-01
3.854000000000000203e-01
4.697999999999999954e-01
4.812000000000000166e-01
4.123999999999999888e-01
3.558000000000000052e-01
3.215999999999999970e-01
2.417999999999999872e-01
2.341999999999999915e-01
1.970000000000000084e-01
1.307999999999999996e-01
8.880000000000000393e-02
5.439999999999999697e-02
3.339999999999999913e-02
2.220000000000000098e-02
2.520000000000000018e-02
1.559999999999999928e-02
2.440000000000000155e-02
2.220000000000000098e-02
2.659999999999999865e-02
2.999999999999999889e-02
2.819999999999999937e-02
3.400000000000000244e-02
4.420000000000000318e-02
5.539999999999999786e-02
6.840000000000000246e-02
8.740000000000000546e-02
8.119999999999999440e-02
7.879999999999999505e-02
5.220000000000000334e-02
6.239999999999999714e-02
5.360000000000000181e-02
4.499999999999999833e-02
5.659999999999999754e-02
6.980000000000000093e-02
7.199999999999999456e-02
8.039999999999999925e-02
8.899999999999999578e-02
8.279999999999999860e-02
1.161999999999999977e-01
1.822000000000000008e-01
2.968000000000000083e-01
3.751999999999999780e-01
4.089999999999999747e-01
4.086000000000000187e-01
4.414000000000000146e-01
4.494000000000000217e-01
3.771999999999999797e-01
3.546000000000000263e-01
3.400000000000000244e-01
3.695999999999999841e-01
3.851999999999999869e-01
3.739999999999999991e-01
3.780000000000000027e-01
4.339999999999999969e-01
4.188000000000000056e-01
4.414000000000000146e-01
4.885999999999999788e-01
4.919999999999999929e-01
4.792000000000000148e-01
4.707999999999999963e-01
4.788000000000000034e-01
4.779999999999999805e-01
4.507999999999999785e-01
3.751999999999999780e-01
3.427999999999999936e-01
2.750000000000000222e-01
2.147999999999999909e-01
1.923999999999999877e-01
1.532000000000000028e-01
1.333999999999999908e-01
1.345999999999999974e-01
1.351999999999999869e-01
1.123999999999999999e-01
9.740000000000000047e-02
7.799999999999999989e-02
5.979999999999999899e-02
6.900000000000000577e-02
9.679999999999999716e-02
1.519999999999999962e-01
2.008000000000000063e-01
2.641999999999999904e-01
3.256000000000000005e-01
3.396000000000000130e-01
2.760000000000000231e-01
2.457999999999999907e-01
2.551999999999999824e-01
2.101999999999999980e-01
1.376000000000000001e-01
8.140000000000000013e-02
6.339999999999999802e-02
6.819999999999999674e-02
5.600000000000000117e-02
6.019999999999999657e-02
8.599999999999999312e-02
9.279999999999999361e-02
1.155999999999999944e-01
1.428000000000000103e-01
2.018000000000000071e-01
2.341999999999999915e-01
3.058000000000000163e-01
3.250000000000000111e-01
3.805999999999999939e-01
4.020000000000000240e-01
3.672000000000000264e-01
3.044000000000000039e-01
2.330000000000000127e-01
1.680000000000000104e-01
1.620000000000000051e-01
1.698000000000000065e-01
1.661999999999999866e-01
1.208000000000000046e-01
9.479999999999999538e-02
7.820000000000000562e-02
8.400000000000000522e-02
1.175999999999999962e-01
1.255999999999999894e-01
1.562000000000000055e-01
1.615999999999999936e-01
2.574000000000000177e-01
4.213999999999999968e-01
3.947999999999999843e-01
3.044000000000000039e-01
2.398000000000000131e-01
1.927999999999999992e-01
2.243999999999999884e-01
2.303999999999999937e-01
3.008000000000000118e-01
3.688000000000000167e-01
3.526000000000000245e-01
2.605999999999999983e-01
1.698000000000000065e-01
1.252000000000000057e-01
8.419999999999999707e-02
6.140000000000000319e-02
4.560000000000000164e-02
2.819999999999999937e-02
2.220000000000000098e-02
2.779999999999999832e-02
4.739999999999999769e-02
9.740000000000000047e-02
1.519999999999999962e-01
2.912000000000000144e-01
4.394000000000000128e-01
2.207999999999999963e-01
7.779999999999999416e-02
2.779999999999999832e-02
5.799999999999999600e-03
3.200000000000000153e-03
6.199999999999999782e-03
6.000000000000000125e-03
2.060000000000000026e-02
3.719999999999999696e-02
6.119999999999999746e-02
7.699999999999999900e-02
5.639999999999999875e-02
5.220000000000000334e-02
3.300000000000000155e-02
3.239999999999999825e-02
3.980000000000000204e-02
5.020000000000000157e-02
8.519999999999999796e-02
9.700000000000000289e-02
9.940000000000000224e-02
1.107999999999999957e-01
1.209999999999999964e-01
1.607999999999999985e-01
1.930000000000000049e-01
2.076000000000000068e-01
2.560000000000000053e-01
2.711999999999999966e-01
3.069999999999999951e-01
3.300000000000000155e-01
3.361999999999999988e-01
3.532000000000000139e-01
3.668000000000000149e-01
3.493999999999999884e-01
3.558000000000000052e-01
3.728000000000000203e-01
3.804000000000000159e-01
4.050000000000000266e-01
4.056000000000000161e-01
4.404000000000000137e-01
4.815999999999999726e-01
4.046000000000000152e-01
3.459999999999999742e-01
2.869999999999999774e-01
2.687999999999999834e-01
2.721999999999999975e-01
3.422000000000000042e-01
4.235999999999999766e-01
4.682000000000000051e-01
4.395999999999999908e-01
4.289999999999999925e-01
4.002000000000000002e-01
3.350000000000000200e-01
3.432000000000000051e-01
3.373999999999999777e-01
3.563999999999999946e-01
3.513999999999999901e-01
3.552000000000000157e-01
3.503999999999999893e-01
3.725999999999999868e-01
3.874000000000000221e-01
3.356000000000000094e-01
2.564000000000000168e-01
1.922000000000000097e-01
1.507999999999999896e-01
1.307999999999999996e-01
1.086000000000000021e-01
8.780000000000000304e-02
9.819999999999999563e-02
8.799999999999999489e-02
8.859999999999999820e-02
5.160000000000000003e-02
5.820000000000000173e-02
5.720000000000000084e-02
4.320000000000000229e-02
4.460000000000000075e-02
8.440000000000000280e-02
1.282000000000000084e-01
1.706000000000000016e-01
2.310000000000000109e-01
2.690000000000000169e-01
3.432000000000000051e-01
4.345999999999999863e-01
4.414000000000000146e-01
3.516000000000000236e-01
3.380000000000000226e-01
3.049999999999999933e-01
2.222000000000000086e-01
1.471999999999999975e-01
1.264000000000000123e-01
1.189999999999999947e-01
1.195999999999999980e-01
1.158000000000000002e-01
9.460000000000000353e-02
9.700000000000000289e-02
9.779999999999999805e-02
1.759999999999999898e-01
2.626000000000000001e-01
2.992000000000000215e-01
2.591999999999999860e-01
2.497999999999999943e-01
3.014000000000000012e-01
3.371999999999999997e-01
3.805999999999999939e-01
4.050000000000000266e-01
4.802000000000000157e-01
3.623999999999999999e-01
3.331999999999999962e-01
3.346000000000000085e-01
3.755999999999999894e-01
4.726000000000000201e-01
4.689999999999999725e-01
4.215999999999999748e-01
3.548000000000000043e-01
3.953999999999999737e-01
4.696000000000000174e-01
3.976000000000000090e-01
3.645999999999999797e-01
2.541999999999999815e-01
2.320000000000000118e-01
2.132000000000000006e-01
1.640000000000000069e-01
2.147999999999999909e-01
2.330000000000000127e-01
2.149999999999999967e-01
1.968000000000000027e-01
2.164000000000000090e-01
3.062000000000000277e-01
4.192000000000000171e-01
4.633999999999999786e-01
4.759999999999999787e-01
4.702000000000000068e-01
4.646000000000000130e-01
4.586000000000000076e-01
3.662000000000000255e-01
3.791999999999999815e-01
3.256000000000000005e-01
2.184000000000000108e-01
1.368000000000000049e-01
1.522000000000000020e-01
1.497999999999999887e-01
1.481999999999999984e-01
1.381999999999999895e-01
1.539999999999999980e-01
2.165999999999999870e-01
3.104000000000000092e-01
3.144000000000000128e-01
3.403999999999999804e-01
4.485999999999999988e-01
4.238000000000000100e-01
2.646000000000000019e-01
1.953999999999999904e-01
1.897999999999999965e-01
1.749999999999999889e-01
1.171999999999999986e-01
1.049999999999999961e-01
8.019999999999999352e-02
6.160000000000000198e-02
6.719999999999999585e-02
9.220000000000000417e-02
1.236000000000000015e-01
1.733999999999999986e-01
2.000000000000000111e-01
2.291999999999999871e-01
2.686000000000000054e-01
2.948000000000000065e-01
3.310000000000000164e-01
3.602000000000000202e-01
3.449999999999999734e-01
3.516000000000000236e-01
3.518000000000000016e-01
3.543999999999999928e-01
3.612000000000000210e-01
3.538000000000000034e-01
3.439999999999999725e-01
3.487999999999999989e-01
3.286000000000000032e-01
3.135999999999999899e-01
3.035999999999999810e-01
2.786000000000000143e-01
2.515999999999999903e-01
2.359999999999999876e-01
2.222000000000000086e-01
2.207999999999999963e-01
2.187999999999999945e-01
2.031999999999999917e-01
1.990000000000000102e-01
1.938000000000000000e-01
1.837999999999999912e-01
1.700000000000000122e-01
1.484000000000000041e-01
1.363999999999999935e-01
1.165999999999999953e-01
1.092000000000000054e-01
1.409999999999999865e-01
1.710000000000000131e-01
1.865999999999999881e-01
2.081999999999999962e-01
2.614000000000000212e-01
2.859999999999999765e-01
2.847999999999999976e-01
2.932000000000000162e-01
2.949999999999999845e-01
2.998000000000000109e-01
3.034000000000000030e-01
3.178000000000000269e-01
3.121999999999999775e-01
2.979999999999999871e-01
2.909999999999999809e-01
2.878000000000000003e-01
2.693999999999999728e-01
2.459999999999999964e-01
2.165999999999999870e-01
1.839999999999999969e-01
1.476000000000000090e-01
9.460000000000000353e-02
6.040000000000000230e-02
4.039999999999999841e-02
1.739999999999999880e-02
8.800000000000000530e-03
4.000000000000000083e-03
2.799999999999999972e-03
3.000000000000000062e-03
3.599999999999999901e-03
4.000000000000000083e-03
4.000000000000000083e-03
2.599999999999999881e-03
5.199999999999999761e-03
4.799999999999999580e-03
6.000000000000000125e-03
6.199999999999999782e-03
1.179999999999999973e-02
9.799999999999999684e-03
1.179999999999999973e-02
1.119999999999999989e-02
1.119999999999999989e-02
1.660000000000000017e-02
1.299999999999999940e-02
1.880000000000000074e-02
1.820000000000000090e-02
1.940000000000000058e-02
1.799999999999999864e-02
2.199999999999999872e-02
1.919999999999999832e-02
2.040000000000000147e-02
