3.191999999999999837e-01
3.353999999999999759e-01
3.376000000000000112e-01
3.672000000000000264e-01
3.817999999999999727e-01
4.355999999999999872e-01
4.504000000000000226e-01
5.068000000000000282e-01
4.752000000000000113e-01
4.530000000000000138e-01
4.421999999999999820e-01
4.112000000000000099e-01
4.682000000000000051e-01
4.935999999999999832e-01
4.792000000000000148e-01
4.873999999999999999e-01
4.865999999999999770e-01
4.988000000000000211e-01
4.928000000000000158e-01
4.752000000000000113e-01
4.646000000000000130e-01
4.975999999999999868e-01
4.793999999999999928e-01
4.839999999999999858e-01
4.626000000000000112e-01
4.550000000000000155e-01
4.454000000000000181e-01
4.385999999999999899e-01
4.218000000000000083e-01
4.079999999999999738e-01
4.205999999999999739e-01
4.083999999999999853e-01
3.725999999999999868e-01
3.634000000000000008e-01
3.290000000000000147e-01
2.963999999999999968e-01
2.640000000000000124e-01
2.439999999999999947e-01
2.333999999999999964e-01
2.127999999999999892e-01
2.192000000000000060e-01
2.079999999999999905e-01
2.366000000000000048e-01
2.434000000000000052e-01
2.620000000000000107e-01
2.703999999999999737e-01
2.802000000000000046e-01
2.899999999999999800e-01
2.756000000000000116e-01
3.024000000000000021e-01
3.422000000000000042e-01
3.532000000000000139e-01
3.595999999999999752e-01
3.648000000000000131e-01
3.801999999999999824e-01
3.924000000000000266e-01
3.827999999999999736e-01
4.046000000000000152e-01
4.248000000000000109e-01
4.404000000000000137e-01
4.577999999999999847e-01
4.504000000000000226e-01
4.670000000000000262e-01
4.898000000000000131e-01
4.914000000000000035e-01
5.013999999999999568e-01
4.878000000000000114e-01
4.799999999999999822e-01
4.895999999999999797e-01
4.878000000000000114e-01
4.577999999999999847e-01
4.440000000000000058e-01
4.223999999999999977e-01
4.146000000000000241e-01
4.349999999999999978e-01
4.348000000000000198e-01
4.339999999999999969e-01
4.275999999999999801e-01
4.205999999999999739e-01
4.285999999999999810e-01
4.166000000000000258e-01
4.023999999999999799e-01
3.910000000000000142e-01
3.805999999999999939e-01
3.810000000000000053e-01
3.887999999999999790e-01
3.639999999999999902e-01
3.790000000000000036e-01
3.907999999999999807e-01
3.718000000000000194e-01
3.452000000000000068e-01
3.662000000000000255e-01
3.489999999999999769e-01
3.407999999999999918e-01
3.337999999999999856e-01
3.170000000000000040e-01
3.227999999999999758e-01
3.360000000000000209e-01
3.174000000000000155e-01
3.019999999999999907e-01
3.138000000000000234e-01
3.065999999999999837e-01
3.251999999999999891e-01
3.340000000000000191e-01
3.559999999999999831e-01
3.731999999999999762e-01
4.012000000000000011e-01
4.047999999999999932e-01
4.193999999999999950e-01
4.189999999999999836e-01
3.904000000000000248e-01
3.900000000000000133e-01
3.708000000000000185e-01
3.532000000000000139e-01
2.959999999999999853e-01
2.903999999999999915e-01
2.806000000000000161e-01
2.426000000000000101e-01
2.300000000000000100e-01
1.877999999999999947e-01
1.789999999999999925e-01
1.527999999999999914e-01
1.171999999999999986e-01
8.899999999999999578e-02
7.900000000000000078e-02
6.740000000000000158e-02
4.599999999999999922e-02
2.280000000000000082e-02
1.899999999999999953e-02
1.140000000000000041e-02
8.600000000000000006e-03
5.799999999999999600e-03
3.399999999999999811e-03
4.400000000000000265e-03
3.599999999999999901e-03
3.599999999999999901e-03
1.600000000000000077e-03
2.399999999999999790e-03
4.000000000000000192e-04
4.000000000000000192e-04
1.199999999999999895e-03
8.000000000000000383e-04
1.199999999999999895e-03
8.000000000000000383e-04
1.000000000000000021e-03
8.000000000000000383e-04
2.000000000000000096e-04
5.999999999999999474e-04
5.999999999999999474e-04
1.000000000000000021e-03
2.200000000000000133e-03
1.399999999999999986e-03
8.000000000000000383e-04
2.200000000000000133e-03
1.600000000000000077e-03
1.600000000000000077e-03
1.000000000000000021e-03
1.399999999999999986e-03
5.999999999999999474e-04
1.199999999999999895e-03
1.000000000000000021e-03
8.000000000000000383e-04
8.000000000000000383e-04
0.000000000000000000e+00
5.999999999999999474e-04
5.999999999999999474e-04
8.000000000000000383e-04
1.799999999999999951e-03
2.000000000000000096e-04
1.799999999999999951e-03
8.000000000000000383e-04
8.000000000000000383e-04
8.000000000000000383e-04
8.000000000000000383e-04
8.000000000000000383e-04
8.000000000000000383e-04
1.000000000000000021e-03
5.999999999999999474e-04
8.000000000000000383e-04
1.399999999999999986e-03
1.600000000000000077e-03
5.999999999999999474e-04
4.000000000000000192e-04
1.000000000000000021e-03
2.000000000000000096e-04
5.999999999999999474e-04
8.000000000000000383e-04
1.000000000000000021e-03
2.200000000000000133e-03
2.599999999999999881e-03
7.199999999999999803e-03
9.199999999999999845e-03
1.559999999999999928e-02
2.479999999999999913e-02
2.819999999999999937e-02
3.080000000000000099e-02
3.459999999999999881e-02
3.579999999999999849e-02
4.939999999999999947e-02
5.279999999999999971e-02
4.680000000000000132e-02
4.839999999999999858e-02
5.000000000000000278e-02
6.140000000000000319e-02
5.260000000000000092e-02
5.739999999999999963e-02
6.019999999999999657e-02
6.519999999999999407e-02
7.199999999999999456e-02
7.660000000000000142e-02
8.740000000000000546e-02
9.900000000000000466e-02
1.218000000000000055e-01
1.287999999999999978e-01
1.426000000000000045e-01
1.580000000000000016e-01
1.615999999999999936e-01
1.685999999999999999e-01
1.729999999999999871e-01
1.766000000000000070e-01
1.938000000000000000e-01
2.202000000000000068e-01
2.328000000000000069e-01
2.690000000000000169e-01
2.928000000000000047e-01
3.313999999999999724e-01
4.113999999999999879e-01
4.378000000000000225e-01
4.743999999999999884e-01
4.497999999999999776e-01
3.659999999999999920e-01
3.237999999999999767e-01
3.104000000000000092e-01
2.913999999999999924e-01
2.872000000000000108e-01
2.766000000000000125e-01
2.912000000000000144e-01
2.597999999999999754e-01
2.577999999999999736e-01
2.475999999999999868e-01
2.534000000000000141e-01
2.554000000000000159e-01
2.989999999999999880e-01
2.817999999999999949e-01
2.872000000000000108e-01
3.171999999999999820e-01
3.214000000000000190e-01
3.392000000000000015e-01
3.427999999999999936e-01
3.373999999999999777e-01
3.774000000000000132e-01
3.820000000000000062e-01
4.146000000000000241e-01
4.384000000000000119e-01
4.689999999999999725e-01
4.732000000000000095e-01
4.905999999999999805e-01
4.852000000000000202e-01
4.935999999999999832e-01
4.852000000000000202e-01
4.556000000000000050e-01
4.497999999999999776e-01
4.421999999999999820e-01
4.284000000000000030e-01
4.264000000000000012e-01
4.627999999999999892e-01
4.832000000000000184e-01
4.948000000000000176e-01
4.914000000000000035e-01
5.058000000000000274e-01
4.848000000000000087e-01
4.873999999999999999e-01
4.809999999999999831e-01
4.954000000000000070e-01
4.702000000000000068e-01
4.779999999999999805e-01
4.736000000000000210e-01
4.591999999999999971e-01
4.504000000000000226e-01
4.223999999999999977e-01
4.050000000000000266e-01
4.023999999999999799e-01
3.815999999999999948e-01
4.107999999999999985e-01
4.003999999999999782e-01
3.817999999999999727e-01
3.947999999999999843e-01
3.983999999999999764e-01
4.087999999999999967e-01
3.927999999999999825e-01
4.002000000000000002e-01
3.890000000000000124e-01
4.239999999999999880e-01
3.960000000000000187e-01
3.655999999999999805e-01
3.685999999999999832e-01
3.437999999999999945e-01
3.516000000000000236e-01
3.215999999999999970e-01
3.207999999999999741e-01
3.095999999999999863e-01
3.333999999999999742e-01
3.244000000000000217e-01
2.803999999999999826e-01
2.681999999999999940e-01
2.429999999999999938e-01
1.983999999999999930e-01
1.938000000000000000e-01
1.875999999999999890e-01
1.549999999999999989e-01
1.758000000000000118e-01
1.484000000000000041e-01
1.433999999999999997e-01
1.439999999999999891e-01
1.267999999999999960e-01
1.199999999999999956e-01
1.000000000000000056e-01
8.680000000000000215e-02
7.879999999999999505e-02
8.400000000000000522e-02
1.045999999999999985e-01
9.400000000000000022e-02
8.880000000000000393e-02
9.139999999999999514e-02
9.660000000000000531e-02
9.959999999999999409e-02
1.181999999999999995e-01
1.068000000000000060e-01
1.178000000000000019e-01
1.188000000000000028e-01
1.228000000000000064e-01
1.195999999999999980e-01
1.277999999999999969e-01
1.127999999999999975e-01
1.242000000000000048e-01
1.270000000000000018e-01
1.178000000000000019e-01
1.328000000000000014e-01
1.353999999999999926e-01
1.380000000000000115e-01
1.555999999999999883e-01
1.902000000000000079e-01
1.952000000000000124e-01
2.147999999999999909e-01
2.404000000000000026e-01
2.859999999999999765e-01
3.088000000000000189e-01
3.244000000000000217e-01
3.682000000000000273e-01
4.169999999999999818e-01
4.758000000000000007e-01
4.955999999999999850e-01
4.351999999999999758e-01
3.896000000000000019e-01
3.267999999999999794e-01
3.101999999999999758e-01
2.939999999999999836e-01
2.386000000000000065e-01
2.121999999999999997e-01
1.771999999999999964e-01
1.570000000000000007e-01
1.454000000000000015e-01
1.272000000000000075e-01
1.151999999999999968e-01
1.262000000000000066e-01
1.236000000000000015e-01
9.719999999999999474e-02
1.019999999999999934e-01
8.459999999999999465e-02
7.480000000000000537e-02
8.379999999999999949e-02
7.420000000000000207e-02
6.379999999999999560e-02
7.860000000000000320e-02
8.340000000000000191e-02
9.719999999999999474e-02
1.073999999999999955e-01
1.198000000000000037e-01
1.426000000000000045e-01
1.738000000000000100e-01
1.855999999999999872e-01
1.910000000000000031e-01
2.177999999999999936e-01
2.351999999999999924e-01
2.696000000000000063e-01
2.975999999999999757e-01
3.119999999999999996e-01
3.088000000000000189e-01
3.069999999999999951e-01
3.164000000000000146e-01
3.207999999999999741e-01
3.301999999999999935e-01
3.502000000000000113e-01
3.593999999999999972e-01
3.946000000000000063e-01
4.119999999999999774e-01
3.956000000000000072e-01
4.182000000000000162e-01
4.219999999999999862e-01
4.348000000000000198e-01
4.259999999999999898e-01
4.302000000000000268e-01
3.900000000000000133e-01
3.758000000000000229e-01
3.629999999999999893e-01
3.483999999999999875e-01
3.316000000000000059e-01
2.979999999999999871e-01
2.898000000000000020e-01
2.565999999999999948e-01
2.363999999999999990e-01
2.268000000000000016e-01
1.877999999999999947e-01
1.920000000000000040e-01
1.721999999999999920e-01
1.696000000000000008e-01
1.582000000000000073e-01
1.577999999999999958e-01
1.723999999999999977e-01
1.683999999999999941e-01
1.580000000000000016e-01
1.545999999999999874e-01
1.819999999999999951e-01
1.902000000000000079e-01
2.061999999999999944e-01
2.117999999999999883e-01
2.162000000000000033e-01
2.326000000000000012e-01
2.487999999999999934e-01
2.434000000000000052e-01
2.331999999999999906e-01
2.338000000000000078e-01
2.548000000000000265e-01
2.701999999999999957e-01
2.756000000000000116e-01
2.607999999999999763e-01
2.504000000000000115e-01
2.427999999999999881e-01
2.165999999999999870e-01
2.061999999999999944e-01
2.129999999999999949e-01
2.078000000000000125e-01
2.066000000000000059e-01
1.920000000000000040e-01
1.791999999999999982e-01
1.781999999999999973e-01
1.786000000000000087e-01
1.804000000000000048e-01
1.779999999999999916e-01
1.663999999999999924e-01
1.439999999999999891e-01
1.491999999999999993e-01
1.580000000000000016e-01
1.426000000000000045e-01
1.353999999999999926e-01
1.390000000000000124e-01
1.283999999999999864e-01
1.243999999999999967e-01
1.275999999999999912e-01
1.335999999999999965e-01
1.380000000000000115e-01
1.459999999999999909e-01
1.607999999999999985e-01
1.575999999999999901e-01
1.701999999999999902e-01
1.721999999999999920e-01
1.721999999999999920e-01
1.814000000000000057e-01
1.796000000000000096e-01
1.670000000000000095e-01
1.849999999999999978e-01
1.897999999999999965e-01
1.839999999999999969e-01
1.900000000000000022e-01
2.001999999999999891e-01
1.910000000000000031e-01
2.010000000000000120e-01
2.116000000000000103e-01
2.288000000000000034e-01
2.444000000000000061e-01
2.656000000000000028e-01
2.646000000000000019e-01
2.810000000000000275e-01
2.992000000000000215e-01
3.039999999999999925e-01
3.131999999999999784e-01
3.114000000000000101e-01
3.271999999999999909e-01
3.032000000000000250e-01
3.254000000000000226e-01
3.240000000000000102e-01
3.264000000000000234e-01
3.257999999999999785e-01
3.274000000000000243e-01
3.446000000000000174e-01
3.287999999999999812e-01
3.171999999999999820e-01
3.333999999999999742e-01
3.675999999999999823e-01
3.695999999999999841e-01
3.911999999999999922e-01
3.865999999999999992e-01
3.805999999999999939e-01
4.062000000000000055e-01
4.176000000000000267e-01
4.445999999999999952e-01
4.540000000000000147e-01
4.843999999999999972e-01
4.909999999999999920e-01
5.090000000000000080e-01
4.899999999999999911e-01
4.752000000000000113e-01
4.590000000000000191e-01
4.321999999999999731e-01
4.222000000000000197e-01
4.172000000000000153e-01
4.027999999999999914e-01
3.940000000000000169e-01
4.199999999999999845e-01
3.825999999999999956e-01
3.754000000000000115e-01
3.578000000000000069e-01
3.306000000000000050e-01
2.988000000000000100e-01
2.760000000000000231e-01
2.564000000000000168e-01
2.353999999999999981e-01
2.086000000000000076e-01
1.887999999999999956e-01
1.741999999999999937e-01
1.607999999999999985e-01
1.547999999999999932e-01
1.293999999999999873e-01
1.233999999999999958e-01
1.170000000000000068e-01
1.150000000000000050e-01
1.265999999999999903e-01
9.379999999999999449e-02
8.820000000000000062e-02
6.079999999999999988e-02
4.340000000000000108e-02
3.660000000000000059e-02
2.960000000000000131e-02
2.800000000000000058e-02
2.179999999999999993e-02
2.120000000000000009e-02
1.899999999999999953e-02
1.179999999999999973e-02
1.220000000000000077e-02
1.159999999999999920e-02
1.000000000000000021e-02
1.200000000000000025e-02
1.480000000000000066e-02
2.019999999999999921e-02
2.879999999999999921e-02
3.780000000000000027e-02
3.280000000000000276e-02
5.279999999999999971e-02
4.639999999999999680e-02
7.259999999999999787e-02
1.018000000000000016e-01
1.441999999999999948e-01
1.801999999999999991e-01
1.894000000000000128e-01
2.437999999999999889e-01
2.713999999999999746e-01
3.012000000000000233e-01
3.158000000000000251e-01
3.148000000000000242e-01
2.710000000000000187e-01
2.979999999999999871e-01
3.071999999999999731e-01
3.078000000000000180e-01
3.254000000000000226e-01
3.417999999999999927e-01
3.632000000000000228e-01
4.097999999999999976e-01
4.067999999999999949e-01
4.133999999999999897e-01
4.501999999999999891e-01
4.284000000000000030e-01
4.335999999999999854e-01
4.282000000000000250e-01
4.142000000000000126e-01
3.887999999999999790e-01
3.841999999999999860e-01
3.861999999999999877e-01
4.003999999999999782e-01
4.168000000000000038e-01
3.658000000000000140e-01
3.158000000000000251e-01
3.034000000000000030e-01
2.859999999999999765e-01
2.752000000000000002e-01
2.577999999999999736e-01
2.318000000000000060e-01
2.321999999999999897e-01
2.275999999999999968e-01
2.475999999999999868e-01
2.545999999999999930e-01
2.730000000000000204e-01
2.909999999999999809e-01
2.948000000000000065e-01
2.992000000000000215e-01
2.943999999999999950e-01
3.237999999999999767e-01
3.406000000000000139e-01
3.266000000000000014e-01
3.306000000000000050e-01
3.512000000000000122e-01
3.412000000000000033e-01
3.780000000000000027e-01
3.817999999999999727e-01
3.827999999999999736e-01
3.835999999999999965e-01
3.820000000000000062e-01
3.794000000000000150e-01
3.876000000000000001e-01
3.548000000000000043e-01
3.104000000000000092e-01
3.029999999999999916e-01
2.849999999999999756e-01
2.452000000000000013e-01
2.368000000000000105e-01
2.174000000000000099e-01
1.950000000000000067e-01
1.950000000000000067e-01
1.698000000000000065e-01
1.603999999999999870e-01
1.539999999999999980e-01
1.466000000000000081e-01
1.302000000000000102e-01
1.295999999999999930e-01
1.103999999999999981e-01
1.178000000000000019e-01
1.147999999999999993e-01
1.087999999999999939e-01
1.140000000000000041e-01
9.919999999999999651e-02
9.879999999999999893e-02
1.117999999999999966e-01
1.140000000000000041e-01
1.019999999999999934e-01
1.127999999999999975e-01
1.120000000000000023e-01
1.272000000000000075e-01
1.333999999999999908e-01
1.401999999999999913e-01
1.509999999999999953e-01
1.532000000000000028e-01
1.584000000000000130e-01
1.710000000000000131e-01
2.039999999999999869e-01
2.222000000000000086e-01
2.285999999999999976e-01
2.464000000000000079e-01
2.359999999999999876e-01
2.575999999999999956e-01
2.680000000000000160e-01
2.833999999999999853e-01
2.691999999999999948e-01
2.842000000000000082e-01
2.892000000000000126e-01
2.817999999999999949e-01
2.558000000000000274e-01
2.541999999999999815e-01
2.610000000000000098e-01
2.495999999999999885e-01
2.646000000000000019e-01
2.407999999999999863e-01
2.214000000000000135e-01
2.260000000000000064e-01
2.192000000000000060e-01
1.973999999999999921e-01
1.958000000000000018e-01
1.892000000000000071e-01
1.778000000000000136e-01
1.716000000000000025e-01
1.807999999999999885e-01
1.812000000000000000e-01
1.749999999999999889e-01
1.652000000000000135e-01
1.681999999999999884e-01
1.628000000000000003e-01
1.582000000000000073e-01
1.562000000000000055e-01
1.592000000000000082e-01
1.416000000000000036e-01
1.458000000000000129e-01
1.418000000000000094e-01
1.401999999999999913e-01
1.283999999999999864e-01
1.342000000000000137e-01
1.110000000000000014e-01
1.059999999999999970e-01
1.264000000000000123e-01
1.368000000000000049e-01
1.313999999999999890e-01
1.449999999999999900e-01
1.597999999999999976e-01
1.880000000000000004e-01
2.202000000000000068e-01
2.560000000000000053e-01
2.693999999999999728e-01
3.119999999999999996e-01
3.774000000000000132e-01
3.890000000000000124e-01
4.455999999999999961e-01
4.823999999999999955e-01
4.919999999999999929e-01
4.683999999999999830e-01
4.702000000000000068e-01
4.587999999999999856e-01
4.566000000000000059e-01
4.580000000000000182e-01
4.471999999999999864e-01
4.133999999999999897e-01
3.764000000000000123e-01
3.559999999999999831e-01
3.171999999999999820e-01
3.158000000000000251e-01
2.993999999999999995e-01
2.670000000000000151e-01
2.398000000000000131e-01
1.920000000000000040e-01
1.613999999999999879e-01
1.322000000000000119e-01
1.171999999999999986e-01
6.700000000000000400e-02
6.940000000000000335e-02
6.300000000000000044e-02
5.619999999999999996e-02
3.359999999999999792e-02
1.959999999999999937e-02
1.760000000000000106e-02
1.239999999999999956e-02
1.319999999999999993e-02
1.600000000000000033e-02
1.280000000000000061e-02
1.280000000000000061e-02
1.519999999999999997e-02
1.359999999999999924e-02
1.220000000000000077e-02
8.999999999999999320e-03
7.199999999999999803e-03
8.200000000000000691e-03
5.599999999999999943e-03
6.199999999999999782e-03
9.400000000000000369e-03
9.799999999999999684e-03
9.199999999999999845e-03
1.140000000000000041e-02
7.799999999999999642e-03
1.179999999999999973e-02
9.199999999999999845e-03
1.220000000000000077e-02
1.280000000000000061e-02
9.799999999999999684e-03
1.080000000000000057e-02
8.999999999999999320e-03
7.599999999999999985e-03
1.039999999999999952e-02
8.399999999999999481e-03
6.199999999999999782e-03
7.199999999999999803e-03
6.400000000000000307e-03
7.599999999999999985e-03
8.600000000000000006e-03
8.000000000000000167e-03
4.199999999999999740e-03
3.200000000000000153e-03
2.399999999999999790e-03
3.399999999999999811e-03
1.199999999999999895e-03
2.399999999999999790e-03
1.600000000000000077e-03
1.199999999999999895e-03
4.000000000000000192e-04
1.199999999999999895e-03
1.600000000000000077e-03
3.200000000000000153e-03
1.000000000000000021e-03
2.000000000000000096e-04
1.399999999999999986e-03
1.000000000000000021e-03
1.600000000000000077e-03
1.000000000000000021e-03
1.000000000000000021e-03
1.199999999999999895e-03
5.999999999999999474e-04
1.000000000000000021e-03
3.399999999999999811e-03
1.799999999999999951e-03
4.799999999999999580e-03
2.200000000000000133e-03
3.399999999999999811e-03
4.799999999999999580e-03
8.200000000000000691e-03
8.399999999999999481e-03
1.060000000000000005e-02
1.319999999999999993e-02
1.739999999999999880e-02
1.519999999999999997e-02
1.859999999999999848e-02
2.319999999999999840e-02
3.579999999999999849e-02
3.760000000000000148e-02
3.660000000000000059e-02
4.299999999999999656e-02
4.760000000000000342e-02
5.539999999999999786e-02
6.060000000000000109e-02
6.079999999999999988e-02
6.300000000000000044e-02
6.800000000000000488e-02
7.599999999999999811e-02
8.160000000000000586e-02
8.559999999999999554e-02
1.058000000000000052e-01
1.117999999999999966e-01
1.035999999999999976e-01
1.093999999999999972e-01
1.078000000000000069e-01
1.063999999999999946e-01
1.195999999999999980e-01
1.451999999999999957e-01
1.474000000000000032e-01
1.524000000000000077e-01
1.607999999999999985e-01
1.731999999999999929e-01
1.754000000000000004e-01
1.633999999999999897e-01
1.845999999999999863e-01
2.210000000000000020e-01
2.340000000000000135e-01
2.637999999999999790e-01
2.701999999999999957e-01
2.878000000000000003e-01
3.195999999999999952e-01
3.337999999999999856e-01
3.459999999999999742e-01
3.750000000000000000e-01
3.810000000000000053e-01
4.339999999999999969e-01
4.324000000000000066e-01
4.235999999999999766e-01
4.269999999999999907e-01
4.274000000000000021e-01
4.531999999999999917e-01
4.521999999999999909e-01
4.623999999999999777e-01
