1.391999999999999904e-01
1.181999999999999995e-01
1.378000000000000058e-01
1.585999999999999910e-01
1.660000000000000087e-01
1.681999999999999884e-01
1.796000000000000096e-01
1.723999999999999977e-01
1.864000000000000101e-01
2.127999999999999892e-01
2.051999999999999935e-01
2.627999999999999781e-01
2.876000000000000223e-01
3.044000000000000039e-01
3.160000000000000031e-01
3.055999999999999828e-01
2.847999999999999976e-01
2.883999999999999897e-01
2.727999999999999869e-01
2.777999999999999914e-01
2.706000000000000072e-01
2.521999999999999797e-01
2.733999999999999764e-01
2.501999999999999780e-01
2.710000000000000187e-01
2.812000000000000055e-01
3.145999999999999908e-01
3.370000000000000218e-01
3.775999999999999912e-01
4.103999999999999870e-01
4.321999999999999731e-01
4.677999999999999936e-01
4.832000000000000184e-01
4.899999999999999911e-01
4.506000000000000005e-01
4.319999999999999951e-01
3.941999999999999948e-01
3.728000000000000203e-01
3.605999999999999761e-01
3.321999999999999953e-01
2.922000000000000153e-01
2.972000000000000197e-01
2.913999999999999924e-01
2.684000000000000274e-01
2.409999999999999920e-01
2.351999999999999924e-01
2.295999999999999985e-01
1.988000000000000045e-01
1.922000000000000097e-01
1.703999999999999959e-01
1.597999999999999976e-01
1.338000000000000023e-01
1.348000000000000032e-01
1.097999999999999948e-01
9.520000000000000684e-02
9.420000000000000595e-02
9.439999999999999780e-02
8.300000000000000433e-02
8.500000000000000611e-02
8.759999999999999731e-02
9.059999999999999998e-02
8.859999999999999820e-02
1.038000000000000034e-01
1.078000000000000069e-01
1.130000000000000032e-01
1.052000000000000018e-01
1.195999999999999980e-01
1.121999999999999942e-01
1.243999999999999967e-01
1.393999999999999961e-01
1.419999999999999873e-01
1.602000000000000091e-01
1.680000000000000104e-01
1.892000000000000071e-01
2.018000000000000071e-01
2.144000000000000072e-01
2.116000000000000103e-01
2.207999999999999963e-01
2.270000000000000073e-01
2.291999999999999871e-01
2.023999999999999966e-01
2.195999999999999897e-01
2.000000000000000111e-01
2.169999999999999984e-01
1.894000000000000128e-01
1.864000000000000101e-01
1.587999999999999967e-01
1.703999999999999959e-01
1.741999999999999937e-01
1.585999999999999910e-01
1.612000000000000099e-01
1.565999999999999892e-01
1.416000000000000036e-01
1.416000000000000036e-01
1.328000000000000014e-01
1.069999999999999979e-01
1.219999999999999973e-01
1.275999999999999912e-01
1.233999999999999958e-01
1.262000000000000066e-01
1.335999999999999965e-01
1.390000000000000124e-01
1.444000000000000006e-01
1.554000000000000103e-01
1.779999999999999916e-01
2.064000000000000001e-01
2.235999999999999932e-01
2.197999999999999954e-01
2.550000000000000044e-01
2.564000000000000168e-01
2.693999999999999728e-01
3.261999999999999900e-01
3.758000000000000229e-01
3.685999999999999832e-01
3.765999999999999903e-01
3.711999999999999744e-01
3.867999999999999772e-01
3.784000000000000141e-01
3.870000000000000107e-01
3.851999999999999869e-01
3.798000000000000265e-01
3.623999999999999999e-01
3.432000000000000051e-01
3.185999999999999943e-01
3.049999999999999933e-01
2.753999999999999782e-01
2.666000000000000036e-01
2.514000000000000123e-01
2.258000000000000007e-01
2.368000000000000105e-01
1.930000000000000049e-01
1.736000000000000043e-01
1.600000000000000033e-01
1.489999999999999936e-01
1.497999999999999887e-01
1.429999999999999882e-01
1.353999999999999926e-01
1.243999999999999967e-01
1.126000000000000056e-01
1.147999999999999993e-01
1.168000000000000010e-01
9.859999999999999321e-02
1.120000000000000023e-01
1.055999999999999994e-01
1.199999999999999956e-01
1.243999999999999967e-01
1.295999999999999930e-01
1.610000000000000042e-01
1.698000000000000065e-01
1.670000000000000095e-01
1.855999999999999872e-01
1.862000000000000044e-01
2.008000000000000063e-01
2.003999999999999948e-01
1.943999999999999895e-01
2.197999999999999954e-01
2.134000000000000064e-01
2.285999999999999976e-01
2.646000000000000019e-01
2.847999999999999976e-01
3.069999999999999951e-01
3.406000000000000139e-01
3.579999999999999849e-01
3.758000000000000229e-01
4.112000000000000099e-01
4.255999999999999783e-01
4.212000000000000188e-01
4.328000000000000180e-01
4.275999999999999801e-01
4.189999999999999836e-01
4.328000000000000180e-01
4.686000000000000165e-01
4.918000000000000149e-01
5.008000000000000229e-01
4.778000000000000025e-01
4.958000000000000185e-01
4.853999999999999981e-01
4.580000000000000182e-01
4.526000000000000023e-01
4.437999999999999723e-01
4.269999999999999907e-01
3.678000000000000158e-01
3.449999999999999734e-01
3.101999999999999758e-01
2.873999999999999888e-01
2.736000000000000099e-01
2.681999999999999940e-01
2.197999999999999954e-01
2.036000000000000032e-01
1.449999999999999900e-01
1.444000000000000006e-01
1.290000000000000036e-01
1.388000000000000067e-01
1.549999999999999989e-01
1.527999999999999914e-01
1.923999999999999877e-01
2.058000000000000107e-01
2.427999999999999881e-01
2.767999999999999905e-01
3.237999999999999767e-01
3.367999999999999883e-01
3.619999999999999885e-01
4.076000000000000179e-01
4.404000000000000137e-01
4.324000000000000066e-01
4.491999999999999882e-01
4.577999999999999847e-01
4.743999999999999884e-01
4.680000000000000271e-01
4.706000000000000183e-01
4.855999999999999761e-01
4.662000000000000033e-01
4.662000000000000033e-01
4.653999999999999804e-01
4.756000000000000227e-01
4.577999999999999847e-01
4.487999999999999767e-01
4.368000000000000216e-01
4.495999999999999996e-01
4.318000000000000171e-01
4.480000000000000093e-01
4.613999999999999768e-01
4.610000000000000209e-01
4.603999999999999759e-01
4.667999999999999927e-01
4.969999999999999973e-01
4.822000000000000175e-01
4.461999999999999855e-01
4.309999999999999942e-01
4.541999999999999926e-01
4.222000000000000197e-01
4.364000000000000101e-01
4.092000000000000082e-01
4.349999999999999978e-01
4.556000000000000050e-01
4.815999999999999726e-01
4.998000000000000220e-01
4.885999999999999788e-01
4.697999999999999954e-01
4.319999999999999951e-01
4.192000000000000171e-01
3.921999999999999931e-01
3.721999999999999753e-01
3.439999999999999725e-01
3.386000000000000121e-01
3.286000000000000032e-01
3.028000000000000136e-01
2.777999999999999914e-01
2.472000000000000031e-01
2.378000000000000114e-01
2.235999999999999932e-01
2.084000000000000019e-01
2.099999999999999922e-01
2.308000000000000052e-01
2.152000000000000024e-01
2.146000000000000130e-01
2.272000000000000131e-01
2.227999999999999980e-01
2.313999999999999946e-01
2.313999999999999946e-01
2.439999999999999947e-01
2.681999999999999940e-01
2.730000000000000204e-01
2.723999999999999755e-01
3.022000000000000242e-01
3.048000000000000154e-01
3.321999999999999953e-01
3.290000000000000147e-01
3.267999999999999794e-01
3.608000000000000096e-01
3.518000000000000016e-01
3.582000000000000184e-01
3.351999999999999980e-01
3.168000000000000260e-01
3.336000000000000076e-01
3.392000000000000015e-01
3.341999999999999971e-01
3.200000000000000067e-01
3.271999999999999909e-01
2.898000000000000020e-01
2.918000000000000038e-01
2.839999999999999747e-01
2.849999999999999756e-01
2.833999999999999853e-01
2.766000000000000125e-01
2.691999999999999948e-01
2.369999999999999885e-01
2.348000000000000087e-01
2.184000000000000108e-01
1.945999999999999952e-01
1.625999999999999945e-01
1.719999999999999862e-01
1.570000000000000007e-01
1.409999999999999865e-01
9.979999999999999982e-02
8.079999999999999682e-02
6.079999999999999988e-02
5.099999999999999672e-02
4.279999999999999777e-02
4.159999999999999809e-02
3.559999999999999970e-02
2.819999999999999937e-02
3.339999999999999913e-02
3.420000000000000123e-02
2.960000000000000131e-02
2.280000000000000082e-02
1.379999999999999977e-02
2.100000000000000130e-02
1.580000000000000154e-02
1.779999999999999985e-02
1.480000000000000066e-02
1.600000000000000033e-02
1.760000000000000106e-02
1.980000000000000163e-02
2.819999999999999937e-02
2.560000000000000123e-02
2.500000000000000139e-02
2.960000000000000131e-02
4.340000000000000108e-02
5.299999999999999850e-02
7.280000000000000360e-02
8.019999999999999352e-02
8.599999999999999312e-02
1.079999999999999988e-01
1.078000000000000069e-01
1.376000000000000001e-01
1.615999999999999936e-01
1.741999999999999937e-01
1.913999999999999868e-01
1.978000000000000036e-01
2.227999999999999980e-01
1.985999999999999988e-01
2.114000000000000046e-01
2.359999999999999876e-01
2.195999999999999897e-01
2.258000000000000007e-01
2.280000000000000082e-01
2.265999999999999959e-01
2.053999999999999992e-01
1.789999999999999925e-01
1.565999999999999892e-01
1.633999999999999897e-01
1.130000000000000032e-01
1.066000000000000003e-01
9.859999999999999321e-02
1.028000000000000025e-01
8.359999999999999376e-02
8.079999999999999682e-02
7.459999999999999964e-02
9.260000000000000175e-02
6.980000000000000093e-02
7.259999999999999787e-02
7.280000000000000360e-02
6.660000000000000642e-02
6.959999999999999520e-02
8.279999999999999860e-02
8.559999999999999554e-02
1.185999999999999971e-01
1.438000000000000111e-01
1.907999999999999974e-01
2.376000000000000056e-01
2.740000000000000213e-01
3.277999999999999803e-01
3.775999999999999912e-01
4.136000000000000232e-01
4.295999999999999819e-01
4.732000000000000095e-01
4.922000000000000264e-01
4.852000000000000202e-01
4.561999999999999944e-01
4.359999999999999987e-01
4.394000000000000128e-01
4.278000000000000136e-01
4.198000000000000065e-01
3.847999999999999754e-01
3.876000000000000001e-01
4.086000000000000187e-01
3.963999999999999746e-01
3.881999999999999895e-01
3.887999999999999790e-01
4.096000000000000196e-01
4.040000000000000258e-01
3.894000000000000239e-01
3.513999999999999901e-01
3.845999999999999974e-01
4.032000000000000028e-01
4.103999999999999870e-01
4.182000000000000162e-01
4.344000000000000083e-01
4.395999999999999908e-01
4.318000000000000171e-01
4.295999999999999819e-01
4.643999999999999795e-01
4.959999999999999964e-01
4.853999999999999981e-01
4.344000000000000083e-01
4.093999999999999861e-01
3.804000000000000159e-01
3.721999999999999753e-01
3.538000000000000034e-01
3.190000000000000058e-01
3.059999999999999942e-01
2.793999999999999817e-01
2.597999999999999754e-01
2.237999999999999989e-01
2.215999999999999914e-01
2.210000000000000020e-01
1.907999999999999974e-01
1.965999999999999970e-01
1.864000000000000101e-01
1.519999999999999962e-01
1.302000000000000102e-01
1.229999999999999982e-01
1.267999999999999960e-01
1.170000000000000068e-01
9.959999999999999409e-02
9.420000000000000595e-02
7.599999999999999811e-02
6.919999999999999762e-02
6.660000000000000642e-02
4.240000000000000019e-02
3.160000000000000309e-02
2.000000000000000042e-02
1.899999999999999953e-02
1.080000000000000057e-02
1.260000000000000009e-02
1.060000000000000005e-02
4.599999999999999922e-03
2.000000000000000042e-03
3.799999999999999992e-03
2.599999999999999881e-03
2.599999999999999881e-03
4.599999999999999922e-03
4.199999999999999740e-03
3.399999999999999811e-03
4.000000000000000083e-03
6.400000000000000307e-03
8.200000000000000691e-03
1.859999999999999848e-02
2.220000000000000098e-02
2.840000000000000163e-02
3.880000000000000115e-02
4.379999999999999866e-02
3.760000000000000148e-02
4.780000000000000221e-02
7.280000000000000360e-02
6.479999999999999649e-02
7.739999999999999658e-02
7.960000000000000409e-02
8.279999999999999860e-02
7.520000000000000295e-02
7.860000000000000320e-02
7.539999999999999480e-02
7.040000000000000424e-02
6.320000000000000617e-02
6.500000000000000222e-02
6.759999999999999343e-02
5.940000000000000141e-02
4.479999999999999954e-02
4.880000000000000310e-02
4.939999999999999947e-02
4.880000000000000310e-02
4.599999999999999922e-02
4.359999999999999987e-02
5.000000000000000278e-02
5.480000000000000149e-02
4.959999999999999826e-02
6.219999999999999835e-02
6.379999999999999560e-02
6.379999999999999560e-02
5.879999999999999810e-02
7.380000000000000449e-02
7.000000000000000666e-02
8.580000000000000127e-02
9.339999999999999691e-02
1.134000000000000008e-01
1.318000000000000005e-01
1.580000000000000016e-01
1.923999999999999877e-01
2.232000000000000095e-01
2.600000000000000089e-01
3.140000000000000013e-01
3.467999999999999972e-01
3.947999999999999843e-01
4.394000000000000128e-01
4.647999999999999909e-01
4.965999999999999859e-01
4.788000000000000034e-01
4.647999999999999909e-01
4.278000000000000136e-01
3.675999999999999823e-01
3.496000000000000218e-01
3.101999999999999758e-01
2.731999999999999984e-01
2.482000000000000040e-01
2.378000000000000114e-01
2.202000000000000068e-01
2.001999999999999891e-01
2.202000000000000068e-01
2.223999999999999866e-01
2.429999999999999938e-01
2.359999999999999876e-01
2.560000000000000053e-01
2.762000000000000011e-01
2.763999999999999790e-01
2.797999999999999932e-01
2.942000000000000171e-01
3.111999999999999766e-01
3.237999999999999767e-01
3.284000000000000252e-01
3.191999999999999837e-01
3.469999999999999751e-01
3.665999999999999814e-01
3.654000000000000026e-01
4.420000000000000040e-01
4.464000000000000190e-01
4.763999999999999901e-01
4.948000000000000176e-01
4.766000000000000236e-01
4.716000000000000192e-01
4.349999999999999978e-01
4.480000000000000093e-01
4.769999999999999796e-01
4.621999999999999997e-01
4.713999999999999857e-01
4.534000000000000252e-01
4.560000000000000164e-01
4.988000000000000211e-01
5.098000000000000309e-01
5.016000000000000458e-01
5.028000000000000247e-01
4.895999999999999797e-01
5.008000000000000229e-01
4.712000000000000077e-01
4.842000000000000193e-01
4.882000000000000228e-01
4.788000000000000034e-01
4.245999999999999774e-01
4.143999999999999906e-01
3.811999999999999833e-01
3.598000000000000087e-01
3.363999999999999768e-01
3.528000000000000025e-01
3.497999999999999998e-01
3.403999999999999804e-01
3.184000000000000163e-01
3.256000000000000005e-01
3.178000000000000269e-01
3.055999999999999828e-01
3.311999999999999944e-01
3.108000000000000207e-01
3.118000000000000216e-01
2.938000000000000056e-01
3.270000000000000129e-01
3.240000000000000102e-01
3.267999999999999794e-01
3.264000000000000234e-01
3.128000000000000225e-01
3.171999999999999820e-01
3.145999999999999908e-01
2.992000000000000215e-01
2.999999999999999889e-01
2.700000000000000178e-01
2.733999999999999764e-01
2.640000000000000124e-01
2.627999999999999781e-01
2.902000000000000135e-01
2.674000000000000266e-01
2.902000000000000135e-01
3.168000000000000260e-01
2.969999999999999862e-01
3.170000000000000040e-01
3.174000000000000155e-01
3.326000000000000068e-01
3.266000000000000014e-01
3.276000000000000023e-01
3.393999999999999795e-01
3.820000000000000062e-01
3.837999999999999745e-01
4.013999999999999790e-01
3.552000000000000157e-01
3.699999999999999956e-01
3.960000000000000187e-01
4.056000000000000161e-01
4.176000000000000267e-01
4.275999999999999801e-01
4.341999999999999749e-01
4.537999999999999812e-01
4.477999999999999758e-01
4.682000000000000051e-01
4.815999999999999726e-01
4.884000000000000008e-01
4.914000000000000035e-01
4.984000000000000097e-01
4.802000000000000157e-01
4.554000000000000270e-01
4.586000000000000076e-01
4.520000000000000129e-01
4.395999999999999908e-01
4.405999999999999917e-01
4.338000000000000189e-01
4.331999999999999740e-01
4.611999999999999988e-01
4.808000000000000052e-01
4.998000000000000220e-01
4.796000000000000263e-01
4.573999999999999733e-01
4.242000000000000215e-01
4.319999999999999951e-01
4.043999999999999817e-01
4.328000000000000180e-01
4.229999999999999871e-01
4.248000000000000109e-01
3.881999999999999895e-01
3.860000000000000098e-01
3.804000000000000159e-01
3.704000000000000070e-01
3.804000000000000159e-01
3.794000000000000150e-01
4.106000000000000205e-01
3.961999999999999966e-01
4.302000000000000268e-01
4.530000000000000138e-01
4.812000000000000166e-01
4.825999999999999734e-01
4.348000000000000198e-01
4.262000000000000233e-01
3.718000000000000194e-01
3.608000000000000096e-01
3.373999999999999777e-01
3.148000000000000242e-01
2.756000000000000116e-01
2.386000000000000065e-01
2.253999999999999893e-01
1.907999999999999974e-01
1.700000000000000122e-01
1.345999999999999974e-01
1.185999999999999971e-01
9.539999999999999869e-02
8.019999999999999352e-02
5.559999999999999665e-02
4.839999999999999858e-02
3.960000000000000325e-02
3.180000000000000188e-02
2.840000000000000163e-02
3.039999999999999994e-02
2.580000000000000002e-02
3.559999999999999970e-02
3.479999999999999760e-02
5.040000000000000036e-02
5.940000000000000141e-02
7.359999999999999876e-02
6.980000000000000093e-02
8.719999999999999973e-02
8.980000000000000482e-02
1.178000000000000019e-01
1.461999999999999966e-01
1.535999999999999865e-01
1.837999999999999912e-01
1.685999999999999999e-01
1.778000000000000136e-01
1.912000000000000088e-01
2.561999999999999833e-01
2.381999999999999951e-01
2.597999999999999754e-01
2.641999999999999904e-01
2.928000000000000047e-01
3.068000000000000171e-01
3.260000000000000120e-01
3.264000000000000234e-01
3.420000000000000262e-01
3.548000000000000043e-01
3.644000000000000017e-01
3.612000000000000210e-01
3.608000000000000096e-01
3.877999999999999781e-01
3.780000000000000027e-01
3.817999999999999727e-01
4.063999999999999835e-01
4.531999999999999917e-01
4.435999999999999943e-01
4.941999999999999726e-01
4.778000000000000025e-01
4.561999999999999944e-01
4.617999999999999883e-01
4.617999999999999883e-01
4.904000000000000026e-01
4.620000000000000218e-01
4.630000000000000226e-01
4.520000000000000129e-01
4.325999999999999845e-01
4.083999999999999853e-01
3.804000000000000159e-01
3.543999999999999928e-01
3.442000000000000060e-01
3.317999999999999838e-01
3.264000000000000234e-01
3.018000000000000127e-01
2.584000000000000186e-01
2.245999999999999941e-01
1.894000000000000128e-01
1.738000000000000100e-01
1.693999999999999950e-01
1.711999999999999911e-01
1.489999999999999936e-01
1.390000000000000124e-01
1.243999999999999967e-01
1.202000000000000013e-01
1.024000000000000049e-01
1.028000000000000025e-01
1.335999999999999965e-01
1.668000000000000038e-01
1.565999999999999892e-01
1.555999999999999883e-01
1.739999999999999880e-01
1.826000000000000123e-01
1.708000000000000074e-01
1.869999999999999996e-01
1.794000000000000039e-01
1.562000000000000055e-01
1.603999999999999870e-01
1.673999999999999932e-01
1.756000000000000061e-01
1.787999999999999867e-01
1.847999999999999921e-01
1.884000000000000119e-01
2.011999999999999900e-01
1.902000000000000079e-01
1.661999999999999866e-01
1.799999999999999933e-01
1.554000000000000103e-01
1.451999999999999957e-01
1.468000000000000138e-01
1.398000000000000076e-01
1.388000000000000067e-01
1.512000000000000011e-01
1.559999999999999998e-01
1.428000000000000103e-01
1.423999999999999988e-01
1.497999999999999887e-01
1.728000000000000091e-01
1.791999999999999982e-01
1.791999999999999982e-01
1.754000000000000004e-01
1.857999999999999929e-01
2.101999999999999980e-01
2.265999999999999959e-01
2.505999999999999894e-01
2.489999999999999991e-01
2.437999999999999889e-01
2.740000000000000213e-01
2.601999999999999869e-01
2.757999999999999896e-01
2.644000000000000239e-01
2.926000000000000267e-01
3.104000000000000092e-01
3.294000000000000261e-01
3.343999999999999750e-01
3.496000000000000218e-01
3.347999999999999865e-01
3.459999999999999742e-01
3.748000000000000220e-01
3.652000000000000246e-01
3.608000000000000096e-01
3.835999999999999965e-01
3.817999999999999727e-01
4.082000000000000073e-01
4.358000000000000207e-01
4.391999999999999793e-01
4.309999999999999942e-01
4.314000000000000057e-01
4.329999999999999960e-01
4.122000000000000108e-01
4.520000000000000129e-01
4.554000000000000270e-01
4.540000000000000147e-01
4.778000000000000025e-01
4.863999999999999990e-01
5.010000000000000009e-01
4.680000000000000271e-01
4.544000000000000261e-01
4.703999999999999848e-01
4.733999999999999875e-01
4.611999999999999988e-01
4.219999999999999862e-01
4.315999999999999837e-01
4.706000000000000183e-01
5.051999999999999824e-01
5.008000000000000229e-01
4.727999999999999980e-01
4.567999999999999838e-01
4.073999999999999844e-01
4.006000000000000116e-01
3.221999999999999864e-01
2.978000000000000091e-01
2.580000000000000071e-01
2.272000000000000131e-01
2.525999999999999912e-01
2.146000000000000130e-01
2.293999999999999928e-01
2.099999999999999922e-01
2.033999999999999975e-01
1.968000000000000027e-01
1.623999999999999888e-01
1.535999999999999865e-01
1.213999999999999940e-01
1.232000000000000040e-01
1.063999999999999946e-01
9.879999999999999893e-02
8.060000000000000497e-02
7.420000000000000207e-02
6.840000000000000246e-02
5.059999999999999915e-02
5.040000000000000036e-02
5.340000000000000302e-02
5.319999999999999729e-02
5.059999999999999915e-02
4.519999999999999712e-02
5.199999999999999761e-02
5.279999999999999971e-02
6.219999999999999835e-02
5.619999999999999996e-02
6.640000000000000069e-02
4.900000000000000189e-02
4.320000000000000229e-02
3.640000000000000180e-02
4.080000000000000293e-02
2.800000000000000058e-02
3.479999999999999760e-02
2.779999999999999832e-02
2.819999999999999937e-02
2.800000000000000058e-02
2.719999999999999848e-02
2.680000000000000090e-02
2.520000000000000018e-02
3.099999999999999978e-02
3.259999999999999704e-02
3.980000000000000204e-02
4.479999999999999954e-02
5.360000000000000181e-02
4.839999999999999858e-02
6.600000000000000311e-02
7.939999999999999836e-02
8.160000000000000586e-02
9.840000000000000135e-02
9.959999999999999409e-02
1.174000000000000044e-01
1.277999999999999969e-01
1.653999999999999915e-01
2.147999999999999909e-01
2.338000000000000078e-01
