1.786000000000000087e-01
1.663999999999999924e-01
1.638000000000000012e-01
1.668000000000000038e-01
1.675999999999999990e-01
1.847999999999999921e-01
1.731999999999999929e-01
1.809999999999999942e-01
1.731999999999999929e-01
2.310000000000000109e-01
2.139999999999999958e-01
2.177999999999999936e-01
2.280000000000000082e-01
2.577999999999999736e-01
2.661999999999999922e-01
2.654000000000000248e-01
2.762000000000000011e-01
2.565999999999999948e-01
2.727999999999999869e-01
3.144000000000000128e-01
3.729999999999999982e-01
4.060000000000000275e-01
3.556000000000000272e-01
3.049999999999999933e-01
3.300000000000000155e-01
4.274000000000000021e-01
3.260000000000000120e-01
3.412000000000000033e-01
3.629999999999999893e-01
3.331999999999999962e-01
3.099999999999999978e-01
3.029999999999999916e-01
3.191999999999999837e-01
3.513999999999999901e-01
4.292000000000000259e-01
3.131999999999999784e-01
2.497999999999999943e-01
2.407999999999999863e-01
3.623999999999999999e-01
4.693999999999999839e-01
4.815999999999999726e-01
4.364000000000000101e-01
4.126000000000000223e-01
2.590000000000000080e-01
2.469999999999999973e-01
1.228000000000000064e-01
7.599999999999999811e-02
3.300000000000000155e-02
2.740000000000000074e-02
2.939999999999999905e-02
2.560000000000000123e-02
1.199999999999999895e-03
1.600000000000000077e-03
1.000000000000000021e-03
7.599999999999999985e-03
6.000000000000000125e-03
1.600000000000000077e-03
1.000000000000000021e-03
4.000000000000000192e-04
1.000000000000000021e-03
1.399999999999999986e-03
1.199999999999999895e-03
8.000000000000000383e-04
5.999999999999999474e-04
1.399999999999999986e-03
1.600000000000000077e-03
8.000000000000000383e-04
9.799999999999999684e-03
1.080000000000000057e-02
2.359999999999999945e-02
2.539999999999999897e-02
2.740000000000000074e-02
8.160000000000000586e-02
1.439999999999999891e-01
1.371999999999999886e-01
1.393999999999999961e-01
1.726000000000000034e-01
1.923999999999999877e-01
2.156000000000000139e-01
2.446000000000000119e-01
2.376000000000000056e-01
3.052000000000000268e-01
3.227999999999999758e-01
3.605999999999999761e-01
3.810000000000000053e-01
3.721999999999999753e-01
4.249999999999999889e-01
4.138000000000000012e-01
4.288000000000000145e-01
4.617999999999999883e-01
4.945999999999999841e-01
4.988000000000000211e-01
4.944000000000000061e-01
4.918000000000000149e-01
4.984000000000000097e-01
4.809999999999999831e-01
3.867999999999999772e-01
3.805999999999999939e-01
3.718000000000000194e-01
2.657999999999999807e-01
1.978000000000000036e-01
2.394000000000000017e-01
4.092000000000000082e-01
4.474000000000000199e-01
4.971999999999999753e-01
4.693999999999999839e-01
4.793999999999999928e-01
4.955999999999999850e-01
4.460000000000000075e-01
4.233999999999999986e-01
3.876000000000000001e-01
3.825999999999999956e-01
3.598000000000000087e-01
3.734000000000000097e-01
3.595999999999999752e-01
3.503999999999999893e-01
3.509999999999999787e-01
4.020000000000000240e-01
3.714000000000000079e-01
3.911999999999999922e-01
3.993999999999999773e-01
3.890000000000000124e-01
3.672000000000000264e-01
3.383999999999999786e-01
3.499999999999999778e-01
3.582000000000000184e-01
3.538000000000000034e-01
3.625999999999999779e-01
3.416000000000000147e-01
3.131999999999999784e-01
2.989999999999999880e-01
2.710000000000000187e-01
2.272000000000000131e-01
2.084000000000000019e-01
2.233999999999999875e-01
2.617999999999999772e-01
2.411999999999999977e-01
2.321999999999999897e-01
1.912000000000000088e-01
1.806000000000000105e-01
1.960000000000000075e-01
2.069999999999999896e-01
2.003999999999999948e-01
1.199999999999999956e-01
9.520000000000000684e-02
9.840000000000000135e-02
9.099999999999999756e-02
6.320000000000000617e-02
4.019999999999999962e-02
4.059999999999999720e-02
2.860000000000000042e-02
2.440000000000000155e-02
7.599999999999999985e-03
8.000000000000000167e-03
8.999999999999999320e-03
8.600000000000000006e-03
5.400000000000000286e-03
8.000000000000000383e-04
1.199999999999999895e-03
4.000000000000000192e-04
1.399999999999999986e-03
1.000000000000000021e-03
1.199999999999999895e-03
1.000000000000000021e-03
1.000000000000000021e-03
2.000000000000000096e-04
1.199999999999999895e-03
1.799999999999999951e-03
2.799999999999999972e-03
5.999999999999999474e-04
1.600000000000000077e-03
1.600000000000000077e-03
8.000000000000000383e-04
8.000000000000000383e-04
5.999999999999999474e-04
2.400000000000000050e-02
5.199999999999999761e-02
8.519999999999999796e-02
9.279999999999999361e-02
8.759999999999999731e-02
8.480000000000000038e-02
8.680000000000000215e-02
1.212000000000000022e-01
1.282000000000000084e-01
1.922000000000000097e-01
1.764000000000000012e-01
1.837999999999999912e-01
2.021999999999999909e-01
2.560000000000000053e-01
2.919999999999999818e-01
3.200000000000000067e-01
2.916000000000000258e-01
3.563999999999999946e-01
3.735999999999999877e-01
3.901999999999999913e-01
3.860000000000000098e-01
4.138000000000000012e-01
4.097999999999999976e-01
4.391999999999999793e-01
4.129999999999999782e-01
3.830000000000000071e-01
3.731999999999999762e-01
4.067999999999999949e-01
3.971999999999999975e-01
4.123999999999999888e-01
4.278000000000000136e-01
4.308000000000000163e-01
4.385999999999999899e-01
4.414000000000000146e-01
4.309999999999999942e-01
4.302000000000000268e-01
4.344000000000000083e-01
4.637999999999999901e-01
4.133999999999999897e-01
3.910000000000000142e-01
4.351999999999999758e-01
4.116000000000000214e-01
3.981999999999999984e-01
3.403999999999999804e-01
3.161999999999999811e-01
2.489999999999999991e-01
2.096000000000000085e-01
2.720000000000000195e-01
2.703999999999999737e-01
3.119999999999999996e-01
3.121999999999999775e-01
3.406000000000000139e-01
4.188000000000000056e-01
3.502000000000000113e-01
4.324000000000000066e-01
4.613999999999999768e-01
5.071999999999999842e-01
4.212000000000000188e-01
4.254000000000000004e-01
4.050000000000000266e-01
3.987999999999999878e-01
3.821999999999999842e-01
3.774000000000000132e-01
3.430000000000000271e-01
3.304000000000000270e-01
3.301999999999999935e-01
4.036000000000000143e-01
3.970000000000000195e-01
4.739999999999999769e-01
4.193999999999999950e-01
4.460000000000000075e-01
4.819999999999999840e-01
4.964000000000000079e-01
4.979999999999999982e-01
5.056000000000000494e-01
4.410000000000000031e-01
4.298000000000000154e-01
4.063999999999999835e-01
3.785999999999999921e-01
3.201999999999999846e-01
3.679999999999999938e-01
3.161999999999999811e-01
2.333999999999999964e-01
2.454000000000000070e-01
1.980000000000000093e-01
1.975999999999999979e-01
1.527999999999999914e-01
1.726000000000000034e-01
1.360000000000000098e-01
8.440000000000000280e-02
1.004000000000000031e-01
1.068000000000000060e-01
1.260000000000000009e-01
1.620000000000000051e-01
2.021999999999999909e-01
2.081999999999999962e-01
2.285999999999999976e-01
2.154000000000000081e-01
2.717999999999999861e-01
3.689999999999999947e-01
4.258000000000000118e-01
4.680000000000000271e-01
4.722000000000000086e-01
4.138000000000000012e-01
2.630000000000000115e-01
2.591999999999999860e-01
2.484000000000000097e-01
2.051999999999999935e-01
1.952000000000000124e-01
2.001999999999999891e-01
1.380000000000000115e-01
7.159999999999999698e-02
7.159999999999999698e-02
6.339999999999999802e-02
8.119999999999999440e-02
8.019999999999999352e-02
8.319999999999999618e-02
8.440000000000000280e-02
9.080000000000000571e-02
8.999999999999999667e-02
6.959999999999999520e-02
2.939999999999999905e-02
2.299999999999999961e-02
2.639999999999999986e-02
2.500000000000000139e-02
4.220000000000000140e-02
8.200000000000000691e-03
7.000000000000000146e-03
7.000000000000000146e-03
7.799999999999999642e-03
7.799999999999999642e-03
1.399999999999999986e-03
1.199999999999999895e-03
2.359999999999999945e-02
1.799999999999999864e-02
3.540000000000000091e-02
2.400000000000000050e-02
2.060000000000000026e-02
2.340000000000000066e-02
6.740000000000000158e-02
6.779999999999999916e-02
8.219999999999999529e-02
1.700000000000000122e-01
1.761999999999999955e-01
1.681999999999999884e-01
2.268000000000000016e-01
2.580000000000000071e-01
2.661999999999999922e-01
2.472000000000000031e-01
2.647999999999999798e-01
2.667999999999999816e-01
1.751999999999999946e-01
1.736000000000000043e-01
1.134000000000000008e-01
1.524000000000000077e-01
1.423999999999999988e-01
1.612000000000000099e-01
2.064000000000000001e-01
2.129999999999999949e-01
1.932000000000000106e-01
2.772000000000000020e-01
3.164000000000000146e-01
3.486000000000000210e-01
3.575999999999999734e-01
3.347999999999999865e-01
3.901999999999999913e-01
3.538000000000000034e-01
3.800000000000000044e-01
4.444000000000000172e-01
4.743999999999999884e-01
4.968000000000000194e-01
4.516000000000000014e-01
3.254000000000000226e-01
2.731999999999999984e-01
1.980000000000000093e-01
2.099999999999999922e-01
1.454000000000000015e-01
1.532000000000000028e-01
1.471999999999999975e-01
1.544000000000000095e-01
1.466000000000000081e-01
9.900000000000000466e-02
1.736000000000000043e-01
1.486000000000000099e-01
1.481999999999999984e-01
1.628000000000000003e-01
1.817999999999999894e-01
2.000000000000000111e-01
1.471999999999999975e-01
1.819999999999999951e-01
1.942000000000000115e-01
2.056000000000000050e-01
1.993999999999999939e-01
2.026000000000000023e-01
2.111999999999999988e-01
1.925999999999999934e-01
1.935999999999999943e-01
1.839999999999999969e-01
1.816000000000000114e-01
1.822000000000000008e-01
1.806000000000000105e-01
1.648000000000000020e-01
1.638000000000000012e-01
1.574000000000000121e-01
1.595999999999999919e-01
1.610000000000000042e-01
1.814000000000000057e-01
2.048000000000000098e-01
2.343999999999999972e-01
2.094000000000000028e-01
1.862000000000000044e-01
1.522000000000000020e-01
1.632000000000000117e-01
1.739999999999999880e-01
1.738000000000000100e-01
1.580000000000000016e-01
1.736000000000000043e-01
1.661999999999999866e-01
1.771999999999999964e-01
1.587999999999999967e-01
1.640000000000000069e-01
1.380000000000000115e-01
1.254000000000000115e-01
1.784000000000000030e-01
1.386000000000000010e-01
6.819999999999999674e-02
5.999999999999999778e-02
6.600000000000000311e-02
6.360000000000000375e-02
7.580000000000000626e-02
1.199999999999999956e-01
1.345999999999999974e-01
8.939999999999999336e-02
5.999999999999999778e-02
6.919999999999999762e-02
6.940000000000000335e-02
1.348000000000000032e-01
1.721999999999999920e-01
1.998000000000000054e-01
1.804000000000000048e-01
1.826000000000000123e-01
1.113999999999999990e-01
8.640000000000000457e-02
8.319999999999999618e-02
9.859999999999999321e-02
1.087999999999999939e-01
9.879999999999999893e-02
1.431999999999999940e-01
1.383999999999999952e-01
1.340000000000000080e-01
1.816000000000000114e-01
1.880000000000000004e-01
1.945999999999999952e-01
1.925999999999999934e-01
1.738000000000000100e-01
1.970000000000000084e-01
2.298000000000000043e-01
2.192000000000000060e-01
2.654000000000000248e-01
2.508000000000000229e-01
2.328000000000000069e-01
2.464000000000000079e-01
2.730000000000000204e-01
2.497999999999999943e-01
2.310000000000000109e-01
2.179999999999999993e-01
2.172000000000000042e-01
1.711999999999999911e-01
1.789999999999999925e-01
1.275999999999999912e-01
1.257999999999999952e-01
1.170000000000000068e-01
1.280000000000000027e-01
7.939999999999999836e-02
8.400000000000000522e-02
6.759999999999999343e-02
6.419999999999999318e-02
6.379999999999999560e-02
3.200000000000000067e-02
3.080000000000000099e-02
3.400000000000000244e-02
5.720000000000000084e-02
3.139999999999999736e-02
2.939999999999999905e-02
3.579999999999999849e-02
3.239999999999999825e-02
2.620000000000000107e-02
2.380000000000000171e-02
3.660000000000000059e-02
4.179999999999999688e-02
5.659999999999999754e-02
5.759999999999999842e-02
5.659999999999999754e-02
9.600000000000000200e-02
9.379999999999999449e-02
1.136000000000000065e-01
1.466000000000000081e-01
1.285999999999999921e-01
1.400000000000000133e-01
1.562000000000000055e-01
2.162000000000000033e-01
2.295999999999999985e-01
2.489999999999999991e-01
2.407999999999999863e-01
2.898000000000000020e-01
2.787999999999999923e-01
3.205999999999999961e-01
2.963999999999999968e-01
3.291999999999999926e-01
3.280000000000000138e-01
3.382000000000000006e-01
3.556000000000000272e-01
3.609999999999999876e-01
3.957999999999999852e-01
3.881999999999999895e-01
4.169999999999999818e-01
4.012000000000000011e-01
3.649999999999999911e-01
3.986000000000000099e-01
3.497999999999999998e-01
3.613999999999999990e-01
3.104000000000000092e-01
3.044000000000000039e-01
2.660000000000000142e-01
2.585999999999999965e-01
2.530000000000000027e-01
2.943999999999999950e-01
2.756000000000000116e-01
2.624000000000000221e-01
2.713999999999999746e-01
2.437999999999999889e-01
2.258000000000000007e-01
1.905999999999999917e-01
2.817999999999999949e-01
1.834000000000000075e-01
2.205999999999999905e-01
2.510000000000000009e-01
1.584000000000000130e-01
1.806000000000000105e-01
1.836000000000000132e-01
1.797999999999999876e-01
1.706000000000000016e-01
1.034000000000000058e-01
1.068000000000000060e-01
1.048000000000000043e-01
1.008000000000000007e-01
8.939999999999999336e-02
1.145999999999999935e-01
1.096000000000000030e-01
3.320000000000000034e-02
2.380000000000000171e-02
2.319999999999999840e-02
2.299999999999999961e-02
2.460000000000000034e-02
2.340000000000000066e-02
2.179999999999999993e-02
2.359999999999999945e-02
2.359999999999999945e-02
2.440000000000000155e-02
4.540000000000000285e-02
1.363999999999999935e-01
1.360000000000000098e-01
1.401999999999999913e-01
1.338000000000000023e-01
1.567999999999999949e-01
2.144000000000000072e-01
2.341999999999999915e-01
2.444000000000000061e-01
2.535999999999999921e-01
2.604000000000000203e-01
2.494000000000000106e-01
2.620000000000000107e-01
2.487999999999999934e-01
3.204000000000000181e-01
3.240000000000000102e-01
3.200000000000000067e-01
3.711999999999999744e-01
3.456000000000000183e-01
3.205999999999999961e-01
3.158000000000000251e-01
3.503999999999999893e-01
4.052000000000000046e-01
3.644000000000000017e-01
3.705999999999999850e-01
3.953999999999999737e-01
3.876000000000000001e-01
4.305999999999999828e-01
4.349999999999999978e-01
4.425999999999999934e-01
4.510000000000000120e-01
4.341999999999999749e-01
4.411999999999999811e-01
4.467999999999999750e-01
4.699999999999999734e-01
4.979999999999999982e-01
4.737999999999999989e-01
4.531999999999999917e-01
4.510000000000000120e-01
3.618000000000000105e-01
2.863999999999999879e-01
2.839999999999999747e-01
2.538000000000000256e-01
1.948000000000000009e-01
2.222000000000000086e-01
1.857999999999999929e-01
1.421999999999999931e-01
1.409999999999999865e-01
1.380000000000000115e-01
1.423999999999999988e-01
1.192000000000000004e-01
1.277999999999999969e-01
9.500000000000000111e-02
9.420000000000000595e-02
8.319999999999999618e-02
7.000000000000000666e-02
4.800000000000000100e-02
4.379999999999999866e-02
3.139999999999999736e-02
3.059999999999999873e-02
2.179999999999999993e-02
2.400000000000000050e-02
9.400000000000000369e-03
6.000000000000000125e-03
2.220000000000000098e-02
1.020000000000000073e-02
7.599999999999999985e-03
8.200000000000000691e-03
8.000000000000000167e-03
7.199999999999999803e-03
7.599999999999999985e-03
5.000000000000000104e-03
6.400000000000000307e-03
1.000000000000000021e-02
8.399999999999999481e-03
8.200000000000000691e-03
9.599999999999999159e-03
2.040000000000000147e-02
8.800000000000000530e-03
2.259999999999999856e-02
3.080000000000000099e-02
2.580000000000000002e-02
2.199999999999999872e-02
2.479999999999999913e-02
2.560000000000000123e-02
1.021999999999999992e-01
1.252000000000000057e-01
1.246000000000000024e-01
1.287999999999999978e-01
1.429999999999999882e-01
1.663999999999999924e-01
1.915999999999999925e-01
2.033999999999999975e-01
2.504000000000000115e-01
2.847999999999999976e-01
3.245999999999999996e-01
3.512000000000000122e-01
3.542000000000000148e-01
3.669999999999999929e-01
3.768000000000000238e-01
3.821999999999999842e-01
4.056000000000000161e-01
4.149999999999999800e-01
4.717999999999999972e-01
4.642000000000000015e-01
4.716000000000000192e-01
4.868000000000000105e-01
5.011999999999999789e-01
5.118000000000000327e-01
4.833999999999999964e-01
5.088000000000000300e-01
4.978000000000000203e-01
4.949999999999999956e-01
5.030000000000000027e-01
4.968000000000000194e-01
5.008000000000000229e-01
4.879999999999999893e-01
5.086000000000000520e-01
5.080000000000000071e-01
4.935999999999999832e-01
5.026000000000000467e-01
4.958000000000000185e-01
4.925999999999999823e-01
5.026000000000000467e-01
4.580000000000000182e-01
4.601999999999999980e-01
4.475999999999999979e-01
4.454000000000000181e-01
4.450000000000000067e-01
3.943999999999999728e-01
3.270000000000000129e-01
3.257999999999999785e-01
3.088000000000000189e-01
3.469999999999999751e-01
2.888000000000000012e-01
3.310000000000000164e-01
3.361999999999999988e-01
3.579999999999999849e-01
3.891999999999999904e-01
4.092000000000000082e-01
4.408000000000000251e-01
4.460000000000000075e-01
4.348000000000000198e-01
4.511999999999999900e-01
4.368000000000000216e-01
4.670000000000000262e-01
4.331999999999999740e-01
4.425999999999999934e-01
4.380000000000000004e-01
4.420000000000000040e-01
4.321999999999999731e-01
4.747999999999999998e-01
4.517999999999999794e-01
4.188000000000000056e-01
4.304000000000000048e-01
4.703999999999999848e-01
4.657999999999999918e-01
4.788000000000000034e-01
4.640000000000000235e-01
4.732000000000000095e-01
4.768000000000000016e-01
4.749999999999999778e-01
4.657999999999999918e-01
4.852000000000000202e-01
4.763999999999999901e-01
5.061999999999999833e-01
4.929999999999999938e-01
4.581999999999999962e-01
4.632000000000000006e-01
3.961999999999999966e-01
4.288000000000000145e-01
4.361999999999999766e-01
3.904000000000000248e-01
3.927999999999999825e-01
3.891999999999999904e-01
4.471999999999999864e-01
4.571999999999999953e-01
5.036000000000000476e-01
5.141999999999999904e-01
5.026000000000000467e-01
5.161999999999999922e-01
5.048000000000000265e-01
5.066000000000000503e-01
4.596000000000000085e-01
4.474000000000000199e-01
4.401999999999999802e-01
4.600000000000000200e-01
4.159999999999999809e-01
3.926000000000000045e-01
3.861999999999999877e-01
3.751999999999999780e-01
3.376000000000000112e-01
3.321999999999999953e-01
3.301999999999999935e-01
3.250000000000000111e-01
3.366000000000000103e-01
3.351999999999999980e-01
3.346000000000000085e-01
3.396000000000000130e-01
3.301999999999999935e-01
3.496000000000000218e-01
3.731999999999999762e-01
4.689999999999999725e-01
4.912000000000000255e-01
4.984000000000000097e-01
4.733999999999999875e-01
4.467999999999999750e-01
4.586000000000000076e-01
4.630000000000000226e-01
4.789999999999999813e-01
4.643999999999999795e-01
4.279999999999999916e-01
3.956000000000000072e-01
3.976000000000000090e-01
3.145999999999999908e-01
2.378000000000000114e-01
2.230000000000000038e-01
1.776000000000000079e-01
1.778000000000000136e-01
1.082000000000000045e-01
7.539999999999999480e-02
5.399999999999999939e-02
2.460000000000000034e-02
4.240000000000000019e-02
4.359999999999999987e-02
4.059999999999999720e-02
6.500000000000000222e-02
6.140000000000000319e-02
6.500000000000000222e-02
7.439999999999999392e-02
1.024000000000000049e-01
7.340000000000000691e-02
8.680000000000000215e-02
9.339999999999999691e-02
1.096000000000000030e-01
7.820000000000000562e-02
8.039999999999999925e-02
8.340000000000000191e-02
7.439999999999999392e-02
7.639999999999999569e-02
7.560000000000000053e-02
7.220000000000000029e-02
5.319999999999999729e-02
5.859999999999999931e-02
8.759999999999999731e-02
7.939999999999999836e-02
8.240000000000000102e-02
6.500000000000000222e-02
5.619999999999999996e-02
4.080000000000000293e-02
3.679999999999999938e-02
2.359999999999999945e-02
5.799999999999999600e-03
5.199999999999999761e-03
7.199999999999999803e-03
1.799999999999999951e-03
1.399999999999999986e-03
2.000000000000000096e-04
1.600000000000000077e-03
1.199999999999999895e-03
1.399999999999999986e-03
1.399999999999999986e-03
2.000000000000000042e-03
8.000000000000000383e-04
1.399999999999999986e-03
7.799999999999999642e-03
8.000000000000000167e-03
2.400000000000000050e-02
4.120000000000000051e-02
6.160000000000000198e-02
5.759999999999999842e-02
5.279999999999999971e-02
5.220000000000000334e-02
5.680000000000000326e-02
6.479999999999999649e-02
7.539999999999999480e-02
9.400000000000000022e-02
7.539999999999999480e-02
1.048000000000000043e-01
9.800000000000000377e-02
1.229999999999999982e-01
1.260000000000000009e-01
1.297999999999999987e-01
1.476000000000000090e-01
1.178000000000000019e-01
1.189999999999999947e-01
1.165999999999999953e-01
1.136000000000000065e-01
1.408000000000000085e-01
1.444000000000000006e-01
1.351999999999999869e-01
1.351999999999999869e-01
1.423999999999999988e-01
1.300000000000000044e-01
1.066000000000000003e-01
7.580000000000000626e-02
6.160000000000000198e-02
5.979999999999999899e-02
9.579999999999999627e-02
1.272000000000000075e-01
1.791999999999999982e-01
1.678000000000000047e-01
2.275999999999999968e-01
3.227999999999999758e-01
3.165999999999999925e-01
3.780000000000000027e-01
3.739999999999999991e-01
3.897999999999999798e-01
3.715999999999999859e-01
4.030000000000000249e-01
3.956000000000000072e-01
4.232000000000000206e-01
4.717999999999999972e-01
4.709999999999999742e-01
4.892000000000000237e-01
4.611999999999999988e-01
4.815999999999999726e-01
