3.091999999999999749e-01
3.158000000000000251e-01
4.060000000000000275e-01
4.703999999999999848e-01
4.501999999999999891e-01
4.083999999999999853e-01
3.439999999999999725e-01
3.427999999999999936e-01
3.523999999999999910e-01
3.403999999999999804e-01
3.489999999999999769e-01
3.447999999999999954e-01
2.767999999999999905e-01
3.553999999999999937e-01
3.427999999999999936e-01
3.487999999999999989e-01
3.446000000000000174e-01
3.940000000000000169e-01
3.711999999999999744e-01
4.203999999999999959e-01
4.302000000000000268e-01
4.233999999999999986e-01
4.778000000000000025e-01
5.008000000000000229e-01
4.819999999999999840e-01
4.808000000000000052e-01
4.727999999999999980e-01
3.967999999999999861e-01
2.928000000000000047e-01
1.857999999999999929e-01
1.769999999999999907e-01
6.800000000000000488e-02
3.500000000000000333e-02
3.479999999999999760e-02
2.340000000000000066e-02
2.359999999999999945e-02
8.600000000000000006e-03
6.599999999999999964e-03
6.000000000000000125e-03
6.599999999999999964e-03
7.000000000000000146e-03
1.199999999999999895e-03
5.999999999999999474e-04
1.000000000000000021e-03
1.399999999999999986e-03
4.000000000000000192e-04
1.600000000000000077e-03
1.799999999999999951e-03
1.199999999999999895e-03
5.999999999999999474e-04
5.799999999999999600e-03
9.199999999999999845e-03
8.999999999999999320e-03
8.000000000000000167e-03
6.799999999999999621e-03
7.599999999999999985e-03
8.600000000000000006e-03
7.000000000000000146e-03
6.400000000000000307e-03
8.600000000000000006e-03
9.199999999999999845e-03
8.999999999999999320e-03
9.199999999999999845e-03
2.239999999999999977e-02
2.680000000000000090e-02
2.460000000000000034e-02
2.620000000000000107e-02
2.359999999999999945e-02
2.359999999999999945e-02
2.359999999999999945e-02
2.259999999999999856e-02
2.319999999999999840e-02
2.779999999999999832e-02
2.319999999999999840e-02
2.160000000000000114e-02
2.699999999999999969e-02
2.759999999999999953e-02
2.120000000000000009e-02
4.599999999999999922e-03
9.599999999999999159e-03
5.400000000000000286e-03
7.000000000000000146e-03
9.199999999999999845e-03
7.799999999999999642e-03
7.000000000000000146e-03
2.359999999999999945e-02
7.799999999999999642e-03
8.800000000000000530e-03
7.199999999999999803e-03
2.319999999999999840e-02
5.419999999999999818e-02
8.719999999999999973e-02
8.619999999999999885e-02
1.000000000000000056e-01
1.175999999999999962e-01
1.582000000000000073e-01
2.033999999999999975e-01
2.316000000000000003e-01
2.479999999999999982e-01
2.624000000000000221e-01
2.908000000000000029e-01
2.988000000000000100e-01
2.577999999999999736e-01
2.803999999999999826e-01
2.938000000000000056e-01
3.371999999999999997e-01
3.719999999999999973e-01
3.691999999999999726e-01
3.785999999999999921e-01
3.655999999999999805e-01
4.102000000000000091e-01
4.577999999999999847e-01
4.852000000000000202e-01
5.060000000000000053e-01
4.822000000000000175e-01
4.848000000000000087e-01
4.888000000000000123e-01
4.783999999999999919e-01
4.577999999999999847e-01
4.616000000000000103e-01
4.202000000000000179e-01
4.295999999999999819e-01
4.248000000000000109e-01
4.213999999999999968e-01
4.359999999999999987e-01
3.800000000000000044e-01
3.699999999999999956e-01
3.407999999999999918e-01
3.009999999999999898e-01
2.945999999999999730e-01
2.741999999999999993e-01
2.797999999999999932e-01
2.680000000000000160e-01
2.544000000000000150e-01
1.670000000000000095e-01
1.787999999999999867e-01
1.293999999999999873e-01
1.267999999999999960e-01
1.419999999999999873e-01
1.416000000000000036e-01
1.398000000000000076e-01
6.339999999999999802e-02
7.340000000000000691e-02
8.400000000000000522e-02
1.019999999999999934e-01
1.222000000000000031e-01
1.711999999999999911e-01
1.622000000000000108e-01
2.020000000000000129e-01
1.832000000000000017e-01
1.671999999999999875e-01
1.564000000000000112e-01
1.275999999999999912e-01
1.226000000000000006e-01
1.103999999999999981e-01
1.131999999999999951e-01
9.639999999999999958e-02
9.400000000000000022e-02
9.080000000000000571e-02
1.137999999999999984e-01
1.123999999999999999e-01
9.039999999999999425e-02
9.420000000000000595e-02
8.799999999999999489e-02
8.440000000000000280e-02
8.440000000000000280e-02
6.439999999999999891e-02
6.859999999999999432e-02
7.739999999999999658e-02
7.539999999999999480e-02
7.520000000000000295e-02
2.479999999999999913e-02
1.199999999999999895e-03
1.600000000000000077e-03
1.000000000000000021e-03
8.000000000000000383e-04
1.000000000000000021e-03
2.000000000000000042e-03
8.000000000000000383e-04
1.399999999999999986e-03
1.000000000000000021e-03
1.399999999999999986e-03
1.000000000000000021e-03
1.199999999999999895e-03
1.199999999999999895e-03
1.399999999999999986e-03
8.000000000000000383e-04
1.000000000000000021e-03
5.999999999999999474e-04
1.799999999999999951e-03
1.000000000000000021e-03
1.399999999999999986e-03
2.000000000000000042e-03
1.600000000000000077e-03
1.600000000000000077e-03
1.199999999999999895e-03
5.999999999999999474e-04
5.999999999999999474e-04
2.399999999999999790e-03
1.000000000000000021e-03
1.000000000000000021e-03
1.600000000000000077e-03
4.000000000000000192e-04
5.999999999999999474e-04
1.000000000000000021e-03
5.999999999999999474e-04
1.199999999999999895e-03
5.999999999999999474e-04
1.799999999999999951e-03
8.000000000000000383e-04
8.000000000000000383e-04
8.000000000000000383e-04
1.000000000000000021e-03
5.999999999999999474e-04
1.000000000000000021e-03
1.399999999999999986e-03
1.399999999999999986e-03
1.600000000000000077e-03
1.799999999999999951e-03
1.000000000000000021e-03
1.199999999999999895e-03
1.600000000000000077e-03
1.000000000000000021e-03
1.600000000000000077e-03
2.000000000000000096e-04
1.000000000000000021e-03
5.999999999999999474e-04
8.000000000000000383e-04
1.399999999999999986e-03
8.000000000000000383e-04
1.199999999999999895e-03
1.399999999999999986e-03
8.000000000000000383e-04
9.199999999999999845e-03
8.600000000000000006e-03
1.140000000000000041e-02
6.799999999999999621e-03
1.000000000000000021e-03
1.199999999999999895e-03
5.999999999999999474e-04
1.399999999999999986e-03
9.199999999999999845e-03
8.000000000000000167e-03
7.199999999999999803e-03
5.599999999999999943e-03
6.199999999999999782e-03
6.799999999999999621e-03
7.199999999999999803e-03
6.799999999999999621e-03
9.799999999999999684e-03
8.999999999999999320e-03
2.479999999999999913e-02
2.460000000000000034e-02
2.040000000000000147e-02
2.160000000000000114e-02
2.280000000000000082e-02
4.059999999999999720e-02
3.540000000000000091e-02
3.660000000000000059e-02
2.419999999999999929e-02
4.080000000000000293e-02
3.839999999999999664e-02
4.279999999999999777e-02
3.860000000000000236e-02
4.320000000000000229e-02
4.000000000000000083e-02
4.299999999999999656e-02
3.899999999999999994e-02
4.220000000000000140e-02
6.320000000000000617e-02
6.140000000000000319e-02
6.579999999999999738e-02
7.920000000000000651e-02
5.500000000000000028e-02
8.500000000000000611e-02
1.226000000000000006e-01
1.008000000000000007e-01
1.103999999999999981e-01
1.658000000000000029e-01
1.645999999999999963e-01
1.680000000000000104e-01
1.433999999999999997e-01
1.431999999999999940e-01
1.474000000000000032e-01
1.456000000000000072e-01
1.255999999999999894e-01
1.123999999999999999e-01
1.083999999999999964e-01
1.034000000000000058e-01
6.019999999999999657e-02
4.019999999999999962e-02
2.340000000000000066e-02
7.599999999999999985e-03
6.799999999999999621e-03
1.020000000000000073e-02
1.140000000000000041e-02
8.999999999999999320e-03
1.199999999999999895e-03
2.000000000000000042e-03
8.000000000000000383e-04
8.000000000000000383e-04
2.000000000000000096e-04
8.000000000000000383e-04
1.399999999999999986e-03
1.000000000000000021e-03
1.199999999999999895e-03
2.399999999999999790e-03
1.600000000000000077e-03
1.199999999999999895e-03
1.399999999999999986e-03
1.000000000000000021e-03
8.200000000000000691e-03
7.000000000000000146e-03
8.399999999999999481e-03
7.000000000000000146e-03
2.639999999999999986e-02
1.980000000000000163e-02
2.359999999999999945e-02
3.080000000000000099e-02
2.719999999999999848e-02
2.280000000000000082e-02
2.299999999999999961e-02
2.580000000000000002e-02
3.020000000000000115e-02
3.300000000000000155e-02
6.260000000000000286e-02
5.399999999999999939e-02
4.660000000000000253e-02
4.200000000000000261e-02
5.940000000000000141e-02
6.980000000000000093e-02
6.219999999999999835e-02
5.199999999999999761e-02
4.240000000000000019e-02
2.580000000000000002e-02
3.839999999999999664e-02
2.199999999999999872e-02
2.100000000000000130e-02
2.680000000000000090e-02
2.280000000000000082e-02
2.860000000000000042e-02
3.139999999999999736e-02
3.400000000000000244e-02
2.599999999999999881e-02
3.400000000000000244e-02
4.440000000000000197e-02
6.880000000000000004e-02
6.900000000000000577e-02
2.220000000000000098e-02
2.599999999999999881e-02
2.800000000000000058e-02
3.300000000000000155e-02
2.120000000000000009e-02
3.960000000000000325e-02
2.220000000000000098e-02
2.359999999999999945e-02
1.060000000000000005e-02
2.299999999999999961e-02
2.380000000000000171e-02
2.380000000000000171e-02
2.699999999999999969e-02
2.560000000000000123e-02
2.479999999999999913e-02
2.620000000000000107e-02
2.380000000000000171e-02
2.460000000000000034e-02
2.139999999999999888e-02
2.699999999999999969e-02
2.419999999999999929e-02
3.799999999999999906e-02
2.639999999999999986e-02
2.680000000000000090e-02
7.000000000000000146e-03
6.599999999999999964e-03
5.199999999999999761e-03
7.400000000000000328e-03
1.000000000000000021e-03
1.000000000000000021e-03
1.799999999999999951e-03
8.000000000000000383e-04
1.199999999999999895e-03
1.799999999999999951e-03
1.399999999999999986e-03
1.199999999999999895e-03
2.000000000000000042e-03
8.000000000000000383e-04
4.000000000000000192e-04
1.000000000000000021e-03
1.000000000000000021e-03
1.399999999999999986e-03
8.399999999999999481e-03
8.000000000000000167e-03
9.199999999999999845e-03
7.000000000000000146e-03
2.719999999999999848e-02
2.359999999999999945e-02
2.340000000000000066e-02
8.399999999999999481e-03
6.400000000000000307e-03
7.799999999999999642e-03
7.599999999999999985e-03
2.380000000000000171e-02
2.800000000000000058e-02
2.199999999999999872e-02
5.599999999999999943e-03
2.400000000000000050e-02
4.039999999999999841e-02
4.259999999999999898e-02
4.080000000000000293e-02
4.420000000000000318e-02
5.619999999999999996e-02
2.100000000000000130e-02
2.239999999999999977e-02
2.599999999999999881e-02
2.040000000000000147e-02
2.299999999999999961e-02
2.060000000000000026e-02
2.040000000000000147e-02
2.539999999999999897e-02
2.199999999999999872e-02
2.179999999999999993e-02
2.220000000000000098e-02
2.100000000000000130e-02
1.919999999999999832e-02
3.239999999999999825e-02
2.199999999999999872e-02
2.400000000000000050e-02
2.319999999999999840e-02
2.079999999999999905e-02
2.699999999999999969e-02
2.259999999999999856e-02
2.179999999999999993e-02
2.299999999999999961e-02
7.000000000000000146e-03
8.000000000000000167e-03
8.800000000000000530e-03
1.000000000000000021e-02
8.399999999999999481e-03
7.400000000000000328e-03
6.799999999999999621e-03
5.999999999999999474e-04
1.199999999999999895e-03
8.000000000000000383e-04
8.999999999999999320e-03
6.599999999999999964e-03
8.600000000000000006e-03
7.000000000000000146e-03
6.799999999999999621e-03
5.400000000000000286e-03
8.800000000000000530e-03
2.259999999999999856e-02
2.019999999999999921e-02
2.139999999999999888e-02
2.079999999999999905e-02
2.340000000000000066e-02
2.299999999999999961e-02
2.539999999999999897e-02
2.299999999999999961e-02
2.419999999999999929e-02
2.620000000000000107e-02
2.520000000000000018e-02
2.939999999999999905e-02
2.599999999999999881e-02
2.299999999999999961e-02
2.060000000000000026e-02
2.359999999999999945e-02
2.400000000000000050e-02
3.119999999999999857e-02
3.080000000000000099e-02
3.259999999999999704e-02
2.520000000000000018e-02
2.539999999999999897e-02
2.520000000000000018e-02
2.299999999999999961e-02
1.859999999999999848e-02
2.860000000000000042e-02
2.259999999999999856e-02
2.179999999999999993e-02
2.560000000000000123e-02
2.759999999999999953e-02
1.880000000000000074e-02
8.399999999999999481e-03
8.399999999999999481e-03
5.999999999999999474e-04
1.399999999999999986e-03
8.000000000000000383e-04
1.399999999999999986e-03
1.600000000000000077e-03
8.000000000000000383e-04
8.000000000000000383e-04
1.199999999999999895e-03
1.199999999999999895e-03
8.000000000000000383e-04
1.199999999999999895e-03
1.399999999999999986e-03
4.000000000000000192e-04
1.399999999999999986e-03
8.000000000000000383e-04
2.000000000000000096e-04
1.000000000000000021e-03
1.399999999999999986e-03
1.399999999999999986e-03
1.199999999999999895e-03
7.599999999999999985e-03
7.799999999999999642e-03
8.999999999999999320e-03
2.359999999999999945e-02
2.259999999999999856e-02
4.220000000000000140e-02
3.880000000000000115e-02
4.220000000000000140e-02
3.719999999999999696e-02
6.759999999999999343e-02
6.099999999999999867e-02
6.180000000000000077e-02
6.560000000000000553e-02
6.279999999999999472e-02
5.720000000000000084e-02
6.819999999999999674e-02
4.519999999999999712e-02
4.080000000000000293e-02
4.000000000000000083e-02
4.159999999999999809e-02
8.399999999999999481e-03
2.100000000000000130e-02
2.179999999999999993e-02
8.999999999999999320e-03
8.200000000000000691e-03
1.000000000000000021e-03
1.799999999999999951e-03
6.599999999999999964e-03
8.999999999999999320e-03
6.000000000000000125e-03
1.000000000000000021e-03
1.199999999999999895e-03
8.600000000000000006e-03
7.799999999999999642e-03
6.400000000000000307e-03
7.599999999999999985e-03
6.599999999999999964e-03
8.000000000000000383e-04
6.400000000000000307e-03
7.400000000000000328e-03
7.000000000000000146e-03
1.000000000000000021e-03
6.799999999999999621e-03
8.399999999999999481e-03
7.799999999999999642e-03
9.599999999999999159e-03
1.600000000000000077e-03
1.399999999999999986e-03
1.000000000000000021e-03
4.000000000000000192e-04
1.600000000000000077e-03
1.199999999999999895e-03
2.399999999999999790e-03
1.600000000000000077e-03
5.999999999999999474e-04
4.000000000000000192e-04
1.399999999999999986e-03
1.399999999999999986e-03
7.599999999999999985e-03
7.400000000000000328e-03
9.599999999999999159e-03
6.199999999999999782e-03
5.599999999999999943e-03
8.399999999999999481e-03
8.399999999999999481e-03
6.000000000000000125e-03
8.800000000000000530e-03
6.199999999999999782e-03
8.600000000000000006e-03
6.400000000000000307e-03
5.599999999999999943e-03
7.000000000000000146e-03
7.000000000000000146e-03
6.400000000000000307e-03
2.280000000000000082e-02
2.960000000000000131e-02
2.299999999999999961e-02
2.659999999999999865e-02
2.079999999999999905e-02
2.639999999999999986e-02
2.199999999999999872e-02
2.419999999999999929e-02
2.719999999999999848e-02
2.900000000000000147e-02
2.819999999999999937e-02
3.320000000000000034e-02
2.520000000000000018e-02
3.320000000000000034e-02
3.080000000000000099e-02
2.980000000000000010e-02
3.139999999999999736e-02
3.200000000000000067e-02
2.659999999999999865e-02
4.019999999999999962e-02
3.719999999999999696e-02
6.099999999999999867e-02
6.239999999999999714e-02
6.180000000000000077e-02
7.939999999999999836e-02
1.237999999999999934e-01
1.165999999999999953e-01
1.293999999999999873e-01
1.401999999999999913e-01
1.413999999999999979e-01
1.292000000000000093e-01
1.340000000000000080e-01
1.628000000000000003e-01
1.827999999999999903e-01
2.454000000000000070e-01
2.558000000000000274e-01
3.225999999999999979e-01
3.452000000000000068e-01
3.575999999999999734e-01
3.565999999999999726e-01
4.116000000000000214e-01
4.305999999999999828e-01
4.415999999999999925e-01
4.526000000000000023e-01
4.434000000000000163e-01
4.470000000000000084e-01
4.812000000000000166e-01
4.832000000000000184e-01
4.812000000000000166e-01
4.663999999999999813e-01
4.680000000000000271e-01
4.687999999999999945e-01
4.713999999999999857e-01
4.693999999999999839e-01
4.776000000000000245e-01
4.642000000000000015e-01
4.471999999999999864e-01
4.109999999999999765e-01
3.894000000000000239e-01
3.655999999999999805e-01
3.785999999999999921e-01
3.472000000000000086e-01
3.518000000000000016e-01
3.225999999999999979e-01
2.524000000000000132e-01
2.434000000000000052e-01
2.272000000000000131e-01
2.288000000000000034e-01
2.281999999999999862e-01
2.300000000000000100e-01
2.258000000000000007e-01
2.300000000000000100e-01
2.381999999999999951e-01
2.243999999999999884e-01
2.175999999999999879e-01
2.028000000000000080e-01
2.033999999999999975e-01
2.121999999999999997e-01
2.132000000000000006e-01
2.114000000000000046e-01
2.033999999999999975e-01
2.084000000000000019e-01
1.862000000000000044e-01
1.927999999999999992e-01
1.466000000000000081e-01
1.516000000000000125e-01
1.565999999999999892e-01
1.297999999999999987e-01
1.287999999999999978e-01
1.295999999999999930e-01
1.082000000000000045e-01
8.859999999999999820e-02
7.679999999999999327e-02
8.719999999999999973e-02
9.600000000000000200e-02
9.600000000000000200e-02
9.320000000000000506e-02
8.799999999999999489e-02
9.460000000000000353e-02
9.180000000000000659e-02
9.099999999999999756e-02
8.580000000000000127e-02
8.840000000000000635e-02
8.840000000000000635e-02
9.919999999999999651e-02
9.520000000000000684e-02
8.899999999999999578e-02
8.400000000000000522e-02
8.359999999999999376e-02
1.107999999999999957e-01
1.293999999999999873e-01
1.262000000000000066e-01
1.237999999999999934e-01
1.232000000000000040e-01
1.312000000000000111e-01
1.400000000000000133e-01
1.565999999999999892e-01
1.784000000000000030e-01
1.822000000000000008e-01
1.872000000000000053e-01
1.877999999999999947e-01
1.804000000000000048e-01
1.642000000000000126e-01
1.595999999999999919e-01
1.632000000000000117e-01
1.584000000000000130e-01
1.532000000000000028e-01
1.459999999999999909e-01
1.072000000000000036e-01
1.126000000000000056e-01
1.106000000000000039e-01
9.660000000000000531e-02
5.779999999999999721e-02
7.720000000000000473e-02
4.000000000000000083e-02
7.340000000000000691e-02
1.222000000000000031e-01
9.020000000000000240e-02
8.019999999999999352e-02
8.459999999999999465e-02
1.014000000000000040e-01
1.044000000000000067e-01
1.257999999999999952e-01
1.449999999999999900e-01
1.638000000000000012e-01
1.539999999999999980e-01
1.072000000000000036e-01
1.426000000000000045e-01
1.203999999999999931e-01
1.275999999999999912e-01
1.121999999999999942e-01
6.900000000000000577e-02
6.719999999999999585e-02
1.066000000000000003e-01
9.719999999999999474e-02
6.579999999999999738e-02
3.740000000000000269e-02
3.379999999999999671e-02
1.059999999999999970e-01
1.165999999999999953e-01
1.383999999999999952e-01
1.547999999999999932e-01
1.537999999999999923e-01
1.817999999999999894e-01
1.892000000000000071e-01
1.958000000000000018e-01
2.411999999999999977e-01
2.681999999999999940e-01
2.700000000000000178e-01
2.816000000000000170e-01
2.717999999999999861e-01
3.220000000000000084e-01
3.562000000000000166e-01
3.446000000000000174e-01
3.900000000000000133e-01
4.510000000000000120e-01
4.762000000000000122e-01
4.305999999999999828e-01
4.653999999999999804e-01
4.524000000000000243e-01
4.663999999999999813e-01
4.958000000000000185e-01
4.935999999999999832e-01
5.141999999999999904e-01
4.425999999999999934e-01
4.385999999999999899e-01
4.404000000000000137e-01
3.937999999999999834e-01
4.756000000000000227e-01
4.590000000000000191e-01
4.707999999999999963e-01
4.862000000000000210e-01
4.702000000000000068e-01
4.653999999999999804e-01
5.073999999999999622e-01
4.756000000000000227e-01
4.945999999999999841e-01
4.707999999999999963e-01
5.001999999999999780e-01
4.623999999999999777e-01
4.626000000000000112e-01
4.763999999999999901e-01
4.914000000000000035e-01
4.304000000000000048e-01
4.506000000000000005e-01
3.867999999999999772e-01
3.970000000000000195e-01
4.394000000000000128e-01
4.329999999999999960e-01
4.984000000000000097e-01
4.971999999999999753e-01
4.902000000000000246e-01
4.895999999999999797e-01
4.703999999999999848e-01
4.912000000000000255e-01
4.752000000000000113e-01
4.899999999999999911e-01
5.068000000000000282e-01
5.020000000000000018e-01
4.954000000000000070e-01
4.593999999999999750e-01
4.739999999999999769e-01
4.808000000000000052e-01
4.611999999999999988e-01
4.349999999999999978e-01
4.380000000000000004e-01
4.285999999999999810e-01
4.238000000000000100e-01
3.936000000000000054e-01
3.439999999999999725e-01
2.770000000000000240e-01
2.585999999999999965e-01
1.942000000000000115e-01
1.381999999999999895e-01
1.441999999999999948e-01
1.386000000000000010e-01
1.228000000000000064e-01
7.299999999999999545e-02
6.320000000000000617e-02
6.040000000000000230e-02
6.239999999999999714e-02
4.100000000000000172e-02
2.400000000000000050e-02
2.779999999999999832e-02
8.399999999999999481e-03
4.000000000000000192e-04
1.199999999999999895e-03
1.199999999999999895e-03
1.399999999999999986e-03
8.000000000000000383e-04
1.399999999999999986e-03
1.600000000000000077e-03
2.000000000000000042e-03
1.199999999999999895e-03
8.000000000000000383e-04
6.799999999999999621e-03
8.600000000000000006e-03
7.799999999999999642e-03
9.199999999999999845e-03
7.799999999999999642e-03
7.400000000000000328e-03
5.599999999999999943e-03
6.400000000000000307e-03
7.199999999999999803e-03
9.599999999999999159e-03
8.999999999999999320e-03
6.000000000000000125e-03
6.799999999999999621e-03
6.599999999999999964e-03
9.599999999999999159e-03
8.800000000000000530e-03
8.000000000000000167e-03
7.400000000000000328e-03
8.399999999999999481e-03
