4.815999999999999726e-01
4.954000000000000070e-01
5.011999999999999789e-01
4.295999999999999819e-01
4.013999999999999790e-01
3.774000000000000132e-01
3.134000000000000119e-01
3.642000000000000237e-01
4.138000000000000012e-01
3.748000000000000220e-01
2.932000000000000162e-01
2.172000000000000042e-01
1.426000000000000045e-01
1.632000000000000117e-01
2.363999999999999990e-01
3.230000000000000093e-01
3.738000000000000211e-01
2.707999999999999852e-01
2.908000000000000029e-01
2.514000000000000123e-01
2.933999999999999941e-01
3.175999999999999934e-01
2.932000000000000162e-01
3.105999999999999872e-01
3.662000000000000255e-01
4.474000000000000199e-01
4.331999999999999740e-01
4.096000000000000196e-01
2.597999999999999754e-01
1.907999999999999974e-01
1.431999999999999940e-01
1.102000000000000063e-01
2.479999999999999913e-02
8.600000000000000006e-03
6.799999999999999621e-03
7.000000000000000146e-03
9.599999999999999159e-03
2.659999999999999865e-02
2.419999999999999929e-02
2.060000000000000026e-02
2.359999999999999945e-02
2.239999999999999977e-02
4.259999999999999898e-02
3.699999999999999817e-02
7.639999999999999569e-02
1.348000000000000032e-01
1.658000000000000029e-01
2.194000000000000117e-01
3.134000000000000119e-01
4.032000000000000028e-01
4.264000000000000012e-01
4.657999999999999918e-01
4.882000000000000228e-01
4.506000000000000005e-01
3.931999999999999940e-01
4.243999999999999995e-01
4.139999999999999791e-01
3.729999999999999982e-01
4.037999999999999923e-01
3.741999999999999771e-01
3.960000000000000187e-01
4.349999999999999978e-01
4.132000000000000117e-01
4.162000000000000144e-01
3.801999999999999824e-01
3.250000000000000111e-01
4.146000000000000241e-01
3.704000000000000070e-01
3.128000000000000225e-01
2.938000000000000056e-01
2.597999999999999754e-01
2.369999999999999885e-01
2.518000000000000238e-01
2.713999999999999746e-01
3.039999999999999925e-01
2.912000000000000144e-01
3.665999999999999814e-01
3.946000000000000063e-01
4.556000000000000050e-01
4.331999999999999740e-01
4.315999999999999837e-01
4.782000000000000139e-01
4.623999999999999777e-01
4.176000000000000267e-01
3.956000000000000072e-01
4.687999999999999945e-01
4.254000000000000004e-01
4.195999999999999730e-01
3.370000000000000218e-01
2.570000000000000062e-01
2.783999999999999808e-01
5.068000000000000282e-01
3.575999999999999734e-01
2.932000000000000162e-01
2.644000000000000239e-01
2.288000000000000034e-01
2.328000000000000069e-01
2.225999999999999923e-01
2.396000000000000074e-01
2.106000000000000094e-01
1.575999999999999901e-01
1.600000000000000033e-01
7.520000000000000295e-02
6.079999999999999988e-02
4.000000000000000083e-02
6.140000000000000319e-02
6.140000000000000319e-02
6.060000000000000109e-02
5.779999999999999721e-02
1.328000000000000014e-01
1.507999999999999896e-01
1.718000000000000083e-01
2.033999999999999975e-01
2.288000000000000034e-01
2.243999999999999884e-01
2.707999999999999852e-01
3.008000000000000118e-01
2.247999999999999998e-01
1.549999999999999989e-01
1.083999999999999964e-01
6.759999999999999343e-02
2.920000000000000026e-02
3.080000000000000099e-02
3.059999999999999873e-02
2.680000000000000090e-02
2.019999999999999921e-02
2.160000000000000114e-02
5.799999999999999600e-03
8.600000000000000006e-03
1.199999999999999895e-03
1.000000000000000021e-03
1.399999999999999986e-03
1.000000000000000021e-03
8.000000000000000383e-04
1.799999999999999951e-03
8.000000000000000383e-04
2.000000000000000042e-03
1.399999999999999986e-03
2.000000000000000042e-03
1.199999999999999895e-03
1.799999999999999951e-03
1.799999999999999951e-03
1.799999999999999951e-03
1.000000000000000021e-03
8.000000000000000383e-04
1.199999999999999895e-03
1.399999999999999986e-03
1.000000000000000021e-03
8.000000000000000383e-04
1.600000000000000077e-03
1.399999999999999986e-03
5.999999999999999474e-04
5.999999999999999474e-04
1.000000000000000021e-03
1.199999999999999895e-03
1.600000000000000077e-03
5.999999999999999474e-04
5.999999999999999474e-04
1.000000000000000021e-03
1.799999999999999951e-03
4.000000000000000192e-04
5.999999999999999474e-04
8.000000000000000383e-04
4.000000000000000192e-04
1.199999999999999895e-03
1.600000000000000077e-03
1.399999999999999986e-03
1.000000000000000021e-03
1.199999999999999895e-03
8.000000000000000383e-04
5.999999999999999474e-04
8.000000000000000383e-04
1.199999999999999895e-03
5.999999999999999474e-04
4.000000000000000192e-04
1.199999999999999895e-03
7.000000000000000146e-03
6.599999999999999964e-03
4.000000000000000192e-04
1.600000000000000077e-03
1.199999999999999895e-03
4.000000000000000192e-04
1.399999999999999986e-03
8.000000000000000383e-04
1.399999999999999986e-03
1.600000000000000077e-03
1.199999999999999895e-03
1.000000000000000021e-03
1.199999999999999895e-03
5.999999999999999474e-04
8.000000000000000383e-04
1.799999999999999951e-03
1.199999999999999895e-03
2.000000000000000042e-03
1.000000000000000021e-03
8.000000000000000383e-04
1.600000000000000077e-03
4.000000000000000192e-04
1.000000000000000021e-03
8.000000000000000383e-04
1.199999999999999895e-03
1.000000000000000021e-03
8.200000000000000691e-03
7.400000000000000328e-03
2.759999999999999953e-02
2.220000000000000098e-02
1.980000000000000163e-02
2.299999999999999961e-02
2.440000000000000155e-02
2.280000000000000082e-02
7.799999999999999642e-03
4.000000000000000192e-04
1.600000000000000077e-03
4.000000000000000192e-04
1.000000000000000021e-03
1.000000000000000021e-03
1.199999999999999895e-03
5.599999999999999943e-03
7.000000000000000146e-03
7.000000000000000146e-03
4.400000000000000265e-03
4.799999999999999580e-03
7.400000000000000328e-03
1.000000000000000021e-03
8.399999999999999481e-03
6.799999999999999621e-03
9.599999999999999159e-03
2.399999999999999790e-03
1.000000000000000021e-03
5.999999999999999474e-04
1.799999999999999951e-03
2.000000000000000042e-03
8.000000000000000383e-04
8.000000000000000383e-04
8.000000000000000383e-04
5.999999999999999474e-04
1.000000000000000021e-03
1.000000000000000021e-03
1.799999999999999951e-03
8.000000000000000383e-04
4.000000000000000192e-04
1.199999999999999895e-03
5.999999999999999474e-04
1.399999999999999986e-03
1.000000000000000021e-03
8.000000000000000383e-04
1.799999999999999951e-03
1.799999999999999951e-03
4.000000000000000192e-04
1.600000000000000077e-03
4.000000000000000192e-04
8.000000000000000383e-04
1.799999999999999951e-03
2.000000000000000042e-03
5.999999999999999474e-04
1.399999999999999986e-03
1.399999999999999986e-03
4.000000000000000192e-04
5.999999999999999474e-04
8.000000000000000383e-04
1.600000000000000077e-03
8.000000000000000383e-04
1.799999999999999951e-03
1.000000000000000021e-03
1.000000000000000021e-03
4.000000000000000192e-04
8.000000000000000383e-04
1.000000000000000021e-03
8.000000000000000383e-04
7.199999999999999803e-03
1.039999999999999952e-02
6.400000000000000307e-03
8.000000000000000167e-03
8.399999999999999481e-03
6.599999999999999964e-03
7.400000000000000328e-03
5.400000000000000286e-03
2.220000000000000098e-02
2.319999999999999840e-02
2.599999999999999881e-02
2.380000000000000171e-02
2.299999999999999961e-02
2.680000000000000090e-02
2.179999999999999993e-02
2.199999999999999872e-02
2.680000000000000090e-02
2.380000000000000171e-02
2.319999999999999840e-02
2.220000000000000098e-02
2.359999999999999945e-02
2.440000000000000155e-02
2.280000000000000082e-02
2.359999999999999945e-02
2.539999999999999897e-02
2.160000000000000114e-02
2.319999999999999840e-02
3.740000000000000269e-02
3.400000000000000244e-02
4.259999999999999898e-02
4.420000000000000318e-02
4.220000000000000140e-02
2.239999999999999977e-02
2.280000000000000082e-02
2.220000000000000098e-02
2.380000000000000171e-02
2.280000000000000082e-02
2.000000000000000042e-02
6.400000000000000307e-03
4.000000000000000192e-04
4.000000000000000192e-04
1.600000000000000077e-03
5.999999999999999474e-04
1.000000000000000021e-03
1.600000000000000077e-03
5.999999999999999474e-04
1.799999999999999951e-03
2.000000000000000042e-03
4.000000000000000192e-04
2.000000000000000042e-03
4.000000000000000192e-04
5.999999999999999474e-04
1.000000000000000021e-03
1.199999999999999895e-03
5.999999999999999474e-04
7.799999999999999642e-03
5.000000000000000104e-03
5.599999999999999943e-03
5.400000000000000286e-03
3.420000000000000123e-02
4.580000000000000043e-02
2.179999999999999993e-02
4.100000000000000172e-02
2.460000000000000034e-02
3.359999999999999792e-02
2.740000000000000074e-02
5.400000000000000286e-03
6.199999999999999782e-03
7.799999999999999642e-03
8.800000000000000530e-03
5.599999999999999943e-03
6.400000000000000307e-03
9.199999999999999845e-03
5.599999999999999943e-03
6.400000000000000307e-03
9.400000000000000369e-03
7.199999999999999803e-03
6.599999999999999964e-03
5.000000000000000104e-03
9.400000000000000369e-03
2.659999999999999865e-02
2.340000000000000066e-02
4.039999999999999841e-02
4.120000000000000051e-02
4.379999999999999866e-02
3.819999999999999785e-02
2.299999999999999961e-02
2.280000000000000082e-02
2.120000000000000009e-02
2.479999999999999913e-02
6.880000000000000004e-02
6.980000000000000093e-02
6.479999999999999649e-02
5.580000000000000238e-02
3.259999999999999704e-02
3.020000000000000115e-02
2.340000000000000066e-02
6.079999999999999988e-02
6.320000000000000617e-02
6.679999999999999827e-02
7.399999999999999634e-02
1.052000000000000018e-01
1.733999999999999986e-01
1.363999999999999935e-01
8.939999999999999336e-02
8.440000000000000280e-02
1.198000000000000037e-01
1.867999999999999938e-01
2.836000000000000187e-01
3.038000000000000145e-01
3.936000000000000054e-01
5.041999999999999815e-01
4.779999999999999805e-01
5.096000000000000529e-01
4.944000000000000061e-01
4.948000000000000176e-01
4.632000000000000006e-01
4.979999999999999982e-01
4.385999999999999899e-01
3.244000000000000217e-01
3.340000000000000191e-01
3.659999999999999920e-01
4.828000000000000069e-01
4.381999999999999784e-01
3.685999999999999832e-01
3.612000000000000210e-01
3.150000000000000022e-01
3.476000000000000201e-01
4.955999999999999850e-01
4.928000000000000158e-01
4.544000000000000261e-01
4.073999999999999844e-01
3.598000000000000087e-01
2.703999999999999737e-01
2.531999999999999806e-01
2.313999999999999946e-01
2.275999999999999968e-01
2.796000000000000152e-01
2.793999999999999817e-01
2.371999999999999942e-01
1.897999999999999965e-01
1.806000000000000105e-01
2.358000000000000096e-01
2.952000000000000179e-01
2.916000000000000258e-01
3.904000000000000248e-01
4.053999999999999826e-01
3.635999999999999788e-01
3.124000000000000110e-01
2.581999999999999851e-01
1.668000000000000038e-01
1.625999999999999945e-01
2.078000000000000125e-01
1.890000000000000013e-01
1.461999999999999966e-01
1.170000000000000068e-01
1.948000000000000009e-01
2.474000000000000088e-01
3.131999999999999784e-01
4.596000000000000085e-01
3.811999999999999833e-01
2.510000000000000009e-01
1.774000000000000021e-01
2.510000000000000009e-01
4.178000000000000047e-01
4.020000000000000240e-01
4.245999999999999774e-01
4.480000000000000093e-01
3.184000000000000163e-01
3.669999999999999929e-01
3.774000000000000132e-01
3.685999999999999832e-01
3.678000000000000158e-01
3.934000000000000274e-01
4.727999999999999980e-01
4.653999999999999804e-01
3.639999999999999902e-01
1.971999999999999864e-01
1.408000000000000085e-01
8.659999999999999643e-02
6.539999999999999980e-02
3.440000000000000002e-02
3.099999999999999978e-02
4.599999999999999922e-02
6.759999999999999343e-02
1.287999999999999978e-01
1.464000000000000024e-01
1.963999999999999913e-01
3.140000000000000013e-01
4.660000000000000253e-01
4.242000000000000215e-01
3.417999999999999927e-01
3.094000000000000083e-01
2.827999999999999958e-01
2.703999999999999737e-01
3.804000000000000159e-01
4.138000000000000012e-01
4.607999999999999874e-01
4.904000000000000026e-01
4.939999999999999947e-01
4.716000000000000192e-01
3.920000000000000151e-01
3.190000000000000058e-01
3.256000000000000005e-01
2.376000000000000056e-01
1.602000000000000091e-01
1.117999999999999966e-01
5.879999999999999810e-02
2.239999999999999977e-02
2.160000000000000114e-02
2.340000000000000066e-02
2.239999999999999977e-02
3.139999999999999736e-02
2.939999999999999905e-02
2.340000000000000066e-02
2.520000000000000018e-02
2.239999999999999977e-02
2.400000000000000050e-02
5.659999999999999754e-02
7.620000000000000384e-02
1.151999999999999968e-01
1.205999999999999989e-01
1.218000000000000055e-01
5.940000000000000141e-02
1.277999999999999969e-01
1.312000000000000111e-01
8.480000000000000038e-02
1.049999999999999961e-01
1.539999999999999980e-01
1.572000000000000064e-01
1.675999999999999990e-01
1.673999999999999932e-01
2.030000000000000138e-01
2.721999999999999975e-01
4.928000000000000158e-01
3.366000000000000103e-01
2.671999999999999931e-01
2.414000000000000035e-01
2.020000000000000129e-01
2.222000000000000086e-01
1.660000000000000087e-01
2.691999999999999948e-01
3.392000000000000015e-01
3.245999999999999996e-01
3.317999999999999838e-01
3.168000000000000260e-01
3.382000000000000006e-01
3.382000000000000006e-01
3.055999999999999828e-01
3.623999999999999999e-01
3.512000000000000122e-01
3.916000000000000036e-01
4.073999999999999844e-01
4.136000000000000232e-01
4.464000000000000190e-01
4.577999999999999847e-01
4.835999999999999743e-01
4.163999999999999924e-01
2.968000000000000083e-01
2.548000000000000265e-01
1.607999999999999985e-01
1.584000000000000130e-01
1.179999999999999938e-01
1.391999999999999904e-01
1.307999999999999996e-01
1.739999999999999880e-01
1.865999999999999881e-01
1.436000000000000054e-01
1.361999999999999877e-01
1.254000000000000115e-01
6.140000000000000319e-02
6.619999999999999496e-02
7.380000000000000449e-02
1.330000000000000071e-01
2.139999999999999958e-01
2.401999999999999968e-01
2.826000000000000179e-01
3.516000000000000236e-01
2.832000000000000073e-01
2.320000000000000118e-01
2.066000000000000059e-01
1.577999999999999958e-01
9.679999999999999716e-02
6.799999999999999621e-03
8.000000000000000167e-03
1.859999999999999848e-02
2.319999999999999840e-02
6.360000000000000375e-02
7.240000000000000602e-02
8.419999999999999707e-02
1.228000000000000064e-01
1.642000000000000126e-01
2.869999999999999774e-01
3.724000000000000088e-01
3.459999999999999742e-01
3.725999999999999868e-01
3.934000000000000274e-01
4.361999999999999766e-01
3.940000000000000169e-01
3.628000000000000114e-01
2.902000000000000135e-01
2.597999999999999754e-01
2.918000000000000038e-01
3.632000000000000228e-01
3.536000000000000254e-01
3.694000000000000061e-01
4.275999999999999801e-01
4.591999999999999971e-01
4.153999999999999915e-01
1.246000000000000024e-01
6.819999999999999674e-02
7.000000000000000146e-03
2.920000000000000026e-02
6.819999999999999674e-02
1.690000000000000113e-01
1.980000000000000093e-01
3.008000000000000118e-01
3.356000000000000094e-01
3.548000000000000043e-01
3.300000000000000155e-01
3.568000000000000060e-01
3.973999999999999755e-01
4.255999999999999783e-01
3.750000000000000000e-01
2.373999999999999999e-01
1.396000000000000019e-01
6.060000000000000109e-02
3.239999999999999825e-02
2.639999999999999986e-02
3.660000000000000059e-02
1.899999999999999953e-02
2.139999999999999888e-02
3.200000000000000067e-02
1.136000000000000065e-01
1.446000000000000063e-01
1.358000000000000040e-01
2.331999999999999906e-01
3.247999999999999776e-01
4.138000000000000012e-01
4.136000000000000232e-01
2.561999999999999833e-01
5.120000000000000245e-02
3.280000000000000276e-02
3.300000000000000155e-02
7.459999999999999964e-02
1.141999999999999960e-01
1.477999999999999869e-01
2.116000000000000103e-01
2.011999999999999900e-01
1.799999999999999933e-01
1.545999999999999874e-01
8.219999999999999529e-02
9.160000000000000087e-02
7.679999999999999327e-02
1.409999999999999865e-01
2.295999999999999985e-01
2.384000000000000008e-01
2.544000000000000150e-01
2.763999999999999790e-01
2.752000000000000002e-01
3.714000000000000079e-01
4.183999999999999941e-01
4.623999999999999777e-01
4.282000000000000250e-01
3.775999999999999912e-01
3.430000000000000271e-01
3.331999999999999962e-01
4.148000000000000020e-01
3.951999999999999957e-01
4.358000000000000207e-01
4.889999999999999902e-01
4.225999999999999757e-01
4.964000000000000079e-01
5.026000000000000467e-01
4.829999999999999849e-01
4.666000000000000147e-01
4.573999999999999733e-01
3.957999999999999852e-01
3.423999999999999821e-01
2.879999999999999782e-01
2.484000000000000097e-01
2.132000000000000006e-01
2.220000000000000029e-01
2.810000000000000275e-01
3.184000000000000163e-01
3.689999999999999947e-01
3.632000000000000228e-01
3.499999999999999778e-01
3.022000000000000242e-01
3.420000000000000262e-01
3.754000000000000115e-01
4.047999999999999932e-01
4.793999999999999928e-01
5.000000000000000000e-01
4.961999999999999744e-01
4.746000000000000218e-01
3.556000000000000272e-01
2.647999999999999798e-01
3.407999999999999918e-01
5.076000000000000512e-01
4.571999999999999953e-01
4.000000000000000222e-01
2.843999999999999861e-01
2.407999999999999863e-01
1.779999999999999916e-01
1.748000000000000109e-01
1.642000000000000126e-01
1.154000000000000026e-01
3.839999999999999664e-02
4.059999999999999720e-02
7.000000000000000146e-03
9.400000000000000369e-03
2.560000000000000123e-02
2.479999999999999913e-02
3.119999999999999857e-02
3.020000000000000115e-02
3.280000000000000276e-02
1.000000000000000021e-03
9.199999999999999845e-03
2.000000000000000042e-03
8.399999999999999481e-03
6.180000000000000077e-02
8.680000000000000215e-02
1.096000000000000030e-01
2.923999999999999932e-01
4.063999999999999835e-01
3.718000000000000194e-01
3.089999999999999969e-01
2.912000000000000144e-01
3.508000000000000007e-01
3.089999999999999969e-01
2.706000000000000072e-01
2.772000000000000020e-01
3.634000000000000008e-01
3.234000000000000208e-01
3.678000000000000158e-01
3.071999999999999731e-01
2.416000000000000092e-01
2.194000000000000117e-01
2.424000000000000044e-01
3.492000000000000104e-01
3.578000000000000069e-01
4.092000000000000082e-01
4.941999999999999726e-01
4.666000000000000147e-01
3.304000000000000270e-01
2.807999999999999940e-01
2.873999999999999888e-01
3.217999999999999750e-01
3.125999999999999890e-01
3.761999999999999789e-01
3.770000000000000018e-01
2.943999999999999950e-01
3.427999999999999936e-01
3.456000000000000183e-01
3.659999999999999920e-01
5.040000000000000036e-01
4.566000000000000059e-01
4.813999999999999946e-01
4.036000000000000143e-01
3.815999999999999948e-01
4.753999999999999893e-01
4.746000000000000218e-01
4.991999999999999771e-01
3.884000000000000230e-01
2.836000000000000187e-01
1.884000000000000119e-01
2.059999999999999887e-01
2.575999999999999956e-01
2.686000000000000054e-01
3.251999999999999891e-01
4.979999999999999982e-01
4.146000000000000241e-01
4.647999999999999909e-01
2.570000000000000062e-01
1.456000000000000072e-01
1.421999999999999931e-01
1.942000000000000115e-01
1.710000000000000131e-01
1.559999999999999998e-01
2.081999999999999962e-01
3.220000000000000084e-01
3.860000000000000098e-01
3.976000000000000090e-01
3.731999999999999762e-01
4.657999999999999918e-01
4.298000000000000154e-01
3.099999999999999978e-01
2.030000000000000138e-01
3.191999999999999837e-01
2.570000000000000062e-01
2.185999999999999888e-01
2.585999999999999965e-01
2.301999999999999880e-01
1.713999999999999968e-01
1.552000000000000046e-01
1.718000000000000083e-01
1.741999999999999937e-01
1.758000000000000118e-01
1.880000000000000004e-01
1.824000000000000066e-01
2.018000000000000071e-01
2.081999999999999962e-01
2.088000000000000134e-01
2.058000000000000107e-01
1.638000000000000012e-01
1.469999999999999918e-01
1.236000000000000015e-01
8.119999999999999440e-02
8.039999999999999925e-02
9.619999999999999385e-02
8.079999999999999682e-02
1.044000000000000067e-01
1.262000000000000066e-01
1.174000000000000044e-01
1.078000000000000069e-01
1.215999999999999998e-01
1.246000000000000024e-01
1.228000000000000064e-01
9.979999999999999982e-02
8.640000000000000457e-02
8.319999999999999618e-02
6.759999999999999343e-02
3.020000000000000115e-02
2.520000000000000018e-02
8.999999999999999320e-03
8.800000000000000530e-03
8.399999999999999481e-03
8.999999999999999320e-03
1.000000000000000021e-03
6.400000000000000307e-03
7.199999999999999803e-03
4.299999999999999656e-02
5.999999999999999778e-02
6.119999999999999746e-02
7.620000000000000384e-02
6.379999999999999560e-02
6.919999999999999762e-02
8.459999999999999465e-02
1.315999999999999948e-01
1.282000000000000084e-01
1.307999999999999996e-01
1.257999999999999952e-01
1.277999999999999969e-01
1.228000000000000064e-01
1.011999999999999983e-01
6.660000000000000642e-02
3.400000000000000244e-02
9.400000000000000369e-03
1.199999999999999895e-03
1.000000000000000021e-03
8.000000000000000383e-04
8.000000000000000383e-04
5.999999999999999474e-04
1.399999999999999986e-03
1.199999999999999895e-03
1.600000000000000077e-03
1.799999999999999951e-03
1.199999999999999895e-03
8.000000000000000383e-04
2.000000000000000042e-03
8.000000000000000383e-04
5.999999999999999474e-04
1.600000000000000077e-03
9.799999999999999684e-03
8.200000000000000691e-03
8.600000000000000006e-03
7.799999999999999642e-03
7.599999999999999985e-03
4.000000000000000192e-04
8.000000000000000383e-04
1.600000000000000077e-03
8.000000000000000383e-04
8.200000000000000691e-03
7.599999999999999985e-03
7.599999999999999985e-03
1.080000000000000057e-02
7.400000000000000328e-03
2.079999999999999905e-02
2.040000000000000147e-02
2.539999999999999897e-02
2.340000000000000066e-02
