4.153999999999999915e-01
3.211999999999999855e-01
3.154000000000000137e-01
3.089999999999999969e-01
2.129999999999999949e-01
1.487999999999999878e-01
1.723999999999999977e-01
2.926000000000000267e-01
3.931999999999999940e-01
3.937999999999999834e-01
4.107999999999999985e-01
4.707999999999999963e-01
4.802000000000000157e-01
4.865999999999999770e-01
4.796000000000000263e-01
5.078000000000000291e-01
4.365999999999999881e-01
4.341999999999999749e-01
4.799999999999999822e-01
4.849999999999999867e-01
3.844000000000000195e-01
3.423999999999999821e-01
3.247999999999999776e-01
2.644000000000000239e-01
2.097999999999999865e-01
7.839999999999999747e-02
6.219999999999999835e-02
5.999999999999999778e-02
3.880000000000000115e-02
2.299999999999999961e-02
2.280000000000000082e-02
2.400000000000000050e-02
2.359999999999999945e-02
5.199999999999999761e-02
3.020000000000000115e-02
5.380000000000000060e-02
2.419999999999999929e-02
2.359999999999999945e-02
2.699999999999999969e-02
7.199999999999999803e-03
4.799999999999999580e-03
5.999999999999999474e-04
4.479999999999999954e-02
8.340000000000000191e-02
8.540000000000000369e-02
1.408000000000000085e-01
2.078000000000000125e-01
2.836000000000000187e-01
3.466000000000000192e-01
3.780000000000000027e-01
4.590000000000000191e-01
4.289999999999999925e-01
4.640000000000000235e-01
4.617999999999999883e-01
4.944000000000000061e-01
3.870000000000000107e-01
4.480000000000000093e-01
4.093999999999999861e-01
3.194000000000000172e-01
3.271999999999999909e-01
2.647999999999999798e-01
1.854000000000000092e-01
9.339999999999999691e-02
4.599999999999999922e-02
8.999999999999999667e-02
1.526000000000000134e-01
2.651999999999999913e-01
3.171999999999999820e-01
3.881999999999999895e-01
4.703999999999999848e-01
4.763999999999999901e-01
4.689999999999999725e-01
4.254000000000000004e-01
4.425999999999999934e-01
4.461999999999999855e-01
4.696000000000000174e-01
4.945999999999999841e-01
4.914000000000000035e-01
4.158000000000000029e-01
3.589999999999999858e-01
3.250000000000000111e-01
2.756000000000000116e-01
2.111999999999999988e-01
1.713999999999999968e-01
1.439999999999999891e-01
1.620000000000000051e-01
1.766000000000000070e-01
1.991999999999999882e-01
2.043999999999999984e-01
2.046000000000000041e-01
2.086000000000000076e-01
2.031999999999999917e-01
2.661999999999999922e-01
3.654000000000000026e-01
4.772000000000000131e-01
1.623999999999999888e-01
1.378000000000000058e-01
9.760000000000000620e-02
9.900000000000000466e-02
1.446000000000000063e-01
1.489999999999999936e-01
7.839999999999999747e-02
3.919999999999999873e-02
2.199999999999999872e-02
8.200000000000000691e-03
2.800000000000000058e-02
2.079999999999999905e-02
8.399999999999999481e-03
1.199999999999999895e-03
1.199999999999999895e-03
2.202000000000000068e-01
4.829999999999999849e-01
4.813999999999999946e-01
4.380000000000000004e-01
4.889999999999999902e-01
4.375999999999999890e-01
4.596000000000000085e-01
3.705999999999999850e-01
2.305999999999999994e-01
1.812000000000000000e-01
5.399999999999999939e-02
7.340000000000000691e-02
2.779999999999999832e-02
4.499999999999999833e-02
2.539999999999999897e-02
2.599999999999999881e-02
3.919999999999999873e-02
4.220000000000000140e-02
3.819999999999999785e-02
4.279999999999999777e-02
8.999999999999999667e-02
1.580000000000000016e-01
3.234000000000000208e-01
4.308000000000000163e-01
4.703999999999999848e-01
5.041999999999999815e-01
4.772000000000000131e-01
4.657999999999999918e-01
4.985999999999999877e-01
4.219999999999999862e-01
3.943999999999999728e-01
3.323999999999999733e-01
2.882000000000000117e-01
2.797999999999999932e-01
2.565999999999999948e-01
2.378000000000000114e-01
2.064000000000000001e-01
2.139999999999999958e-01
1.855999999999999872e-01
1.698000000000000065e-01
1.910000000000000031e-01
2.099999999999999922e-01
1.993999999999999939e-01
1.572000000000000064e-01
1.663999999999999924e-01
1.360000000000000098e-01
1.383999999999999952e-01
1.433999999999999997e-01
1.328000000000000014e-01
1.254000000000000115e-01
1.237999999999999934e-01
1.208000000000000046e-01
1.312000000000000111e-01
1.348000000000000032e-01
1.062000000000000027e-01
6.700000000000000400e-02
6.079999999999999988e-02
3.719999999999999696e-02
4.200000000000000261e-02
2.460000000000000034e-02
2.160000000000000114e-02
2.500000000000000139e-02
2.419999999999999929e-02
2.359999999999999945e-02
2.340000000000000066e-02
8.000000000000000167e-03
9.599999999999999159e-03
5.999999999999999474e-04
1.199999999999999895e-03
1.000000000000000021e-03
8.000000000000000383e-04
6.599999999999999964e-03
8.399999999999999481e-03
9.400000000000000369e-03
8.200000000000000691e-03
8.000000000000000167e-03
7.400000000000000328e-03
2.380000000000000171e-02
2.179999999999999993e-02
2.060000000000000026e-02
2.120000000000000009e-02
2.500000000000000139e-02
2.220000000000000098e-02
2.220000000000000098e-02
2.479999999999999913e-02
2.479999999999999913e-02
2.460000000000000034e-02
5.199999999999999761e-03
6.000000000000000125e-03
7.599999999999999985e-03
7.400000000000000328e-03
6.799999999999999621e-03
2.400000000000000050e-02
9.599999999999999159e-03
1.000000000000000021e-03
7.199999999999999803e-03
9.199999999999999845e-03
7.799999999999999642e-03
6.599999999999999964e-03
1.799999999999999951e-03
1.199999999999999895e-03
8.000000000000000383e-04
1.000000000000000021e-03
1.799999999999999951e-03
4.000000000000000192e-04
9.599999999999999159e-03
7.799999999999999642e-03
2.440000000000000155e-02
2.340000000000000066e-02
2.999999999999999889e-02
3.139999999999999736e-02
3.119999999999999857e-02
3.300000000000000155e-02
5.240000000000000213e-02
4.800000000000000100e-02
3.160000000000000309e-02
5.059999999999999915e-02
1.079999999999999988e-01
1.332000000000000128e-01
1.708000000000000074e-01
1.980000000000000093e-01
1.938000000000000000e-01
2.164000000000000090e-01
2.059999999999999887e-01
2.205999999999999905e-01
2.114000000000000046e-01
2.497999999999999943e-01
2.993999999999999995e-01
3.583999999999999964e-01
4.089999999999999747e-01
4.133999999999999897e-01
4.737999999999999989e-01
4.895999999999999797e-01
4.998000000000000220e-01
4.547999999999999821e-01
2.792000000000000037e-01
2.607999999999999763e-01
2.124000000000000055e-01
2.000000000000000111e-01
2.116000000000000103e-01
2.575999999999999956e-01
3.758000000000000229e-01
4.729999999999999760e-01
4.964000000000000079e-01
4.630000000000000226e-01
3.900000000000000133e-01
2.896000000000000241e-01
2.660000000000000142e-01
2.782000000000000028e-01
2.707999999999999852e-01
2.859999999999999765e-01
2.369999999999999885e-01
1.867999999999999938e-01
1.371999999999999886e-01
1.386000000000000010e-01
1.001999999999999974e-01
1.198000000000000037e-01
1.416000000000000036e-01
1.380000000000000115e-01
1.428000000000000103e-01
1.178000000000000019e-01
1.660000000000000087e-01
1.955999999999999961e-01
1.990000000000000102e-01
2.651999999999999913e-01
4.102000000000000091e-01
4.696000000000000174e-01
4.368000000000000216e-01
3.705999999999999850e-01
2.823999999999999844e-01
1.827999999999999903e-01
7.320000000000000118e-02
8.000000000000000383e-04
1.399999999999999986e-03
4.279999999999999777e-02
6.959999999999999520e-02
1.574000000000000121e-01
1.557999999999999940e-01
1.829999999999999960e-01
2.434000000000000052e-01
1.869999999999999996e-01
2.431999999999999995e-01
2.666000000000000036e-01
3.709999999999999964e-01
4.457999999999999741e-01
5.021999999999999797e-01
4.663999999999999813e-01
4.136000000000000232e-01
3.682000000000000273e-01
3.225999999999999979e-01
2.866000000000000214e-01
2.793999999999999817e-01
3.069999999999999951e-01
2.913999999999999924e-01
2.447999999999999898e-01
1.328000000000000014e-01
1.096000000000000030e-01
6.700000000000000400e-02
6.859999999999999432e-02
3.359999999999999792e-02
4.139999999999999930e-02
4.299999999999999656e-02
1.980000000000000163e-02
2.319999999999999840e-02
2.299999999999999961e-02
2.299999999999999961e-02
2.500000000000000139e-02
2.840000000000000163e-02
5.439999999999999697e-02
7.159999999999999698e-02
5.580000000000000238e-02
6.919999999999999762e-02
6.800000000000000488e-02
6.740000000000000158e-02
1.603999999999999870e-01
1.852000000000000035e-01
1.600000000000000033e-01
2.508000000000000229e-01
2.531999999999999806e-01
2.565999999999999948e-01
2.437999999999999889e-01
2.225999999999999923e-01
1.791999999999999982e-01
1.300000000000000044e-01
6.320000000000000617e-02
8.800000000000000530e-03
8.000000000000000383e-04
4.000000000000000192e-04
2.000000000000000096e-04
1.000000000000000021e-03
1.399999999999999986e-03
1.600000000000000077e-03
1.199999999999999895e-03
8.000000000000000383e-04
1.799999999999999951e-03
1.199999999999999895e-03
1.199999999999999895e-03
5.400000000000000286e-03
2.259999999999999856e-02
2.359999999999999945e-02
4.039999999999999841e-02
5.899999999999999689e-02
6.300000000000000044e-02
7.000000000000000666e-02
7.420000000000000207e-02
1.371999999999999886e-01
1.491999999999999993e-01
1.993999999999999939e-01
2.378000000000000114e-01
2.600000000000000089e-01
2.600000000000000089e-01
3.447999999999999954e-01
3.503999999999999893e-01
3.612000000000000210e-01
3.851999999999999869e-01
3.921999999999999931e-01
3.522000000000000131e-01
2.654000000000000248e-01
2.577999999999999736e-01
2.899999999999999800e-01
2.497999999999999943e-01
2.637999999999999790e-01
2.656000000000000028e-01
2.059999999999999887e-01
2.235999999999999932e-01
2.281999999999999862e-01
2.285999999999999976e-01
2.233999999999999875e-01
2.328000000000000069e-01
2.353999999999999981e-01
2.389999999999999902e-01
2.833999999999999853e-01
2.780000000000000249e-01
2.469999999999999973e-01
2.590000000000000080e-01
2.544000000000000150e-01
3.144000000000000128e-01
3.231999999999999873e-01
3.130000000000000004e-01
2.703999999999999737e-01
2.902000000000000135e-01
2.630000000000000115e-01
2.310000000000000109e-01
1.633999999999999897e-01
7.299999999999999545e-02
6.859999999999999432e-02
4.039999999999999841e-02
7.599999999999999985e-03
6.799999999999999621e-03
1.199999999999999895e-03
8.800000000000000530e-03
9.400000000000000369e-03
1.008000000000000007e-01
1.517999999999999905e-01
2.043999999999999984e-01
2.442000000000000004e-01
3.698000000000000176e-01
3.370000000000000218e-01
3.323999999999999733e-01
3.019999999999999907e-01
3.956000000000000072e-01
4.173999999999999932e-01
4.179999999999999827e-01
3.936000000000000054e-01
3.901999999999999913e-01
3.765999999999999903e-01
3.917999999999999816e-01
4.173999999999999932e-01
3.993999999999999773e-01
3.961999999999999966e-01
4.228000000000000091e-01
4.766000000000000236e-01
4.069999999999999729e-01
2.892000000000000126e-01
2.849999999999999756e-01
2.321999999999999897e-01
2.313999999999999946e-01
2.217999999999999972e-01
3.407999999999999918e-01
3.770000000000000018e-01
4.964000000000000079e-01
4.195999999999999730e-01
4.102000000000000091e-01
4.421999999999999820e-01
3.575999999999999734e-01
2.919999999999999818e-01
2.466000000000000136e-01
2.245999999999999941e-01
1.852000000000000035e-01
1.897999999999999965e-01
2.363999999999999990e-01
4.289999999999999925e-01
3.131999999999999784e-01
2.876000000000000223e-01
2.272000000000000131e-01
2.318000000000000060e-01
2.497999999999999943e-01
3.015999999999999792e-01
3.466000000000000192e-01
3.392000000000000015e-01
2.918000000000000038e-01
2.152000000000000024e-01
2.340000000000000135e-01
2.303999999999999937e-01
2.369999999999999885e-01
2.215999999999999914e-01
2.730000000000000204e-01
2.630000000000000115e-01
2.853999999999999870e-01
2.767999999999999905e-01
2.511999999999999789e-01
2.424000000000000044e-01
2.340000000000000135e-01
2.232000000000000095e-01
2.466000000000000136e-01
3.497999999999999998e-01
4.563999999999999724e-01
4.394000000000000128e-01
3.509999999999999787e-01
4.149999999999999800e-01
3.735999999999999877e-01
4.162000000000000144e-01
4.475999999999999979e-01
4.563999999999999724e-01
4.268000000000000127e-01
4.107999999999999985e-01
4.235999999999999766e-01
3.582000000000000184e-01
3.715999999999999859e-01
3.085999999999999854e-01
3.844000000000000195e-01
4.148000000000000020e-01
4.013999999999999790e-01
2.518000000000000238e-01
1.363999999999999935e-01
1.000000000000000021e-03
8.000000000000000383e-04
1.600000000000000077e-03
1.000000000000000021e-03
8.000000000000000167e-03
2.280000000000000082e-02
1.058000000000000052e-01
2.843999999999999861e-01
3.316000000000000059e-01
4.179999999999999827e-01
4.420000000000000040e-01
5.013999999999999568e-01
4.984000000000000097e-01
5.050000000000000044e-01
4.773999999999999910e-01
3.472000000000000086e-01
2.942000000000000171e-01
2.998000000000000109e-01
2.886000000000000232e-01
3.410000000000000253e-01
4.066000000000000170e-01
3.880000000000000115e-01
3.280000000000000138e-01
3.098000000000000198e-01
3.423999999999999821e-01
3.691999999999999726e-01
4.166000000000000258e-01
5.031999999999999806e-01
3.927999999999999825e-01
4.900000000000000189e-02
3.139999999999999736e-02
3.099999999999999978e-02
3.139999999999999736e-02
7.599999999999999985e-03
2.079999999999999905e-02
3.860000000000000236e-02
3.899999999999999994e-02
7.059999999999999609e-02
1.039999999999999952e-01
1.413999999999999979e-01
2.288000000000000034e-01
4.991999999999999771e-01
3.523999999999999910e-01
1.804000000000000048e-01
1.880000000000000004e-01
2.096000000000000085e-01
2.361999999999999933e-01
3.266000000000000014e-01
3.492000000000000104e-01
4.556000000000000050e-01
4.596000000000000085e-01
4.022000000000000020e-01
4.712000000000000077e-01
5.040000000000000036e-01
4.928000000000000158e-01
5.090000000000000080e-01
5.043999999999999595e-01
3.907999999999999807e-01
2.680000000000000160e-01
2.038000000000000089e-01
1.630000000000000060e-01
1.185999999999999971e-01
1.213999999999999940e-01
1.400000000000000133e-01
1.383999999999999952e-01
1.396000000000000019e-01
1.100000000000000006e-01
9.059999999999999998e-02
9.959999999999999409e-02
2.233999999999999875e-01
2.903999999999999915e-01
3.452000000000000068e-01
4.395999999999999908e-01
4.425999999999999934e-01
3.422000000000000042e-01
2.205999999999999905e-01
1.769999999999999907e-01
1.628000000000000003e-01
2.159999999999999976e-01
2.611999999999999877e-01
3.579999999999999849e-01
3.931999999999999940e-01
4.198000000000000065e-01
3.951999999999999957e-01
4.752000000000000113e-01
4.138000000000000012e-01
4.531999999999999917e-01
4.743999999999999884e-01
4.843999999999999972e-01
3.780000000000000027e-01
3.205999999999999961e-01
2.479999999999999982e-01
1.948000000000000009e-01
1.494000000000000050e-01
7.099999999999999367e-02
4.340000000000000108e-02
8.000000000000000167e-03
6.599999999999999964e-03
8.200000000000000691e-03
1.399999999999999986e-03
6.199999999999999782e-03
2.359999999999999945e-02
2.580000000000000002e-02
8.699999999999999400e-02
2.318000000000000060e-01
3.134000000000000119e-01
4.507999999999999785e-01
4.939999999999999947e-01
4.338000000000000189e-01
4.057999999999999940e-01
4.062000000000000055e-01
4.107999999999999985e-01
4.706000000000000183e-01
4.627999999999999892e-01
4.341999999999999749e-01
4.292000000000000259e-01
3.827999999999999736e-01
3.798000000000000265e-01
3.509999999999999787e-01
3.121999999999999775e-01
2.943999999999999950e-01
2.982000000000000206e-01
3.931999999999999940e-01
4.020000000000000240e-01
3.170000000000000040e-01
2.217999999999999972e-01
1.174000000000000044e-01
1.416000000000000036e-01
9.199999999999999845e-02
1.247999999999999943e-01
1.390000000000000124e-01
1.713999999999999968e-01
2.386000000000000065e-01
3.264000000000000234e-01
3.991999999999999993e-01
4.027999999999999914e-01
3.264000000000000234e-01
3.217999999999999750e-01
2.343999999999999972e-01
1.787999999999999867e-01
1.297999999999999987e-01
9.740000000000000047e-02
7.059999999999999609e-02
5.979999999999999899e-02
6.320000000000000617e-02
1.257999999999999952e-01
2.048000000000000098e-01
2.585999999999999965e-01
2.571999999999999842e-01
2.928000000000000047e-01
3.165999999999999925e-01
3.059999999999999942e-01
3.304000000000000270e-01
3.977999999999999869e-01
4.093999999999999861e-01
3.506000000000000227e-01
4.212000000000000188e-01
3.245999999999999996e-01
3.134000000000000119e-01
2.926000000000000267e-01
2.404000000000000026e-01
2.740000000000000213e-01
2.469999999999999973e-01
2.634000000000000230e-01
2.932000000000000162e-01
2.866000000000000214e-01
4.544000000000000261e-01
4.802000000000000157e-01
3.483999999999999875e-01
1.960000000000000075e-01
9.760000000000000620e-02
6.579999999999999738e-02
2.460000000000000034e-02
4.340000000000000108e-02
1.290000000000000036e-01
1.318000000000000005e-01
1.345999999999999974e-01
1.902000000000000079e-01
2.407999999999999863e-01
2.796000000000000152e-01
3.569999999999999840e-01
4.421999999999999820e-01
4.951999999999999735e-01
4.969999999999999973e-01
4.374000000000000110e-01
3.410000000000000253e-01
3.896000000000000019e-01
3.983999999999999764e-01
5.006000000000000449e-01
4.951999999999999735e-01
4.873999999999999999e-01
4.524000000000000243e-01
4.672000000000000042e-01
4.222000000000000197e-01
4.544000000000000261e-01
4.285999999999999810e-01
9.900000000000000466e-02
1.232000000000000040e-01
1.469999999999999918e-01
1.642000000000000126e-01
2.369999999999999885e-01
2.401999999999999968e-01
3.032000000000000250e-01
3.725999999999999868e-01
5.076000000000000512e-01
4.769999999999999796e-01
4.517999999999999794e-01
4.712000000000000077e-01
4.928000000000000158e-01
4.381999999999999784e-01
3.546000000000000263e-01
2.832000000000000073e-01
3.582000000000000184e-01
4.979999999999999982e-01
4.172000000000000153e-01
3.104000000000000092e-01
3.552000000000000157e-01
3.343999999999999750e-01
3.095999999999999863e-01
2.631999999999999895e-01
2.174000000000000099e-01
2.149999999999999967e-01
1.945999999999999952e-01
3.392000000000000015e-01
4.027999999999999914e-01
4.255999999999999783e-01
4.414000000000000146e-01
4.692000000000000060e-01
4.331999999999999740e-01
3.456000000000000183e-01
2.783999999999999808e-01
3.024000000000000021e-01
3.160000000000000031e-01
3.960000000000000187e-01
4.822000000000000175e-01
4.637999999999999901e-01
3.115999999999999881e-01
2.407999999999999863e-01
2.843999999999999861e-01
2.998000000000000109e-01
3.241999999999999882e-01
4.551999999999999935e-01
4.670000000000000262e-01
3.002000000000000224e-01
2.740000000000000213e-01
1.045999999999999985e-01
8.000000000000000167e-02
1.549999999999999989e-01
1.847999999999999921e-01
6.320000000000000617e-02
3.160000000000000309e-02
2.479999999999999913e-02
1.582000000000000073e-01
1.310000000000000053e-01
1.852000000000000035e-01
2.391999999999999960e-01
2.399999999999999911e-01
2.681999999999999940e-01
2.291999999999999871e-01
1.766000000000000070e-01
2.444000000000000061e-01
3.533999999999999919e-01
3.688000000000000167e-01
3.181999999999999829e-01
2.489999999999999991e-01
2.038000000000000089e-01
2.068000000000000116e-01
1.365999999999999992e-01
8.060000000000000497e-02
5.279999999999999971e-02
3.819999999999999785e-02
3.960000000000000325e-02
2.400000000000000050e-02
4.159999999999999809e-02
6.040000000000000230e-02
1.025999999999999968e-01
1.018000000000000016e-01
2.059999999999999887e-01
3.357999999999999874e-01
3.313999999999999724e-01
2.706000000000000072e-01
2.903999999999999915e-01
2.615999999999999992e-01
3.251999999999999891e-01
4.349999999999999978e-01
5.016000000000000458e-01
4.027999999999999914e-01
2.733999999999999764e-01
1.741999999999999937e-01
1.545999999999999874e-01
1.726000000000000034e-01
2.030000000000000138e-01
1.910000000000000031e-01
2.554000000000000159e-01
3.634000000000000008e-01
2.882000000000000117e-01
2.574000000000000177e-01
2.876000000000000223e-01
2.419999999999999929e-01
2.333999999999999964e-01
1.829999999999999960e-01
1.219999999999999973e-01
1.025999999999999968e-01
7.539999999999999480e-02
7.820000000000000562e-02
6.600000000000000311e-02
8.899999999999999578e-02
7.580000000000000626e-02
1.228000000000000064e-01
1.469999999999999918e-01
3.171999999999999820e-01
3.916000000000000036e-01
4.557999999999999829e-01
3.800000000000000044e-01
3.231999999999999873e-01
2.591999999999999860e-01
2.023999999999999966e-01
1.542000000000000037e-01
1.199999999999999895e-03
8.000000000000000167e-03
6.400000000000000307e-03
8.399999999999999481e-03
8.399999999999999481e-03
7.799999999999999642e-03
6.599999999999999964e-03
2.599999999999999881e-02
2.639999999999999986e-02
8.899999999999999578e-02
8.939999999999999336e-02
9.160000000000000087e-02
9.099999999999999756e-02
9.520000000000000684e-02
8.640000000000000457e-02
8.980000000000000482e-02
1.079999999999999988e-01
1.034000000000000058e-01
7.000000000000000666e-02
4.019999999999999962e-02
4.080000000000000293e-02
2.179999999999999993e-02
2.460000000000000034e-02
4.179999999999999688e-02
4.399999999999999745e-02
7.459999999999999964e-02
1.370000000000000107e-01
1.645999999999999963e-01
1.927999999999999992e-01
2.693999999999999728e-01
2.832000000000000073e-01
2.810000000000000275e-01
2.399999999999999911e-01
2.086000000000000076e-01
2.088000000000000134e-01
1.857999999999999929e-01
1.539999999999999980e-01
1.660000000000000087e-01
1.421999999999999931e-01
8.699999999999999400e-02
7.180000000000000271e-02
1.175999999999999962e-01
2.263999999999999901e-01
2.394000000000000017e-01
3.240000000000000102e-01
3.165999999999999925e-01
3.456000000000000183e-01
3.483999999999999875e-01
