2.300000000000000100e-01
2.184000000000000108e-01
2.320000000000000118e-01
2.162000000000000033e-01
2.159999999999999976e-01
2.116000000000000103e-01
1.955999999999999961e-01
1.932000000000000106e-01
2.039999999999999869e-01
1.948000000000000009e-01
1.872000000000000053e-01
2.195999999999999897e-01
2.298000000000000043e-01
2.126000000000000112e-01
2.252000000000000113e-01
2.540000000000000036e-01
2.240000000000000047e-01
2.223999999999999866e-01
2.288000000000000034e-01
2.730000000000000204e-01
2.746000000000000107e-01
2.590000000000000080e-01
2.869999999999999774e-01
2.888000000000000012e-01
3.280000000000000138e-01
2.684000000000000274e-01
2.585999999999999965e-01
2.667999999999999816e-01
1.958000000000000018e-01
2.033999999999999975e-01
2.182000000000000051e-01
1.748000000000000109e-01
1.318000000000000005e-01
5.840000000000000052e-02
5.299999999999999850e-02
7.799999999999999642e-03
5.599999999999999943e-03
7.000000000000000146e-03
8.399999999999999481e-03
6.000000000000000125e-03
1.600000000000000077e-03
2.000000000000000042e-02
2.299999999999999961e-02
2.479999999999999913e-02
5.879999999999999810e-02
7.080000000000000182e-02
7.140000000000000513e-02
6.679999999999999827e-02
7.140000000000000513e-02
8.279999999999999860e-02
8.740000000000000546e-02
9.379999999999999449e-02
9.760000000000000620e-02
9.039999999999999425e-02
9.479999999999999538e-02
9.139999999999999514e-02
8.980000000000000482e-02
8.880000000000000393e-02
8.719999999999999973e-02
6.700000000000000400e-02
2.319999999999999840e-02
5.759999999999999842e-02
6.060000000000000109e-02
6.479999999999999649e-02
5.859999999999999931e-02
6.339999999999999802e-02
1.069999999999999979e-01
1.179999999999999938e-01
1.562000000000000055e-01
1.494000000000000050e-01
1.932000000000000106e-01
1.968000000000000027e-01
2.008000000000000063e-01
2.071999999999999953e-01
2.038000000000000089e-01
2.036000000000000032e-01
2.137999999999999901e-01
2.129999999999999949e-01
2.227999999999999980e-01
2.162000000000000033e-01
2.202000000000000068e-01
2.283999999999999919e-01
1.983999999999999930e-01
1.948000000000000009e-01
2.088000000000000134e-01
2.081999999999999962e-01
2.006000000000000005e-01
2.099999999999999922e-01
2.018000000000000071e-01
1.872000000000000053e-01
2.003999999999999948e-01
1.776000000000000079e-01
1.673999999999999932e-01
1.597999999999999976e-01
1.640000000000000069e-01
1.552000000000000046e-01
1.663999999999999924e-01
1.655999999999999972e-01
1.048000000000000043e-01
6.560000000000000553e-02
7.019999999999999851e-02
6.900000000000000577e-02
5.920000000000000262e-02
6.379999999999999560e-02
2.400000000000000050e-02
3.039999999999999994e-02
2.740000000000000074e-02
2.400000000000000050e-02
2.359999999999999945e-02
7.599999999999999985e-03
8.800000000000000530e-03
2.419999999999999929e-02
2.699999999999999969e-02
1.199999999999999895e-03
1.199999999999999895e-03
2.299999999999999961e-02
6.599999999999999964e-03
4.000000000000000192e-04
8.000000000000000383e-04
1.000000000000000021e-03
8.000000000000000383e-04
1.600000000000000077e-03
1.199999999999999895e-03
2.399999999999999790e-03
1.199999999999999895e-03
2.000000000000000096e-04
5.999999999999999474e-04
1.199999999999999895e-03
1.000000000000000021e-03
1.199999999999999895e-03
8.000000000000000383e-04
1.199999999999999895e-03
4.000000000000000192e-04
1.399999999999999986e-03
5.999999999999999474e-04
1.000000000000000021e-03
1.600000000000000077e-03
1.000000000000000021e-03
8.000000000000000383e-04
1.199999999999999895e-03
1.399999999999999986e-03
4.000000000000000192e-04
8.000000000000000383e-04
5.999999999999999474e-04
4.000000000000000192e-04
8.000000000000000383e-04
1.000000000000000021e-03
1.000000000000000021e-03
8.000000000000000383e-04
5.999999999999999474e-04
1.799999999999999951e-03
8.000000000000000383e-04
1.199999999999999895e-03
1.000000000000000021e-03
8.000000000000000383e-04
1.600000000000000077e-03
1.399999999999999986e-03
8.000000000000000383e-04
1.600000000000000077e-03
1.000000000000000021e-03
1.000000000000000021e-03
5.999999999999999474e-04
1.000000000000000021e-03
1.000000000000000021e-03
1.199999999999999895e-03
8.000000000000000383e-04
1.000000000000000021e-03
8.000000000000000383e-04
1.000000000000000021e-03
5.999999999999999474e-04
4.000000000000000192e-04
1.000000000000000021e-03
1.600000000000000077e-03
1.600000000000000077e-03
1.600000000000000077e-03
1.600000000000000077e-03
1.799999999999999951e-03
1.799999999999999951e-03
1.199999999999999895e-03
4.000000000000000192e-04
8.000000000000000383e-04
2.000000000000000096e-04
1.000000000000000021e-03
1.000000000000000021e-03
0.000000000000000000e+00
1.600000000000000077e-03
5.999999999999999474e-04
1.000000000000000021e-03
1.199999999999999895e-03
4.000000000000000192e-04
2.000000000000000042e-03
1.000000000000000021e-03
5.999999999999999474e-04
1.000000000000000021e-03
1.399999999999999986e-03
6.799999999999999621e-03
7.400000000000000328e-03
2.139999999999999888e-02
2.680000000000000090e-02
2.520000000000000018e-02
2.560000000000000123e-02
2.699999999999999969e-02
2.680000000000000090e-02
2.900000000000000147e-02
2.759999999999999953e-02
3.139999999999999736e-02
2.500000000000000139e-02
2.160000000000000114e-02
2.539999999999999897e-02
3.280000000000000276e-02
3.139999999999999736e-02
2.939999999999999905e-02
3.080000000000000099e-02
7.459999999999999964e-02
6.700000000000000400e-02
6.740000000000000158e-02
6.239999999999999714e-02
8.759999999999999731e-02
9.859999999999999321e-02
9.919999999999999651e-02
9.059999999999999998e-02
8.659999999999999643e-02
7.739999999999999658e-02
9.579999999999999627e-02
8.440000000000000280e-02
1.213999999999999940e-01
1.713999999999999968e-01
1.436000000000000054e-01
2.494000000000000106e-01
3.874000000000000221e-01
4.802000000000000157e-01
3.854000000000000203e-01
3.778000000000000247e-01
3.326000000000000068e-01
3.437999999999999945e-01
3.877999999999999781e-01
3.508000000000000007e-01
3.018000000000000127e-01
3.715999999999999859e-01
3.659999999999999920e-01
3.682000000000000273e-01
4.026000000000000134e-01
4.087999999999999967e-01
4.182000000000000162e-01
4.089999999999999747e-01
4.339999999999999969e-01
4.544000000000000261e-01
4.471999999999999864e-01
4.746000000000000218e-01
4.544000000000000261e-01
4.507999999999999785e-01
4.516000000000000014e-01
4.136000000000000232e-01
3.963999999999999746e-01
3.808000000000000274e-01
3.771999999999999797e-01
3.559999999999999831e-01
3.240000000000000102e-01
3.337999999999999856e-01
3.343999999999999750e-01
3.128000000000000225e-01
2.456000000000000127e-01
2.487999999999999934e-01
2.540000000000000036e-01
2.411999999999999977e-01
2.466000000000000136e-01
2.369999999999999885e-01
2.456000000000000127e-01
2.349999999999999867e-01
2.358000000000000096e-01
2.308000000000000052e-01
2.262000000000000122e-01
2.298000000000000043e-01
2.200000000000000011e-01
2.301999999999999880e-01
2.407999999999999863e-01
2.376000000000000056e-01
2.222000000000000086e-01
2.313999999999999946e-01
2.419999999999999929e-01
2.617999999999999772e-01
2.467999999999999916e-01
2.504000000000000115e-01
2.341999999999999915e-01
2.321999999999999897e-01
2.311999999999999889e-01
1.965999999999999970e-01
1.768000000000000127e-01
1.713999999999999968e-01
1.607999999999999985e-01
1.466000000000000081e-01
9.239999999999999603e-02
6.819999999999999674e-02
6.379999999999999560e-02
6.819999999999999674e-02
6.840000000000000246e-02
6.439999999999999891e-02
5.519999999999999907e-02
7.820000000000000562e-02
9.959999999999999409e-02
8.000000000000000167e-02
8.100000000000000255e-02
1.008000000000000007e-01
1.396000000000000019e-01
1.237999999999999934e-01
1.323999999999999899e-01
1.512000000000000011e-01
1.703999999999999959e-01
2.424000000000000044e-01
2.308000000000000052e-01
2.550000000000000044e-01
2.913999999999999924e-01
3.592000000000000193e-01
3.608000000000000096e-01
3.698000000000000176e-01
3.991999999999999993e-01
4.401999999999999802e-01
4.617999999999999883e-01
4.978000000000000203e-01
5.048000000000000265e-01
4.262000000000000233e-01
3.920000000000000151e-01
3.941999999999999948e-01
3.585999999999999743e-01
3.563999999999999946e-01
3.095999999999999863e-01
2.837999999999999967e-01
3.005999999999999783e-01
3.377999999999999892e-01
2.711999999999999966e-01
2.908000000000000029e-01
3.022000000000000242e-01
2.101999999999999980e-01
2.409999999999999920e-01
2.291999999999999871e-01
2.154000000000000081e-01
2.230000000000000038e-01
2.033999999999999975e-01
1.787999999999999867e-01
1.859999999999999987e-01
1.981999999999999873e-01
2.472000000000000031e-01
2.667999999999999816e-01
2.836000000000000187e-01
2.923999999999999932e-01
3.417999999999999927e-01
3.810000000000000053e-01
3.745999999999999885e-01
4.062000000000000055e-01
4.265999999999999792e-01
4.544000000000000261e-01
4.560000000000000164e-01
4.663999999999999813e-01
4.932000000000000273e-01
4.924000000000000044e-01
4.793999999999999928e-01
4.530000000000000138e-01
4.133999999999999897e-01
3.552000000000000157e-01
3.197999999999999732e-01
2.674000000000000266e-01
2.741999999999999993e-01
2.535999999999999921e-01
2.233999999999999875e-01
2.207999999999999963e-01
2.301999999999999880e-01
2.008000000000000063e-01
1.981999999999999873e-01
1.243999999999999967e-01
1.236000000000000015e-01
1.192000000000000004e-01
1.117999999999999966e-01
1.062000000000000027e-01
1.126000000000000056e-01
1.250000000000000000e-01
1.246000000000000024e-01
1.323999999999999899e-01
1.723999999999999977e-01
1.652000000000000135e-01
2.157999999999999918e-01
2.119999999999999940e-01
2.126000000000000112e-01
2.666000000000000036e-01
2.741999999999999993e-01
2.903999999999999915e-01
3.583999999999999964e-01
4.042000000000000037e-01
4.163999999999999924e-01
4.329999999999999960e-01
4.262000000000000233e-01
4.905999999999999805e-01
4.859999999999999876e-01
4.845999999999999752e-01
4.944000000000000061e-01
4.974000000000000088e-01
4.932000000000000273e-01
4.925999999999999823e-01
4.892000000000000237e-01
4.889999999999999902e-01
4.915999999999999814e-01
4.892000000000000237e-01
4.815999999999999726e-01
4.365999999999999881e-01
4.369999999999999996e-01
3.847999999999999754e-01
3.867999999999999772e-01
3.119999999999999996e-01
3.049999999999999933e-01
2.581999999999999851e-01
2.132000000000000006e-01
1.842000000000000026e-01
1.711999999999999911e-01
1.381999999999999895e-01
1.097999999999999948e-01
1.082000000000000045e-01
1.127999999999999975e-01
1.140000000000000041e-01
1.209999999999999964e-01
1.179999999999999938e-01
1.141999999999999960e-01
7.960000000000000409e-02
9.080000000000000571e-02
8.920000000000000151e-02
1.136000000000000065e-01
1.044000000000000067e-01
9.859999999999999321e-02
1.131999999999999951e-01
1.257999999999999952e-01
1.456000000000000072e-01
1.353999999999999926e-01
1.506000000000000116e-01
1.575999999999999901e-01
1.660000000000000087e-01
1.779999999999999916e-01
1.953999999999999904e-01
1.706000000000000016e-01
1.711999999999999911e-01
1.942000000000000115e-01
1.632000000000000117e-01
1.383999999999999952e-01
1.272000000000000075e-01
1.441999999999999948e-01
1.398000000000000076e-01
1.137999999999999984e-01
1.087999999999999939e-01
1.052000000000000018e-01
8.580000000000000127e-02
1.066000000000000003e-01
1.111999999999999933e-01
8.580000000000000127e-02
9.139999999999999514e-02
8.140000000000000013e-02
8.519999999999999796e-02
9.819999999999999563e-02
8.619999999999999885e-02
9.160000000000000087e-02
9.220000000000000417e-02
8.999999999999999667e-02
9.139999999999999514e-02
9.840000000000000135e-02
9.420000000000000595e-02
9.080000000000000571e-02
1.049999999999999961e-01
1.069999999999999979e-01
9.940000000000000224e-02
1.178000000000000019e-01
1.325999999999999956e-01
1.315999999999999948e-01
1.300000000000000044e-01
1.582000000000000073e-01
1.743999999999999995e-01
1.758000000000000118e-01
1.905999999999999917e-01
1.915999999999999925e-01
2.142000000000000015e-01
2.028000000000000080e-01
2.111999999999999988e-01
2.096000000000000085e-01
2.152000000000000024e-01
2.295999999999999985e-01
2.495999999999999885e-01
2.444000000000000061e-01
2.813999999999999835e-01
2.813999999999999835e-01
2.817999999999999949e-01
2.731999999999999984e-01
2.879999999999999782e-01
2.973999999999999977e-01
2.857999999999999985e-01
2.829999999999999738e-01
3.091999999999999749e-01
3.131999999999999784e-01
3.336000000000000076e-01
3.217999999999999750e-01
3.310000000000000164e-01
3.211999999999999855e-01
3.526000000000000245e-01
3.469999999999999751e-01
3.453999999999999848e-01
3.556000000000000272e-01
3.553999999999999937e-01
3.392000000000000015e-01
3.390000000000000235e-01
3.549999999999999822e-01
3.917999999999999816e-01
3.765999999999999903e-01
3.810000000000000053e-01
3.886000000000000010e-01
3.835999999999999965e-01
3.904000000000000248e-01
3.784000000000000141e-01
3.573999999999999955e-01
3.453999999999999848e-01
3.427999999999999936e-01
3.508000000000000007e-01
3.402000000000000024e-01
3.301999999999999935e-01
3.333999999999999742e-01
3.333999999999999742e-01
3.296000000000000041e-01
3.058000000000000163e-01
3.187999999999999723e-01
3.447999999999999954e-01
3.509999999999999787e-01
3.851999999999999869e-01
4.089999999999999747e-01
4.076000000000000179e-01
4.551999999999999935e-01
4.647999999999999909e-01
4.617999999999999883e-01
3.599999999999999867e-01
3.552000000000000157e-01
3.250000000000000111e-01
3.266000000000000014e-01
3.337999999999999856e-01
3.618000000000000105e-01
2.949999999999999845e-01
2.948000000000000065e-01
2.893999999999999906e-01
2.252000000000000113e-01
1.923999999999999877e-01
1.489999999999999936e-01
1.287999999999999978e-01
1.257999999999999952e-01
1.019999999999999934e-01
1.063999999999999946e-01
5.220000000000000334e-02
2.299999999999999961e-02
2.340000000000000066e-02
3.020000000000000115e-02
5.960000000000000020e-02
7.140000000000000513e-02
8.880000000000000393e-02
1.703999999999999959e-01
1.756000000000000061e-01
1.973999999999999921e-01
2.162000000000000033e-01
1.962000000000000133e-01
1.998000000000000054e-01
2.076000000000000068e-01
2.136000000000000121e-01
3.144000000000000128e-01
3.774000000000000132e-01
4.198000000000000065e-01
4.544000000000000261e-01
4.680000000000000271e-01
4.546000000000000041e-01
4.613999999999999768e-01
4.239999999999999880e-01
4.431999999999999829e-01
4.485999999999999988e-01
4.593999999999999750e-01
4.799999999999999822e-01
4.716000000000000192e-01
4.485999999999999988e-01
4.504000000000000226e-01
4.334000000000000075e-01
4.369999999999999996e-01
4.495999999999999996e-01
4.424000000000000155e-01
4.415999999999999925e-01
3.973999999999999755e-01
3.991999999999999993e-01
4.163999999999999924e-01
4.425999999999999934e-01
4.713999999999999857e-01
4.899999999999999911e-01
4.769999999999999796e-01
4.852000000000000202e-01
4.430000000000000049e-01
4.013999999999999790e-01
3.983999999999999764e-01
3.886000000000000010e-01
4.089999999999999747e-01
3.439999999999999725e-01
3.271999999999999909e-01
3.065999999999999837e-01
2.747999999999999887e-01
2.508000000000000229e-01
2.693999999999999728e-01
3.105999999999999872e-01
2.943999999999999950e-01
2.822000000000000064e-01
2.611999999999999877e-01
2.615999999999999992e-01
2.521999999999999797e-01
2.787999999999999923e-01
2.560000000000000053e-01
2.467999999999999916e-01
2.773999999999999799e-01
2.667999999999999816e-01
2.687999999999999834e-01
2.756000000000000116e-01
2.701999999999999957e-01
2.686000000000000054e-01
2.790000000000000258e-01
2.548000000000000265e-01
2.945999999999999730e-01
2.746000000000000107e-01
2.258000000000000007e-01
2.165999999999999870e-01
1.923999999999999877e-01
1.834000000000000075e-01
1.786000000000000087e-01
1.827999999999999903e-01
1.597999999999999976e-01
1.796000000000000096e-01
1.557999999999999940e-01
1.756000000000000061e-01
1.673999999999999932e-01
1.615999999999999936e-01
1.529999999999999971e-01
1.603999999999999870e-01
1.502000000000000002e-01
1.842000000000000026e-01
2.008000000000000063e-01
1.826000000000000123e-01
1.751999999999999946e-01
2.136000000000000121e-01
2.003999999999999948e-01
2.152000000000000024e-01
2.601999999999999869e-01
2.318000000000000060e-01
2.650000000000000133e-01
2.959999999999999853e-01
3.410000000000000253e-01
4.365999999999999881e-01
4.627999999999999892e-01
4.928000000000000158e-01
4.086000000000000187e-01
3.821999999999999842e-01
3.734000000000000097e-01
3.387999999999999901e-01
3.008000000000000118e-01
3.038000000000000145e-01
2.955999999999999739e-01
2.948000000000000065e-01
3.473999999999999866e-01
2.654000000000000248e-01
2.492000000000000048e-01
2.467999999999999916e-01
2.560000000000000053e-01
2.554000000000000159e-01
2.594000000000000195e-01
3.015999999999999792e-01
3.276000000000000023e-01
3.088000000000000189e-01
3.502000000000000113e-01
3.891999999999999904e-01
4.149999999999999800e-01
4.153999999999999915e-01
4.146000000000000241e-01
4.086000000000000187e-01
4.123999999999999888e-01
4.712000000000000077e-01
4.991999999999999771e-01
4.991999999999999771e-01
5.083999999999999631e-01
5.088000000000000300e-01
5.053999999999999604e-01
5.100000000000000089e-01
5.031999999999999806e-01
5.018000000000000238e-01
5.046000000000000485e-01
4.899999999999999911e-01
4.768000000000000016e-01
4.934000000000000052e-01
4.803999999999999937e-01
4.551999999999999935e-01
4.487999999999999767e-01
4.420000000000000040e-01
4.344000000000000083e-01
4.385999999999999899e-01
4.349999999999999978e-01
4.385999999999999899e-01
4.305999999999999828e-01
4.117999999999999994e-01
3.947999999999999843e-01
3.422000000000000042e-01
3.165999999999999925e-01
3.115999999999999881e-01
2.982000000000000206e-01
2.985999999999999766e-01
2.882000000000000117e-01
2.521999999999999797e-01
2.777999999999999914e-01
2.943999999999999950e-01
2.787999999999999923e-01
2.723999999999999755e-01
2.674000000000000266e-01
2.829999999999999738e-01
2.641999999999999904e-01
2.843999999999999861e-01
2.833999999999999853e-01
3.042000000000000259e-01
3.045999999999999819e-01
2.637999999999999790e-01
2.288000000000000034e-01
2.318000000000000060e-01
2.298000000000000043e-01
2.205999999999999905e-01
2.084000000000000019e-01
1.904000000000000137e-01
2.001999999999999891e-01
1.454000000000000015e-01
9.959999999999999409e-02
6.460000000000000464e-02
8.399999999999999481e-03
7.799999999999999642e-03
7.400000000000000328e-03
8.200000000000000691e-03
6.799999999999999621e-03
5.599999999999999943e-03
8.999999999999999320e-03
6.799999999999999621e-03
6.000000000000000125e-03
7.199999999999999803e-03
8.000000000000000167e-03
6.599999999999999964e-03
8.399999999999999481e-03
7.599999999999999985e-03
7.199999999999999803e-03
6.199999999999999782e-03
8.800000000000000530e-03
6.199999999999999782e-03
8.999999999999999320e-03
8.600000000000000006e-03
8.399999999999999481e-03
7.199999999999999803e-03
5.400000000000000286e-03
7.400000000000000328e-03
6.599999999999999964e-03
8.000000000000000167e-03
6.799999999999999621e-03
8.399999999999999481e-03
8.399999999999999481e-03
7.000000000000000146e-03
9.599999999999999159e-03
7.599999999999999985e-03
7.799999999999999642e-03
6.199999999999999782e-03
8.800000000000000530e-03
8.000000000000000167e-03
7.599999999999999985e-03
6.599999999999999964e-03
6.400000000000000307e-03
8.800000000000000530e-03
8.600000000000000006e-03
7.199999999999999803e-03
8.399999999999999481e-03
7.799999999999999642e-03
2.000000000000000096e-04
5.999999999999999474e-04
1.199999999999999895e-03
1.799999999999999951e-03
1.199999999999999895e-03
1.600000000000000077e-03
4.000000000000000192e-04
1.199999999999999895e-03
1.600000000000000077e-03
1.600000000000000077e-03
8.000000000000000383e-04
2.599999999999999881e-03
5.999999999999999474e-04
1.000000000000000021e-03
8.000000000000000383e-04
1.600000000000000077e-03
5.999999999999999474e-04
1.600000000000000077e-03
1.000000000000000021e-03
4.000000000000000192e-04
8.000000000000000383e-04
1.600000000000000077e-03
8.000000000000000383e-04
8.000000000000000383e-04
8.000000000000000383e-04
4.000000000000000192e-04
8.000000000000000383e-04
8.000000000000000383e-04
1.399999999999999986e-03
2.000000000000000096e-04
6.000000000000000125e-03
7.799999999999999642e-03
2.659999999999999865e-02
2.340000000000000066e-02
2.220000000000000098e-02
2.040000000000000147e-02
2.879999999999999921e-02
2.999999999999999889e-02
3.039999999999999994e-02
2.699999999999999969e-02
7.059999999999999609e-02
6.880000000000000004e-02
6.859999999999999432e-02
6.439999999999999891e-02
6.819999999999999674e-02
8.659999999999999643e-02
8.680000000000000215e-02
1.302000000000000102e-01
1.117999999999999966e-01
1.034000000000000058e-01
1.282000000000000084e-01
1.073999999999999955e-01
8.820000000000000062e-02
1.072000000000000036e-01
1.079999999999999988e-01
1.097999999999999948e-01
1.053999999999999937e-01
1.028000000000000025e-01
1.038000000000000034e-01
1.219999999999999973e-01
1.034000000000000058e-01
1.032000000000000001e-01
1.170000000000000068e-01
8.999999999999999667e-02
1.068000000000000060e-01
9.600000000000000200e-02
9.479999999999999538e-02
9.600000000000000200e-02
9.360000000000000264e-02
1.192000000000000004e-01
1.247999999999999943e-01
1.456000000000000072e-01
1.555999999999999883e-01
2.086000000000000076e-01
1.565999999999999892e-01
1.411999999999999922e-01
1.438000000000000111e-01
1.213999999999999940e-01
1.547999999999999932e-01
1.642000000000000126e-01
