4.421999999999999820e-01
4.603999999999999759e-01
3.977999999999999869e-01
4.248000000000000109e-01
4.169999999999999818e-01
3.864000000000000212e-01
3.698000000000000176e-01
3.825999999999999956e-01
3.632000000000000228e-01
3.267999999999999794e-01
2.945999999999999730e-01
2.604000000000000203e-01
2.421999999999999986e-01
2.391999999999999960e-01
2.421999999999999986e-01
2.313999999999999946e-01
2.436000000000000110e-01
2.265999999999999959e-01
2.359999999999999876e-01
2.457999999999999907e-01
2.245999999999999941e-01
2.404000000000000026e-01
2.275999999999999968e-01
2.637999999999999790e-01
2.601999999999999869e-01
2.630000000000000115e-01
2.416000000000000092e-01
2.285999999999999976e-01
2.192000000000000060e-01
2.247999999999999998e-01
2.223999999999999866e-01
1.985999999999999988e-01
2.059999999999999887e-01
1.711999999999999911e-01
1.845999999999999863e-01
2.084000000000000019e-01
2.003999999999999948e-01
2.291999999999999871e-01
2.384000000000000008e-01
2.003999999999999948e-01
1.897999999999999965e-01
2.099999999999999922e-01
2.252000000000000113e-01
2.147999999999999909e-01
1.913999999999999868e-01
2.030000000000000138e-01
2.101999999999999980e-01
1.208000000000000046e-01
1.280000000000000027e-01
7.180000000000000271e-02
4.080000000000000293e-02
2.599999999999999881e-02
2.299999999999999961e-02
2.239999999999999977e-02
7.400000000000000328e-03
2.539999999999999897e-02
2.019999999999999921e-02
2.440000000000000155e-02
2.299999999999999961e-02
9.199999999999999845e-03
2.620000000000000107e-02
4.200000000000000261e-02
6.500000000000000222e-02
9.439999999999999780e-02
1.247999999999999943e-01
1.219999999999999973e-01
1.451999999999999957e-01
1.439999999999999891e-01
1.852000000000000035e-01
2.051999999999999935e-01
2.036000000000000032e-01
2.069999999999999896e-01
2.106000000000000094e-01
2.424000000000000044e-01
2.605999999999999983e-01
2.684000000000000274e-01
2.621999999999999886e-01
2.544000000000000150e-01
2.494000000000000106e-01
2.497999999999999943e-01
2.637999999999999790e-01
2.651999999999999913e-01
2.594000000000000195e-01
2.174000000000000099e-01
2.555999999999999939e-01
2.561999999999999833e-01
2.237999999999999989e-01
2.097999999999999865e-01
2.179999999999999993e-01
2.124000000000000055e-01
1.983999999999999930e-01
1.913999999999999868e-01
1.874000000000000110e-01
1.400000000000000133e-01
1.444000000000000006e-01
1.428000000000000103e-01
1.097999999999999948e-01
1.076000000000000012e-01
1.100000000000000006e-01
1.096000000000000030e-01
1.262000000000000066e-01
1.295999999999999930e-01
1.390000000000000124e-01
1.406000000000000028e-01
1.875999999999999890e-01
1.832000000000000017e-01
2.207999999999999963e-01
2.710000000000000187e-01
3.171999999999999820e-01
3.257999999999999785e-01
3.341999999999999971e-01
3.865999999999999992e-01
4.208000000000000074e-01
4.195999999999999730e-01
4.245999999999999774e-01
4.457999999999999741e-01
4.308000000000000163e-01
4.298000000000000154e-01
4.400000000000000022e-01
4.173999999999999932e-01
4.275999999999999801e-01
4.113999999999999879e-01
3.805999999999999939e-01
3.380000000000000226e-01
3.150000000000000022e-01
2.587999999999999745e-01
1.978000000000000036e-01
1.693999999999999950e-01
9.760000000000000620e-02
7.380000000000000449e-02
3.559999999999999970e-02
2.000000000000000042e-02
2.299999999999999961e-02
2.960000000000000131e-02
3.359999999999999792e-02
2.659999999999999865e-02
3.119999999999999857e-02
7.340000000000000691e-02
7.220000000000000029e-02
7.220000000000000029e-02
7.359999999999999876e-02
7.159999999999999698e-02
7.080000000000000182e-02
1.280000000000000027e-01
1.660000000000000087e-01
1.809999999999999942e-01
1.998000000000000054e-01
3.765999999999999903e-01
3.543999999999999928e-01
4.581999999999999962e-01
4.802000000000000157e-01
4.863999999999999990e-01
4.355999999999999872e-01
3.874000000000000221e-01
3.976000000000000090e-01
3.910000000000000142e-01
3.207999999999999741e-01
3.150000000000000022e-01
2.912000000000000144e-01
2.601999999999999869e-01
2.285999999999999976e-01
1.799999999999999933e-01
1.729999999999999871e-01
1.603999999999999870e-01
1.675999999999999990e-01
1.277999999999999969e-01
1.570000000000000007e-01
1.603999999999999870e-01
1.761999999999999955e-01
1.945999999999999952e-01
2.106000000000000094e-01
2.222000000000000086e-01
1.632000000000000117e-01
1.628000000000000003e-01
1.663999999999999924e-01
1.587999999999999967e-01
1.847999999999999921e-01
2.285999999999999976e-01
2.540000000000000036e-01
3.055999999999999828e-01
3.260000000000000120e-01
3.675999999999999823e-01
3.644000000000000017e-01
3.595999999999999752e-01
3.648000000000000131e-01
3.876000000000000001e-01
3.573999999999999955e-01
3.963999999999999746e-01
4.099999999999999756e-01
4.606000000000000094e-01
4.329999999999999960e-01
4.042000000000000037e-01
4.097999999999999976e-01
3.366000000000000103e-01
3.084000000000000075e-01
2.227999999999999980e-01
2.245999999999999941e-01
1.962000000000000133e-01
1.915999999999999925e-01
1.660000000000000087e-01
1.847999999999999921e-01
1.411999999999999922e-01
1.283999999999999864e-01
1.401999999999999913e-01
1.857999999999999929e-01
2.250000000000000056e-01
2.416000000000000092e-01
2.341999999999999915e-01
2.631999999999999895e-01
2.867999999999999994e-01
2.898000000000000020e-01
3.240000000000000102e-01
3.936000000000000054e-01
4.262000000000000233e-01
4.067999999999999949e-01
4.571999999999999953e-01
5.010000000000000009e-01
4.941999999999999726e-01
4.954000000000000070e-01
4.727999999999999980e-01
4.929999999999999938e-01
4.969999999999999973e-01
4.507999999999999785e-01
4.571999999999999953e-01
4.012000000000000011e-01
4.159999999999999809e-01
4.143999999999999906e-01
4.259999999999999898e-01
4.274000000000000021e-01
3.855999999999999983e-01
4.328000000000000180e-01
3.881999999999999895e-01
3.575999999999999734e-01
3.592000000000000193e-01
3.316000000000000059e-01
3.141999999999999793e-01
2.922000000000000153e-01
3.155999999999999917e-01
2.882000000000000117e-01
2.863999999999999879e-01
2.730000000000000204e-01
2.731999999999999984e-01
2.807999999999999940e-01
2.716000000000000081e-01
3.068000000000000171e-01
2.641999999999999904e-01
2.417999999999999872e-01
1.970000000000000084e-01
1.539999999999999980e-01
1.340000000000000080e-01
1.355999999999999983e-01
1.137999999999999984e-01
1.409999999999999865e-01
1.391999999999999904e-01
1.711999999999999911e-01
1.766000000000000070e-01
1.620000000000000051e-01
1.661999999999999866e-01
1.729999999999999871e-01
1.890000000000000013e-01
2.152000000000000024e-01
2.078000000000000125e-01
2.043999999999999984e-01
2.202000000000000068e-01
2.156000000000000139e-01
2.278000000000000025e-01
2.298000000000000043e-01
2.417999999999999872e-01
2.409999999999999920e-01
2.411999999999999977e-01
2.580000000000000071e-01
2.802000000000000046e-01
2.766000000000000125e-01
2.624000000000000221e-01
2.614000000000000212e-01
2.674000000000000266e-01
2.575999999999999956e-01
2.630000000000000115e-01
2.510000000000000009e-01
2.368000000000000105e-01
2.407999999999999863e-01
2.464000000000000079e-01
2.411999999999999977e-01
2.899999999999999800e-01
3.180000000000000049e-01
3.380000000000000226e-01
3.528000000000000025e-01
3.423999999999999821e-01
3.598000000000000087e-01
3.642000000000000237e-01
3.420000000000000262e-01
3.356000000000000094e-01
3.330000000000000182e-01
3.042000000000000259e-01
2.404000000000000026e-01
2.124000000000000055e-01
1.726000000000000034e-01
1.436000000000000054e-01
1.328000000000000014e-01
1.451999999999999957e-01
1.203999999999999931e-01
1.408000000000000085e-01
1.267999999999999960e-01
1.274000000000000132e-01
1.170000000000000068e-01
1.519999999999999962e-01
1.746000000000000052e-01
1.610000000000000042e-01
1.759999999999999898e-01
1.635999999999999954e-01
1.827999999999999903e-01
2.056000000000000050e-01
2.446000000000000119e-01
3.297999999999999821e-01
3.744000000000000106e-01
3.423999999999999821e-01
3.549999999999999822e-01
3.840000000000000080e-01
4.066000000000000170e-01
4.484000000000000208e-01
4.773999999999999910e-01
4.813999999999999946e-01
5.106000000000000538e-01
4.995999999999999885e-01
5.053999999999999604e-01
4.351999999999999758e-01
4.292000000000000259e-01
4.229999999999999871e-01
4.258000000000000118e-01
4.053999999999999826e-01
4.139999999999999791e-01
4.516000000000000014e-01
4.428000000000000269e-01
4.465999999999999970e-01
4.212000000000000188e-01
4.252000000000000224e-01
4.348000000000000198e-01
4.736000000000000210e-01
4.662000000000000033e-01
4.941999999999999726e-01
4.895999999999999797e-01
4.862000000000000210e-01
4.369999999999999996e-01
4.321999999999999731e-01
4.117999999999999994e-01
4.465999999999999970e-01
3.831999999999999851e-01
3.714000000000000079e-01
3.467999999999999972e-01
3.363999999999999768e-01
2.677999999999999825e-01
2.116000000000000103e-01
2.147999999999999909e-01
1.270000000000000018e-01
1.436000000000000054e-01
1.213999999999999940e-01
1.212000000000000022e-01
1.557999999999999940e-01
2.126000000000000112e-01
3.111999999999999766e-01
3.321999999999999953e-01
4.067999999999999949e-01
4.475999999999999979e-01
4.693999999999999839e-01
4.779999999999999805e-01
5.078000000000000291e-01
4.759999999999999787e-01
4.563999999999999724e-01
4.796000000000000263e-01
4.537999999999999812e-01
4.321999999999999731e-01
4.072000000000000064e-01
4.093999999999999861e-01
3.738000000000000211e-01
3.748000000000000220e-01
3.045999999999999819e-01
2.993999999999999995e-01
2.928000000000000047e-01
2.993999999999999995e-01
2.849999999999999756e-01
2.654000000000000248e-01
2.730000000000000204e-01
2.810000000000000275e-01
2.822000000000000064e-01
2.766000000000000125e-01
2.810000000000000275e-01
2.955999999999999739e-01
2.955999999999999739e-01
2.953999999999999959e-01
2.615999999999999992e-01
2.235999999999999932e-01
2.301999999999999880e-01
2.720000000000000195e-01
2.803999999999999826e-01
2.756000000000000116e-01
2.859999999999999765e-01
2.882000000000000117e-01
3.175999999999999934e-01
3.654000000000000026e-01
3.798000000000000265e-01
3.921999999999999931e-01
4.047999999999999932e-01
4.321999999999999731e-01
4.696000000000000174e-01
5.041999999999999815e-01
5.008000000000000229e-01
4.869999999999999885e-01
4.670000000000000262e-01
4.491999999999999882e-01
3.815999999999999948e-01
3.688000000000000167e-01
3.266000000000000014e-01
2.896000000000000241e-01
2.817999999999999949e-01
2.313999999999999946e-01
1.847999999999999921e-01
1.819999999999999951e-01
1.302000000000000102e-01
9.760000000000000620e-02
6.320000000000000617e-02
5.979999999999999899e-02
5.899999999999999689e-02
2.199999999999999872e-02
2.680000000000000090e-02
2.440000000000000155e-02
8.200000000000000691e-03
1.600000000000000077e-03
1.600000000000000077e-03
1.399999999999999986e-03
1.000000000000000021e-03
8.000000000000000383e-04
1.199999999999999895e-03
1.000000000000000021e-03
6.799999999999999621e-03
7.000000000000000146e-03
8.000000000000000167e-03
8.999999999999999320e-03
5.599999999999999943e-03
4.359999999999999987e-02
2.079999999999999905e-02
5.879999999999999810e-02
8.519999999999999796e-02
8.359999999999999376e-02
9.560000000000000442e-02
9.879999999999999893e-02
1.102000000000000063e-01
1.102000000000000063e-01
1.486000000000000099e-01
1.729999999999999871e-01
1.673999999999999932e-01
1.826000000000000123e-01
1.869999999999999996e-01
1.855999999999999872e-01
2.030000000000000138e-01
1.975999999999999979e-01
2.172000000000000042e-01
2.119999999999999940e-01
2.283999999999999919e-01
2.223999999999999866e-01
2.225999999999999923e-01
2.288000000000000034e-01
2.358000000000000096e-01
2.328000000000000069e-01
2.159999999999999976e-01
2.185999999999999888e-01
2.263999999999999901e-01
2.237999999999999989e-01
2.300000000000000100e-01
2.311999999999999889e-01
2.242000000000000104e-01
2.194000000000000117e-01
2.233999999999999875e-01
2.508000000000000229e-01
2.827999999999999958e-01
3.679999999999999938e-01
3.662000000000000255e-01
3.267999999999999794e-01
4.007999999999999896e-01
4.454000000000000181e-01
4.285999999999999810e-01
4.768000000000000016e-01
4.808000000000000052e-01
4.845999999999999752e-01
4.922000000000000264e-01
5.070000000000000062e-01
5.046000000000000485e-01
4.964000000000000079e-01
4.908000000000000140e-01
5.031999999999999806e-01
4.951999999999999735e-01
4.932000000000000273e-01
4.964000000000000079e-01
5.088000000000000300e-01
4.746000000000000218e-01
4.586000000000000076e-01
4.756000000000000227e-01
4.683999999999999830e-01
4.229999999999999871e-01
4.591999999999999971e-01
4.656000000000000139e-01
4.670000000000000262e-01
4.597999999999999865e-01
4.686000000000000165e-01
4.833999999999999964e-01
4.788000000000000034e-01
4.752000000000000113e-01
4.793999999999999928e-01
4.928000000000000158e-01
4.944000000000000061e-01
4.825999999999999734e-01
4.766000000000000236e-01
4.673999999999999821e-01
4.693999999999999839e-01
4.617999999999999883e-01
4.909999999999999920e-01
4.924000000000000044e-01
4.742000000000000104e-01
4.689999999999999725e-01
4.285999999999999810e-01
4.166000000000000258e-01
3.941999999999999948e-01
3.784000000000000141e-01
3.294000000000000261e-01
2.989999999999999880e-01
2.607999999999999763e-01
2.159999999999999976e-01
2.194000000000000117e-01
1.514000000000000068e-01
1.388000000000000067e-01
1.297999999999999987e-01
1.282000000000000084e-01
9.859999999999999321e-02
1.049999999999999961e-01
9.879999999999999893e-02
9.979999999999999982e-02
9.320000000000000506e-02
7.280000000000000360e-02
8.580000000000000127e-02
1.078000000000000069e-01
1.093999999999999972e-01
1.448000000000000120e-01
1.512000000000000011e-01
1.613999999999999879e-01
1.804000000000000048e-01
1.778000000000000136e-01
1.787999999999999867e-01
1.884000000000000119e-01
2.797999999999999932e-01
2.847999999999999976e-01
3.048000000000000154e-01
3.469999999999999751e-01
3.578000000000000069e-01
3.953999999999999737e-01
4.026000000000000134e-01
3.804000000000000159e-01
3.947999999999999843e-01
4.319999999999999951e-01
4.749999999999999778e-01
4.610000000000000209e-01
4.587999999999999856e-01
4.945999999999999841e-01
4.984000000000000097e-01
4.487999999999999767e-01
4.215999999999999748e-01
4.082000000000000073e-01
3.911999999999999922e-01
3.956000000000000072e-01
3.575999999999999734e-01
3.760000000000000009e-01
3.412000000000000033e-01
3.101999999999999758e-01
3.035999999999999810e-01
3.115999999999999881e-01
2.631999999999999895e-01
2.736000000000000099e-01
2.235999999999999932e-01
2.298000000000000043e-01
2.922000000000000153e-01
2.973999999999999977e-01
2.601999999999999869e-01
2.615999999999999992e-01
2.431999999999999995e-01
2.394000000000000017e-01
2.953999999999999959e-01
2.819999999999999729e-01
2.906000000000000250e-01
3.479999999999999760e-01
3.487999999999999989e-01
3.340000000000000191e-01
3.463999999999999857e-01
3.380000000000000226e-01
3.476000000000000201e-01
3.446000000000000174e-01
3.449999999999999734e-01
3.760000000000000009e-01
4.142000000000000126e-01
3.679999999999999938e-01
4.057999999999999940e-01
4.285999999999999810e-01
4.285999999999999810e-01
4.521999999999999909e-01
4.400000000000000022e-01
4.262000000000000233e-01
4.274000000000000021e-01
3.966000000000000081e-01
3.778000000000000247e-01
3.528000000000000025e-01
3.341999999999999971e-01
3.449999999999999734e-01
3.380000000000000226e-01
3.340000000000000191e-01
3.443999999999999839e-01
3.433999999999999830e-01
3.513999999999999901e-01
3.190000000000000058e-01
3.311999999999999944e-01
3.413999999999999813e-01
3.463999999999999857e-01
3.748000000000000220e-01
3.927999999999999825e-01
4.299999999999999933e-01
4.531999999999999917e-01
4.951999999999999735e-01
4.985999999999999877e-01
4.892000000000000237e-01
4.364000000000000101e-01
4.319999999999999951e-01
4.169999999999999818e-01
4.060000000000000275e-01
4.176000000000000267e-01
3.947999999999999843e-01
3.644000000000000017e-01
3.738000000000000211e-01
3.479999999999999760e-01
3.466000000000000192e-01
3.625999999999999779e-01
3.064000000000000057e-01
2.584000000000000186e-01
2.737999999999999878e-01
1.874000000000000110e-01
1.547999999999999932e-01
1.106000000000000039e-01
9.819999999999999563e-02
8.659999999999999643e-02
9.619999999999999385e-02
7.779999999999999416e-02
7.699999999999999900e-02
8.540000000000000369e-02
8.039999999999999925e-02
9.819999999999999563e-02
1.205999999999999989e-01
1.406000000000000028e-01
1.428000000000000103e-01
1.421999999999999931e-01
1.283999999999999864e-01
1.409999999999999865e-01
1.580000000000000016e-01
1.391999999999999904e-01
1.652000000000000135e-01
1.158000000000000002e-01
1.222000000000000031e-01
1.555999999999999883e-01
1.555999999999999883e-01
1.632000000000000117e-01
1.650000000000000078e-01
1.690000000000000113e-01
1.729999999999999871e-01
2.157999999999999918e-01
2.577999999999999736e-01
2.610000000000000098e-01
2.928000000000000047e-01
3.281999999999999917e-01
3.472000000000000086e-01
3.443999999999999839e-01
3.840000000000000080e-01
4.395999999999999908e-01
4.666000000000000147e-01
4.242000000000000215e-01
3.986000000000000099e-01
3.579999999999999849e-01
3.184000000000000163e-01
2.607999999999999763e-01
2.424000000000000044e-01
1.981999999999999873e-01
1.973999999999999921e-01
1.628000000000000003e-01
1.660000000000000087e-01
1.638000000000000012e-01
1.587999999999999967e-01
1.140000000000000041e-01
1.073999999999999955e-01
9.859999999999999321e-02
6.880000000000000004e-02
6.160000000000000198e-02
6.279999999999999472e-02
6.339999999999999802e-02
6.199999999999999956e-02
4.320000000000000229e-02
2.280000000000000082e-02
9.599999999999999159e-03
1.399999999999999986e-03
1.600000000000000077e-03
1.000000000000000021e-03
9.199999999999999845e-03
1.020000000000000073e-02
2.719999999999999848e-02
2.479999999999999913e-02
9.599999999999999159e-03
2.280000000000000082e-02
7.599999999999999985e-03
2.259999999999999856e-02
6.880000000000000004e-02
6.079999999999999988e-02
7.480000000000000537e-02
7.420000000000000207e-02
7.019999999999999851e-02
7.180000000000000271e-02
9.979999999999999982e-02
7.560000000000000053e-02
2.400000000000000050e-02
3.440000000000000002e-02
4.939999999999999947e-02
7.860000000000000320e-02
8.039999999999999925e-02
1.053999999999999937e-01
7.119999999999999940e-02
7.639999999999999569e-02
7.459999999999999964e-02
7.560000000000000053e-02
7.620000000000000384e-02
4.599999999999999922e-02
5.240000000000000213e-02
5.559999999999999665e-02
3.099999999999999978e-02
3.020000000000000115e-02
2.860000000000000042e-02
2.520000000000000018e-02
2.980000000000000010e-02
2.999999999999999889e-02
3.160000000000000309e-02
2.740000000000000074e-02
2.999999999999999889e-02
3.200000000000000067e-02
3.139999999999999736e-02
5.820000000000000173e-02
5.240000000000000213e-02
4.900000000000000189e-02
1.032000000000000001e-01
1.222000000000000031e-01
1.312000000000000111e-01
1.544000000000000095e-01
1.610000000000000042e-01
1.847999999999999921e-01
2.363999999999999990e-01
2.621999999999999886e-01
2.737999999999999878e-01
3.563999999999999946e-01
4.395999999999999908e-01
4.218000000000000083e-01
4.265999999999999792e-01
4.988000000000000211e-01
4.737999999999999989e-01
4.959999999999999964e-01
5.080000000000000071e-01
4.873999999999999999e-01
4.471999999999999864e-01
4.958000000000000185e-01
4.909999999999999920e-01
4.551999999999999935e-01
4.199999999999999845e-01
4.712000000000000077e-01
4.278000000000000136e-01
3.704000000000000070e-01
4.046000000000000152e-01
4.022000000000000020e-01
3.971999999999999975e-01
4.046000000000000152e-01
4.199999999999999845e-01
4.788000000000000034e-01
4.778000000000000025e-01
4.699999999999999734e-01
4.733999999999999875e-01
4.656000000000000139e-01
4.238000000000000100e-01
4.262000000000000233e-01
4.464000000000000190e-01
4.232000000000000206e-01
4.411999999999999811e-01
4.148000000000000020e-01
4.119999999999999774e-01
4.541999999999999926e-01
4.299999999999999933e-01
4.027999999999999914e-01
3.917999999999999816e-01
3.479999999999999760e-01
4.178000000000000047e-01
3.986000000000000099e-01
3.609999999999999876e-01
3.002000000000000224e-01
2.867999999999999994e-01
2.993999999999999995e-01
2.995999999999999774e-01
3.346000000000000085e-01
3.307999999999999829e-01
3.729999999999999982e-01
3.864000000000000212e-01
3.701999999999999735e-01
4.501999999999999891e-01
4.192000000000000171e-01
5.010000000000000009e-01
4.932000000000000273e-01
4.421999999999999820e-01
4.072000000000000064e-01
4.123999999999999888e-01
4.299999999999999933e-01
4.023999999999999799e-01
3.870000000000000107e-01
3.370000000000000218e-01
3.160000000000000031e-01
2.993999999999999995e-01
3.320000000000000173e-01
3.217999999999999750e-01
2.857999999999999985e-01
2.555999999999999939e-01
2.356000000000000039e-01
1.597999999999999976e-01
1.590000000000000024e-01
8.519999999999999796e-02
8.480000000000000038e-02
3.440000000000000002e-02
3.239999999999999825e-02
2.960000000000000131e-02
2.599999999999999881e-02
2.160000000000000114e-02
2.259999999999999856e-02
4.120000000000000051e-02
4.139999999999999930e-02
3.640000000000000180e-02
4.139999999999999930e-02
3.699999999999999817e-02
3.180000000000000188e-02
3.320000000000000034e-02
5.220000000000000334e-02
5.600000000000000117e-02
5.199999999999999761e-02
7.299999999999999545e-02
8.100000000000000255e-02
1.116000000000000048e-01
1.769999999999999907e-01
2.253999999999999893e-01
2.565999999999999948e-01
