1.845999999999999863e-01
1.706000000000000016e-01
2.088000000000000134e-01
2.051999999999999935e-01
1.945999999999999952e-01
2.028000000000000080e-01
2.285999999999999976e-01
2.439999999999999947e-01
2.462000000000000022e-01
2.680000000000000160e-01
2.667999999999999816e-01
3.170000000000000040e-01
3.568000000000000060e-01
3.619999999999999885e-01
3.665999999999999814e-01
3.655999999999999805e-01
3.800000000000000044e-01
3.835999999999999965e-01
3.981999999999999984e-01
4.309999999999999942e-01
4.264000000000000012e-01
4.268000000000000127e-01
4.581999999999999962e-01
4.633999999999999786e-01
4.743999999999999884e-01
4.773999999999999910e-01
4.974000000000000088e-01
4.959999999999999964e-01
4.855999999999999761e-01
4.855999999999999761e-01
4.729999999999999760e-01
4.666000000000000147e-01
4.935999999999999832e-01
5.060000000000000053e-01
5.088000000000000300e-01
4.687999999999999945e-01
5.130000000000000115e-01
4.991999999999999771e-01
4.778000000000000025e-01
4.749999999999999778e-01
4.477999999999999758e-01
4.368000000000000216e-01
4.183999999999999941e-01
4.062000000000000055e-01
3.764000000000000123e-01
3.916000000000000036e-01
3.850000000000000089e-01
3.452000000000000068e-01
3.467999999999999972e-01
3.220000000000000084e-01
2.949999999999999845e-01
2.607999999999999763e-01
2.615999999999999992e-01
2.561999999999999833e-01
2.472000000000000031e-01
2.644000000000000239e-01
2.777999999999999914e-01
2.817999999999999949e-01
2.803999999999999826e-01
2.993999999999999995e-01
3.124000000000000110e-01
3.376000000000000112e-01
3.851999999999999869e-01
4.066000000000000170e-01
4.385999999999999899e-01
4.610000000000000209e-01
4.593999999999999750e-01
4.954000000000000070e-01
4.974000000000000088e-01
4.536000000000000032e-01
4.394000000000000128e-01
4.017999999999999905e-01
3.827999999999999736e-01
3.416000000000000147e-01
3.402000000000000024e-01
2.969999999999999862e-01
2.959999999999999853e-01
2.561999999999999833e-01
2.466000000000000136e-01
2.265999999999999959e-01
1.958000000000000018e-01
1.932000000000000106e-01
1.867999999999999938e-01
1.754000000000000004e-01
1.741999999999999937e-01
1.797999999999999876e-01
1.799999999999999933e-01
1.849999999999999978e-01
1.854000000000000092e-01
1.865999999999999881e-01
1.797999999999999876e-01
1.713999999999999968e-01
1.822000000000000008e-01
1.759999999999999898e-01
1.955999999999999961e-01
2.039999999999999869e-01
2.263999999999999901e-01
2.369999999999999885e-01
2.424000000000000044e-01
2.524000000000000132e-01
2.567999999999999727e-01
2.882000000000000117e-01
2.713999999999999746e-01
2.701999999999999957e-01
2.802000000000000046e-01
2.741999999999999993e-01
2.657999999999999807e-01
2.636000000000000010e-01
2.467999999999999916e-01
2.456000000000000127e-01
2.341999999999999915e-01
2.263999999999999901e-01
2.243999999999999884e-01
1.955999999999999961e-01
1.721999999999999920e-01
1.754000000000000004e-01
1.535999999999999865e-01
1.580000000000000016e-01
1.497999999999999887e-01
1.264000000000000123e-01
1.188000000000000028e-01
1.150000000000000050e-01
1.008000000000000007e-01
8.260000000000000675e-02
7.560000000000000053e-02
6.959999999999999520e-02
5.140000000000000124e-02
4.299999999999999656e-02
3.200000000000000067e-02
2.819999999999999937e-02
2.139999999999999888e-02
1.919999999999999832e-02
1.379999999999999977e-02
1.519999999999999997e-02
1.319999999999999993e-02
1.020000000000000073e-02
8.200000000000000691e-03
3.799999999999999992e-03
4.599999999999999922e-03
5.000000000000000104e-03
5.400000000000000286e-03
4.400000000000000265e-03
2.799999999999999972e-03
2.599999999999999881e-03
3.599999999999999901e-03
2.200000000000000133e-03
2.000000000000000042e-03
2.399999999999999790e-03
3.399999999999999811e-03
5.999999999999999474e-04
1.000000000000000021e-03
8.000000000000000383e-04
1.000000000000000021e-03
1.799999999999999951e-03
1.600000000000000077e-03
5.999999999999999474e-04
2.200000000000000133e-03
3.399999999999999811e-03
2.200000000000000133e-03
1.399999999999999986e-03
2.000000000000000042e-03
2.799999999999999972e-03
2.599999999999999881e-03
2.200000000000000133e-03
3.599999999999999901e-03
1.799999999999999951e-03
3.000000000000000062e-03
3.399999999999999811e-03
3.000000000000000062e-03
3.399999999999999811e-03
4.199999999999999740e-03
2.599999999999999881e-03
4.400000000000000265e-03
6.199999999999999782e-03
4.000000000000000083e-03
4.599999999999999922e-03
3.200000000000000153e-03
4.599999999999999922e-03
4.000000000000000083e-03
8.000000000000000167e-03
9.599999999999999159e-03
1.060000000000000005e-02
1.039999999999999952e-02
1.200000000000000025e-02
1.260000000000000009e-02
1.679999999999999896e-02
2.160000000000000114e-02
2.659999999999999865e-02
3.160000000000000309e-02
3.960000000000000325e-02
4.859999999999999737e-02
6.099999999999999867e-02
6.460000000000000464e-02
7.000000000000000666e-02
7.019999999999999851e-02
7.299999999999999545e-02
7.019999999999999851e-02
6.900000000000000577e-02
7.499999999999999722e-02
7.159999999999999698e-02
7.480000000000000537e-02
7.580000000000000626e-02
9.760000000000000620e-02
9.260000000000000175e-02
1.062000000000000027e-01
1.136000000000000065e-01
1.262000000000000066e-01
1.335999999999999965e-01
1.398000000000000076e-01
1.534000000000000086e-01
1.593999999999999861e-01
1.847999999999999921e-01
2.058000000000000107e-01
2.182000000000000051e-01
2.558000000000000274e-01
2.710000000000000187e-01
3.042000000000000259e-01
3.466000000000000192e-01
3.605999999999999761e-01
3.904000000000000248e-01
3.911999999999999922e-01
4.374000000000000110e-01
4.583999999999999742e-01
4.969999999999999973e-01
4.570000000000000173e-01
4.235999999999999766e-01
3.874000000000000221e-01
3.499999999999999778e-01
3.341999999999999971e-01
2.670000000000000151e-01
2.528000000000000247e-01
2.290000000000000091e-01
2.107999999999999874e-01
1.652000000000000135e-01
1.642000000000000126e-01
1.554000000000000103e-01
1.421999999999999931e-01
1.106000000000000039e-01
1.008000000000000007e-01
1.018000000000000016e-01
1.188000000000000028e-01
1.282000000000000084e-01
1.368000000000000049e-01
1.567999999999999949e-01
1.378000000000000058e-01
1.529999999999999971e-01
1.625999999999999945e-01
1.894000000000000128e-01
1.797999999999999876e-01
1.693999999999999950e-01
1.950000000000000067e-01
1.955999999999999961e-01
2.081999999999999962e-01
2.200000000000000011e-01
2.278000000000000025e-01
2.378000000000000114e-01
2.396000000000000074e-01
2.677999999999999825e-01
2.741999999999999993e-01
2.879999999999999782e-01
2.958000000000000074e-01
3.121999999999999775e-01
3.114000000000000101e-01
3.443999999999999839e-01
3.632000000000000228e-01
3.665999999999999814e-01
3.855999999999999983e-01
3.780000000000000027e-01
4.481999999999999873e-01
4.868000000000000105e-01
4.722000000000000086e-01
4.358000000000000207e-01
4.072000000000000064e-01
3.976000000000000090e-01
3.876000000000000001e-01
3.731999999999999762e-01
3.406000000000000139e-01
3.291999999999999926e-01
3.205999999999999961e-01
3.361999999999999988e-01
3.181999999999999829e-01
3.049999999999999933e-01
2.681999999999999940e-01
2.109999999999999931e-01
1.680000000000000104e-01
1.353999999999999926e-01
9.800000000000000377e-02
8.920000000000000151e-02
6.300000000000000044e-02
5.439999999999999697e-02
4.499999999999999833e-02
3.280000000000000276e-02
2.160000000000000114e-02
1.480000000000000066e-02
1.060000000000000005e-02
1.340000000000000045e-02
1.099999999999999936e-02
1.319999999999999993e-02
6.400000000000000307e-03
1.119999999999999989e-02
9.199999999999999845e-03
8.200000000000000691e-03
5.799999999999999600e-03
4.599999999999999922e-03
1.080000000000000057e-02
1.119999999999999989e-02
1.519999999999999997e-02
2.139999999999999888e-02
2.040000000000000147e-02
3.059999999999999873e-02
3.620000000000000301e-02
4.179999999999999688e-02
5.360000000000000181e-02
5.899999999999999689e-02
7.180000000000000271e-02
1.226000000000000006e-01
1.603999999999999870e-01
2.000000000000000111e-01
2.232000000000000095e-01
2.172000000000000042e-01
2.822000000000000064e-01
3.200000000000000067e-01
3.638000000000000123e-01
3.973999999999999755e-01
4.112000000000000099e-01
4.072000000000000064e-01
4.355999999999999872e-01
4.632000000000000006e-01
4.729999999999999760e-01
5.086000000000000520e-01
5.091999999999999860e-01
4.557999999999999829e-01
4.445999999999999952e-01
4.113999999999999879e-01
4.027999999999999914e-01
3.804000000000000159e-01
3.327999999999999847e-01
3.572000000000000175e-01
3.313999999999999724e-01
2.772000000000000020e-01
2.710000000000000187e-01
2.731999999999999984e-01
2.459999999999999964e-01
2.610000000000000098e-01
2.575999999999999956e-01
2.525999999999999912e-01
2.610000000000000098e-01
2.595999999999999974e-01
2.429999999999999938e-01
2.600000000000000089e-01
2.510000000000000009e-01
2.273999999999999910e-01
2.154000000000000081e-01
1.913999999999999868e-01
2.126000000000000112e-01
2.021999999999999909e-01
2.195999999999999897e-01
2.388000000000000123e-01
2.611999999999999877e-01
3.170000000000000040e-01
3.659999999999999920e-01
4.156000000000000250e-01
4.541999999999999926e-01
4.969999999999999973e-01
4.912000000000000255e-01
4.561999999999999944e-01
4.022000000000000020e-01
3.946000000000000063e-01
3.459999999999999742e-01
3.104000000000000092e-01
2.955999999999999739e-01
2.847999999999999976e-01
2.878000000000000003e-01
2.902000000000000135e-01
2.670000000000000151e-01
2.746000000000000107e-01
2.837999999999999967e-01
3.075999999999999845e-01
3.180000000000000049e-01
3.443999999999999839e-01
3.622000000000000219e-01
3.407999999999999918e-01
3.447999999999999954e-01
3.518000000000000016e-01
3.457999999999999963e-01
3.778000000000000247e-01
3.729999999999999982e-01
3.721999999999999753e-01
3.658000000000000140e-01
3.678000000000000158e-01
3.546000000000000263e-01
3.648000000000000131e-01
3.755999999999999894e-01
3.751999999999999780e-01
3.840000000000000080e-01
3.981999999999999984e-01
3.910000000000000142e-01
4.138000000000000012e-01
4.166000000000000258e-01
4.122000000000000108e-01
4.022000000000000020e-01
4.010000000000000231e-01
3.801999999999999824e-01
3.628000000000000114e-01
3.603999999999999981e-01
3.463999999999999857e-01
3.270000000000000129e-01
3.171999999999999820e-01
2.889999999999999791e-01
2.797999999999999932e-01
2.720000000000000195e-01
2.538000000000000256e-01
2.258000000000000007e-01
2.235999999999999932e-01
2.088000000000000134e-01
2.071999999999999953e-01
2.227999999999999980e-01
2.235999999999999932e-01
2.343999999999999972e-01
2.343999999999999972e-01
2.467999999999999916e-01
2.353999999999999981e-01
2.560000000000000053e-01
2.839999999999999747e-01
2.836000000000000187e-01
3.244000000000000217e-01
3.366000000000000103e-01
3.638000000000000123e-01
3.891999999999999904e-01
4.199999999999999845e-01
4.437999999999999723e-01
4.457999999999999741e-01
4.853999999999999981e-01
4.630000000000000226e-01
4.474000000000000199e-01
4.369999999999999996e-01
4.325999999999999845e-01
4.179999999999999827e-01
4.188000000000000056e-01
4.384000000000000119e-01
4.541999999999999926e-01
4.865999999999999770e-01
4.686000000000000165e-01
4.677999999999999936e-01
4.435999999999999943e-01
4.215999999999999748e-01
3.961999999999999966e-01
3.729999999999999982e-01
3.489999999999999769e-01
3.261999999999999900e-01
3.091999999999999749e-01
2.939999999999999836e-01
3.022000000000000242e-01
3.004000000000000004e-01
3.022000000000000242e-01
2.998000000000000109e-01
2.876000000000000223e-01
2.978000000000000091e-01
3.121999999999999775e-01
3.290000000000000147e-01
3.260000000000000120e-01
3.260000000000000120e-01
3.477999999999999980e-01
3.453999999999999848e-01
3.453999999999999848e-01
3.367999999999999883e-01
3.533999999999999919e-01
3.058000000000000163e-01
3.171999999999999820e-01
3.230000000000000093e-01
3.612000000000000210e-01
3.548000000000000043e-01
3.906000000000000028e-01
4.209999999999999853e-01
4.096000000000000196e-01
3.971999999999999975e-01
4.166000000000000258e-01
4.321999999999999731e-01
4.298000000000000154e-01
4.398000000000000242e-01
4.380000000000000004e-01
4.514000000000000234e-01
4.381999999999999784e-01
4.620000000000000218e-01
4.524000000000000243e-01
4.601999999999999980e-01
4.732000000000000095e-01
4.647999999999999909e-01
4.709999999999999742e-01
4.677999999999999936e-01
4.415999999999999925e-01
4.520000000000000129e-01
4.380000000000000004e-01
4.467999999999999750e-01
4.487999999999999767e-01
4.524000000000000243e-01
3.987999999999999878e-01
4.037999999999999923e-01
4.292000000000000259e-01
4.172000000000000153e-01
4.076000000000000179e-01
4.213999999999999968e-01
4.254000000000000004e-01
4.223999999999999977e-01
4.593999999999999750e-01
4.647999999999999909e-01
4.683999999999999830e-01
4.610000000000000209e-01
4.348000000000000198e-01
4.371999999999999775e-01
4.408000000000000251e-01
4.294000000000000039e-01
4.285999999999999810e-01
4.119999999999999774e-01
4.163999999999999924e-01
4.368000000000000216e-01
4.305999999999999828e-01
4.189999999999999836e-01
3.798000000000000265e-01
3.830000000000000071e-01
3.615999999999999770e-01
3.642000000000000237e-01
3.360000000000000209e-01
3.430000000000000271e-01
3.062000000000000277e-01
3.191999999999999837e-01
3.059999999999999942e-01
2.978000000000000091e-01
2.982000000000000206e-01
2.988000000000000100e-01
3.410000000000000253e-01
3.313999999999999724e-01
3.508000000000000007e-01
3.396000000000000130e-01
3.416000000000000147e-01
3.363999999999999768e-01
3.164000000000000146e-01
3.276000000000000023e-01
3.691999999999999726e-01
3.755999999999999894e-01
4.093999999999999861e-01
4.477999999999999758e-01
4.258000000000000118e-01
4.119999999999999774e-01
3.980000000000000204e-01
4.410000000000000031e-01
4.506000000000000005e-01
4.873999999999999999e-01
5.033999999999999586e-01
4.961999999999999744e-01
5.066000000000000503e-01
4.749999999999999778e-01
4.238000000000000100e-01
4.418000000000000260e-01
4.405999999999999917e-01
4.381999999999999784e-01
4.043999999999999817e-01
3.628000000000000114e-01
3.613999999999999990e-01
3.383999999999999786e-01
3.383999999999999786e-01
3.260000000000000120e-01
2.963999999999999968e-01
2.995999999999999774e-01
3.185999999999999943e-01
3.284000000000000252e-01
3.714000000000000079e-01
3.215999999999999970e-01
2.969999999999999862e-01
2.369999999999999885e-01
1.768000000000000127e-01
1.476000000000000090e-01
1.446000000000000063e-01
1.203999999999999931e-01
9.660000000000000531e-02
7.140000000000000513e-02
6.800000000000000488e-02
6.800000000000000488e-02
6.700000000000000400e-02
5.439999999999999697e-02
3.579999999999999849e-02
2.719999999999999848e-02
2.060000000000000026e-02
1.660000000000000017e-02
8.600000000000000006e-03
9.400000000000000369e-03
9.400000000000000369e-03
7.000000000000000146e-03
1.179999999999999973e-02
8.800000000000000530e-03
9.400000000000000369e-03
1.159999999999999920e-02
1.020000000000000073e-02
8.600000000000000006e-03
8.999999999999999320e-03
7.400000000000000328e-03
5.400000000000000286e-03
6.000000000000000125e-03
7.199999999999999803e-03
1.060000000000000005e-02
1.239999999999999956e-02
1.480000000000000066e-02
1.499999999999999944e-02
1.280000000000000061e-02
1.299999999999999940e-02
1.260000000000000009e-02
1.280000000000000061e-02
1.499999999999999944e-02
1.480000000000000066e-02
1.839999999999999969e-02
1.299999999999999940e-02
1.760000000000000106e-02
1.700000000000000122e-02
2.280000000000000082e-02
2.779999999999999832e-02
3.099999999999999978e-02
2.680000000000000090e-02
3.219999999999999946e-02
3.679999999999999938e-02
4.780000000000000221e-02
5.140000000000000124e-02
5.419999999999999818e-02
5.099999999999999672e-02
6.199999999999999956e-02
6.099999999999999867e-02
6.099999999999999867e-02
7.340000000000000691e-02
6.700000000000000400e-02
7.340000000000000691e-02
6.279999999999999472e-02
6.060000000000000109e-02
6.199999999999999956e-02
6.119999999999999746e-02
8.119999999999999440e-02
8.019999999999999352e-02
9.120000000000000329e-02
9.660000000000000531e-02
9.500000000000000111e-02
1.083999999999999964e-01
1.018000000000000016e-01
1.154000000000000026e-01
1.137999999999999984e-01
1.223999999999999949e-01
1.567999999999999949e-01
1.743999999999999995e-01
1.897999999999999965e-01
2.607999999999999763e-01
3.221999999999999864e-01
3.446000000000000174e-01
3.301999999999999935e-01
3.347999999999999865e-01
3.237999999999999767e-01
3.876000000000000001e-01
4.477999999999999758e-01
4.198000000000000065e-01
4.487999999999999767e-01
3.781999999999999806e-01
4.264000000000000012e-01
4.550000000000000155e-01
4.490000000000000102e-01
4.643999999999999795e-01
4.394000000000000128e-01
3.817999999999999727e-01
3.788000000000000256e-01
3.801999999999999824e-01
3.412000000000000033e-01
3.410000000000000253e-01
3.105999999999999872e-01
3.068000000000000171e-01
2.647999999999999798e-01
2.561999999999999833e-01
2.233999999999999875e-01
2.175999999999999879e-01
2.097999999999999865e-01
1.797999999999999876e-01
1.784000000000000030e-01
1.607999999999999985e-01
1.477999999999999869e-01
1.252000000000000057e-01
1.328000000000000014e-01
1.438000000000000111e-01
1.312000000000000111e-01
1.272000000000000075e-01
1.233999999999999958e-01
1.144000000000000017e-01
1.131999999999999951e-01
1.218000000000000055e-01
1.212000000000000022e-01
1.155999999999999944e-01
1.073999999999999955e-01
1.160000000000000059e-01
1.068000000000000060e-01
9.779999999999999805e-02
9.360000000000000264e-02
9.260000000000000175e-02
9.360000000000000264e-02
1.021999999999999992e-01
9.560000000000000442e-02
9.900000000000000466e-02
9.180000000000000659e-02
9.039999999999999425e-02
1.042000000000000010e-01
1.029999999999999943e-01
9.959999999999999409e-02
1.049999999999999961e-01
1.242000000000000048e-01
1.365999999999999992e-01
1.303999999999999881e-01
1.675999999999999990e-01
1.668000000000000038e-01
1.970000000000000084e-01
2.084000000000000019e-01
2.097999999999999865e-01
2.081999999999999962e-01
1.963999999999999913e-01
2.197999999999999954e-01
2.081999999999999962e-01
2.321999999999999897e-01
2.172000000000000042e-01
2.230000000000000038e-01
2.164000000000000090e-01
2.185999999999999888e-01
2.343999999999999972e-01
2.518000000000000238e-01
2.938000000000000056e-01
3.343999999999999750e-01
3.489999999999999769e-01
3.917999999999999816e-01
4.378000000000000225e-01
4.526000000000000023e-01
4.514000000000000234e-01
4.773999999999999910e-01
4.501999999999999891e-01
3.897999999999999798e-01
3.573999999999999955e-01
2.928000000000000047e-01
2.290000000000000091e-01
2.119999999999999940e-01
1.600000000000000033e-01
1.507999999999999896e-01
1.380000000000000115e-01
1.092000000000000054e-01
9.220000000000000417e-02
8.060000000000000497e-02
5.800000000000000294e-02
5.000000000000000278e-02
4.299999999999999656e-02
2.819999999999999937e-02
3.039999999999999994e-02
2.939999999999999905e-02
2.639999999999999986e-02
3.080000000000000099e-02
2.960000000000000131e-02
2.120000000000000009e-02
2.000000000000000042e-02
1.940000000000000058e-02
1.580000000000000154e-02
1.359999999999999924e-02
1.799999999999999864e-02
1.140000000000000041e-02
1.400000000000000029e-02
1.159999999999999920e-02
1.340000000000000045e-02
1.319999999999999993e-02
1.379999999999999977e-02
1.260000000000000009e-02
1.480000000000000066e-02
1.619999999999999912e-02
1.739999999999999880e-02
1.700000000000000122e-02
1.859999999999999848e-02
1.619999999999999912e-02
2.000000000000000042e-02
2.380000000000000171e-02
2.699999999999999969e-02
2.280000000000000082e-02
2.299999999999999961e-02
2.359999999999999945e-02
2.160000000000000114e-02
2.440000000000000155e-02
2.560000000000000123e-02
2.179999999999999993e-02
2.740000000000000074e-02
2.659999999999999865e-02
2.120000000000000009e-02
2.440000000000000155e-02
2.299999999999999961e-02
2.840000000000000163e-02
2.340000000000000066e-02
2.620000000000000107e-02
2.860000000000000042e-02
3.839999999999999664e-02
2.879999999999999921e-02
3.059999999999999873e-02
2.259999999999999856e-02
2.999999999999999889e-02
2.900000000000000147e-02
2.759999999999999953e-02
2.779999999999999832e-02
2.560000000000000123e-02
2.440000000000000155e-02
2.960000000000000131e-02
2.819999999999999937e-02
2.400000000000000050e-02
3.020000000000000115e-02
3.660000000000000059e-02
3.980000000000000204e-02
4.959999999999999826e-02
4.279999999999999777e-02
4.639999999999999680e-02
4.780000000000000221e-02
4.979999999999999705e-02
5.519999999999999907e-02
6.439999999999999891e-02
6.859999999999999432e-02
7.320000000000000118e-02
8.500000000000000611e-02
8.740000000000000546e-02
1.032000000000000001e-01
1.096000000000000030e-01
8.540000000000000369e-02
8.959999999999999909e-02
8.019999999999999352e-02
6.560000000000000553e-02
7.280000000000000360e-02
8.140000000000000013e-02
7.280000000000000360e-02
8.999999999999999667e-02
9.299999999999999933e-02
1.069999999999999979e-01
1.277999999999999969e-01
1.236000000000000015e-01
1.202000000000000013e-01
1.272000000000000075e-01
1.580000000000000016e-01
1.564000000000000112e-01
1.547999999999999932e-01
1.690000000000000113e-01
1.872000000000000053e-01
2.051999999999999935e-01
2.338000000000000078e-01
2.462000000000000022e-01
2.681999999999999940e-01
2.731999999999999984e-01
2.829999999999999738e-01
2.888000000000000012e-01
2.601999999999999869e-01
2.654000000000000248e-01
2.637999999999999790e-01
2.671999999999999931e-01
2.762000000000000011e-01
