3.356000000000000094e-01
2.969999999999999862e-01
2.258000000000000007e-01
1.917999999999999983e-01
1.246000000000000024e-01
9.660000000000000531e-02
9.400000000000000022e-02
1.097999999999999948e-01
1.642000000000000126e-01
2.088000000000000134e-01
2.899999999999999800e-01
4.119999999999999774e-01
4.717999999999999972e-01
4.000000000000000222e-01
2.943999999999999950e-01
2.414000000000000035e-01
2.210000000000000020e-01
1.733999999999999986e-01
2.051999999999999935e-01
2.268000000000000016e-01
2.363999999999999990e-01
2.427999999999999881e-01
2.690000000000000169e-01
3.287999999999999812e-01
3.684000000000000052e-01
4.593999999999999750e-01
4.369999999999999996e-01
3.168000000000000260e-01
2.142000000000000015e-01
1.212000000000000022e-01
7.860000000000000320e-02
4.619999999999999801e-02
4.259999999999999898e-02
4.379999999999999866e-02
3.320000000000000034e-02
2.599999999999999881e-02
1.779999999999999985e-02
1.480000000000000066e-02
1.280000000000000061e-02
8.200000000000000691e-03
1.020000000000000073e-02
9.199999999999999845e-03
7.199999999999999803e-03
9.400000000000000369e-03
2.939999999999999905e-02
6.219999999999999835e-02
1.203999999999999931e-01
2.076000000000000068e-01
3.356000000000000094e-01
4.642000000000000015e-01
4.884000000000000008e-01
4.451999999999999846e-01
4.374000000000000110e-01
4.275999999999999801e-01
4.586000000000000076e-01
4.481999999999999873e-01
4.843999999999999972e-01
4.388000000000000234e-01
4.477999999999999758e-01
4.682000000000000051e-01
4.159999999999999809e-01
4.203999999999999959e-01
4.158000000000000029e-01
4.401999999999999802e-01
5.096000000000000529e-01
4.358000000000000207e-01
4.334000000000000075e-01
4.298000000000000154e-01
3.552000000000000157e-01
3.467999999999999972e-01
3.074000000000000066e-01
3.361999999999999988e-01
3.333999999999999742e-01
3.489999999999999769e-01
3.684000000000000052e-01
3.552000000000000157e-01
4.002000000000000002e-01
4.772000000000000131e-01
4.129999999999999782e-01
3.980000000000000204e-01
3.639999999999999902e-01
3.201999999999999846e-01
2.862000000000000099e-01
2.664000000000000257e-01
2.111999999999999988e-01
2.136000000000000121e-01
2.411999999999999977e-01
2.677999999999999825e-01
3.008000000000000118e-01
3.382000000000000006e-01
3.473999999999999866e-01
2.913999999999999924e-01
2.849999999999999756e-01
3.130000000000000004e-01
3.513999999999999901e-01
4.168000000000000038e-01
3.851999999999999869e-01
4.395999999999999908e-01
4.289999999999999925e-01
3.931999999999999940e-01
3.508000000000000007e-01
3.701999999999999735e-01
2.770000000000000240e-01
3.297999999999999821e-01
2.477999999999999925e-01
1.930000000000000049e-01
1.701999999999999902e-01
1.681999999999999884e-01
1.458000000000000129e-01
1.358000000000000040e-01
1.723999999999999977e-01
1.827999999999999903e-01
2.235999999999999932e-01
2.485999999999999877e-01
2.363999999999999990e-01
1.993999999999999939e-01
1.658000000000000029e-01
1.008000000000000007e-01
5.999999999999999778e-02
3.579999999999999849e-02
1.600000000000000033e-02
1.640000000000000138e-02
2.479999999999999913e-02
1.760000000000000106e-02
1.239999999999999956e-02
9.199999999999999845e-03
1.140000000000000041e-02
6.000000000000000125e-03
8.399999999999999481e-03
4.000000000000000083e-03
2.000000000000000042e-03
1.399999999999999986e-03
2.599999999999999881e-03
2.599999999999999881e-03
5.400000000000000286e-03
6.400000000000000307e-03
5.199999999999999761e-03
6.599999999999999964e-03
8.800000000000000530e-03
1.179999999999999973e-02
1.799999999999999864e-02
2.199999999999999872e-02
2.380000000000000171e-02
3.280000000000000276e-02
3.520000000000000212e-02
3.780000000000000027e-02
3.479999999999999760e-02
3.640000000000000180e-02
3.320000000000000034e-02
3.160000000000000309e-02
3.799999999999999906e-02
3.359999999999999792e-02
3.620000000000000301e-02
3.020000000000000115e-02
3.039999999999999994e-02
2.960000000000000131e-02
2.759999999999999953e-02
3.119999999999999857e-02
2.599999999999999881e-02
2.719999999999999848e-02
2.340000000000000066e-02
3.259999999999999704e-02
2.599999999999999881e-02
3.080000000000000099e-02
3.620000000000000301e-02
4.000000000000000083e-02
4.979999999999999705e-02
6.320000000000000617e-02
8.559999999999999554e-02
1.008000000000000007e-01
1.181999999999999995e-01
1.381999999999999895e-01
1.378000000000000058e-01
1.570000000000000007e-01
1.698000000000000065e-01
1.681999999999999884e-01
1.933999999999999886e-01
1.942000000000000115e-01
1.729999999999999871e-01
1.804000000000000048e-01
1.733999999999999986e-01
1.817999999999999894e-01
1.565999999999999892e-01
1.441999999999999948e-01
1.438000000000000111e-01
1.534000000000000086e-01
1.658000000000000029e-01
1.650000000000000078e-01
1.680000000000000104e-01
1.799999999999999933e-01
1.902000000000000079e-01
1.857999999999999929e-01
2.088000000000000134e-01
2.447999999999999898e-01
2.703999999999999737e-01
3.038000000000000145e-01
3.546000000000000263e-01
3.845999999999999974e-01
4.199999999999999845e-01
4.258000000000000118e-01
4.451999999999999846e-01
4.264000000000000012e-01
4.245999999999999774e-01
4.510000000000000120e-01
4.766000000000000236e-01
4.884000000000000008e-01
4.772000000000000131e-01
4.788000000000000034e-01
4.918000000000000149e-01
4.838000000000000078e-01
4.778000000000000025e-01
4.835999999999999743e-01
4.660000000000000253e-01
4.702000000000000068e-01
4.510000000000000120e-01
4.369999999999999996e-01
4.401999999999999802e-01
4.590000000000000191e-01
4.298000000000000154e-01
3.739999999999999991e-01
3.141999999999999793e-01
2.558000000000000274e-01
2.006000000000000005e-01
1.360000000000000098e-01
1.164000000000000035e-01
8.959999999999999909e-02
6.279999999999999472e-02
4.259999999999999898e-02
2.900000000000000147e-02
2.100000000000000130e-02
2.400000000000000050e-02
1.220000000000000077e-02
1.660000000000000017e-02
1.420000000000000082e-02
1.220000000000000077e-02
1.220000000000000077e-02
1.340000000000000045e-02
1.080000000000000057e-02
1.159999999999999920e-02
1.020000000000000073e-02
8.600000000000000006e-03
8.200000000000000691e-03
5.799999999999999600e-03
6.199999999999999782e-03
2.399999999999999790e-03
4.199999999999999740e-03
2.200000000000000133e-03
3.200000000000000153e-03
2.200000000000000133e-03
2.399999999999999790e-03
2.200000000000000133e-03
3.599999999999999901e-03
5.000000000000000104e-03
4.799999999999999580e-03
4.799999999999999580e-03
6.599999999999999964e-03
8.200000000000000691e-03
1.439999999999999961e-02
1.660000000000000017e-02
2.120000000000000009e-02
2.560000000000000123e-02
3.200000000000000067e-02
3.440000000000000002e-02
4.420000000000000318e-02
6.400000000000000133e-02
7.920000000000000651e-02
1.044000000000000067e-01
9.339999999999999691e-02
1.039999999999999952e-01
1.011999999999999983e-01
1.035999999999999976e-01
9.740000000000000047e-02
8.659999999999999643e-02
8.619999999999999885e-02
7.040000000000000424e-02
5.759999999999999842e-02
5.739999999999999963e-02
4.880000000000000310e-02
4.379999999999999866e-02
4.220000000000000140e-02
3.300000000000000155e-02
3.259999999999999704e-02
2.160000000000000114e-02
1.899999999999999953e-02
1.400000000000000029e-02
1.519999999999999997e-02
1.779999999999999985e-02
1.739999999999999880e-02
2.359999999999999945e-02
2.199999999999999872e-02
2.500000000000000139e-02
2.380000000000000171e-02
2.759999999999999953e-02
2.580000000000000002e-02
3.440000000000000002e-02
3.939999999999999752e-02
5.260000000000000092e-02
7.019999999999999851e-02
8.279999999999999860e-02
1.082000000000000045e-01
1.087999999999999939e-01
1.049999999999999961e-01
1.025999999999999968e-01
8.200000000000000344e-02
1.015999999999999959e-01
1.433999999999999997e-01
1.343999999999999917e-01
1.340000000000000080e-01
1.330000000000000071e-01
1.419999999999999873e-01
1.524000000000000077e-01
1.703999999999999959e-01
1.869999999999999996e-01
2.406000000000000083e-01
2.265999999999999959e-01
2.295999999999999985e-01
2.414000000000000035e-01
2.331999999999999906e-01
2.147999999999999909e-01
1.930000000000000049e-01
2.386000000000000065e-01
2.479999999999999982e-01
2.740000000000000213e-01
2.883999999999999897e-01
2.908000000000000029e-01
2.740000000000000213e-01
3.144000000000000128e-01
2.902000000000000135e-01
3.128000000000000225e-01
3.261999999999999900e-01
3.277999999999999803e-01
3.280000000000000138e-01
3.423999999999999821e-01
3.386000000000000121e-01
3.356000000000000094e-01
3.148000000000000242e-01
2.720000000000000195e-01
2.654000000000000248e-01
2.472000000000000031e-01
2.252000000000000113e-01
1.756000000000000061e-01
1.446000000000000063e-01
1.110000000000000014e-01
5.680000000000000326e-02
4.599999999999999922e-02
3.280000000000000276e-02
3.579999999999999849e-02
4.399999999999999745e-02
3.880000000000000115e-02
4.900000000000000189e-02
6.560000000000000553e-02
7.599999999999999811e-02
8.240000000000000102e-02
8.920000000000000151e-02
7.779999999999999416e-02
8.260000000000000675e-02
6.539999999999999980e-02
7.779999999999999416e-02
7.099999999999999367e-02
7.920000000000000651e-02
9.020000000000000240e-02
1.073999999999999955e-01
1.151999999999999968e-01
1.228000000000000064e-01
1.325999999999999956e-01
1.516000000000000125e-01
1.671999999999999875e-01
2.106000000000000094e-01
2.776000000000000134e-01
3.437999999999999945e-01
4.077999999999999958e-01
4.229999999999999871e-01
4.285999999999999810e-01
4.621999999999999997e-01
4.642000000000000015e-01
4.139999999999999791e-01
4.046000000000000152e-01
4.022000000000000020e-01
4.308000000000000163e-01
4.766000000000000236e-01
4.868000000000000105e-01
4.884000000000000008e-01
4.076000000000000179e-01
3.821999999999999842e-01
3.277999999999999803e-01
2.972000000000000197e-01
2.918000000000000038e-01
3.131999999999999784e-01
3.553999999999999937e-01
4.112000000000000099e-01
4.117999999999999994e-01
4.192000000000000171e-01
3.642000000000000237e-01
4.329999999999999960e-01
4.341999999999999749e-01
4.272000000000000242e-01
4.884000000000000008e-01
3.675999999999999823e-01
3.024000000000000021e-01
2.872000000000000108e-01
2.570000000000000062e-01
2.388000000000000123e-01
3.105999999999999872e-01
3.353999999999999759e-01
4.243999999999999995e-01
4.954000000000000070e-01
3.808000000000000274e-01
2.892000000000000126e-01
3.161999999999999811e-01
2.878000000000000003e-01
2.806000000000000161e-01
3.028000000000000136e-01
3.343999999999999750e-01
4.119999999999999774e-01
3.973999999999999755e-01
4.225999999999999757e-01
4.425999999999999934e-01
5.018000000000000238e-01
3.801999999999999824e-01
3.251999999999999891e-01
3.453999999999999848e-01
3.672000000000000264e-01
3.311999999999999944e-01
2.763999999999999790e-01
2.197999999999999954e-01
2.597999999999999754e-01
2.560000000000000053e-01
3.376000000000000112e-01
4.299999999999999933e-01
3.204000000000000181e-01
1.542000000000000037e-01
1.391999999999999904e-01
1.768000000000000127e-01
4.274000000000000021e-01
4.600000000000000200e-01
3.987999999999999878e-01
3.201999999999999846e-01
2.444000000000000061e-01
2.369999999999999885e-01
2.948000000000000065e-01
3.901999999999999913e-01
4.560000000000000164e-01
4.381999999999999784e-01
4.205999999999999739e-01
2.888000000000000012e-01
2.604000000000000203e-01
2.514000000000000123e-01
2.442000000000000004e-01
1.681999999999999884e-01
1.592000000000000082e-01
1.123999999999999999e-01
6.959999999999999520e-02
5.580000000000000238e-02
5.380000000000000060e-02
8.079999999999999682e-02
8.279999999999999860e-02
1.355999999999999983e-01
1.769999999999999907e-01
2.008000000000000063e-01
2.534000000000000141e-01
3.141999999999999793e-01
3.629999999999999893e-01
4.172000000000000153e-01
4.062000000000000055e-01
4.026000000000000134e-01
4.122000000000000108e-01
4.762000000000000122e-01
4.954000000000000070e-01
4.984000000000000097e-01
4.600000000000000200e-01
4.617999999999999883e-01
4.979999999999999982e-01
4.984000000000000097e-01
4.799999999999999822e-01
4.822000000000000175e-01
4.975999999999999868e-01
4.978000000000000203e-01
4.630000000000000226e-01
4.547999999999999821e-01
4.586000000000000076e-01
4.557999999999999829e-01
3.960000000000000187e-01
3.619999999999999885e-01
2.945999999999999730e-01
2.429999999999999938e-01
2.016000000000000014e-01
2.197999999999999954e-01
3.187999999999999723e-01
3.916000000000000036e-01
5.030000000000000027e-01
4.561999999999999944e-01
4.036000000000000143e-01
4.033999999999999808e-01
3.719999999999999973e-01
3.099999999999999978e-01
3.493999999999999884e-01
2.955999999999999739e-01
2.371999999999999942e-01
2.604000000000000203e-01
3.266000000000000014e-01
4.551999999999999935e-01
4.643999999999999795e-01
4.646000000000000130e-01
4.670000000000000262e-01
4.183999999999999941e-01
3.639999999999999902e-01
3.528000000000000025e-01
3.573999999999999955e-01
3.330000000000000182e-01
3.055999999999999828e-01
2.893999999999999906e-01
3.320000000000000173e-01
3.608000000000000096e-01
3.770000000000000018e-01
2.796000000000000152e-01
2.295999999999999985e-01
2.285999999999999976e-01
1.952000000000000124e-01
1.302000000000000102e-01
1.953999999999999904e-01
2.114000000000000046e-01
2.175999999999999879e-01
2.494000000000000106e-01
3.155999999999999917e-01
4.219999999999999862e-01
4.302000000000000268e-01
2.485999999999999877e-01
9.979999999999999982e-02
4.780000000000000221e-02
3.320000000000000034e-02
3.320000000000000034e-02
3.379999999999999671e-02
4.359999999999999987e-02
5.859999999999999931e-02
1.044000000000000067e-01
1.270000000000000018e-01
9.160000000000000087e-02
1.028000000000000025e-01
1.297999999999999987e-01
1.131999999999999951e-01
1.393999999999999961e-01
1.872000000000000053e-01
3.039999999999999925e-01
4.334000000000000075e-01
4.706000000000000183e-01
3.605999999999999761e-01
3.039999999999999925e-01
2.846000000000000196e-01
2.953999999999999959e-01
3.115999999999999881e-01
3.357999999999999874e-01
3.917999999999999816e-01
4.139999999999999791e-01
4.873999999999999999e-01
4.667999999999999927e-01
3.917999999999999816e-01
3.463999999999999857e-01
2.437999999999999889e-01
1.852000000000000035e-01
1.179999999999999938e-01
1.089999999999999997e-01
1.045999999999999985e-01
1.313999999999999890e-01
1.716000000000000025e-01
2.182000000000000051e-01
2.637999999999999790e-01
3.049999999999999933e-01
2.995999999999999774e-01
3.075999999999999845e-01
2.892000000000000126e-01
3.005999999999999783e-01
3.195999999999999952e-01
3.410000000000000253e-01
3.459999999999999742e-01
2.681999999999999940e-01
2.595999999999999974e-01
2.564000000000000168e-01
2.431999999999999995e-01
2.409999999999999920e-01
1.655999999999999972e-01
8.780000000000000304e-02
2.280000000000000082e-02
7.400000000000000328e-03
6.599999999999999964e-03
7.599999999999999985e-03
7.599999999999999985e-03
1.739999999999999880e-02
3.160000000000000309e-02
6.219999999999999835e-02
1.275999999999999912e-01
1.875999999999999890e-01
2.378000000000000114e-01
2.972000000000000197e-01
4.573999999999999733e-01
2.982000000000000206e-01
1.855999999999999872e-01
1.181999999999999995e-01
1.150000000000000050e-01
1.786000000000000087e-01
2.343999999999999972e-01
2.394000000000000017e-01
3.220000000000000084e-01
3.704000000000000070e-01
4.640000000000000235e-01
4.756000000000000227e-01
4.305999999999999828e-01
4.282000000000000250e-01
4.939999999999999947e-01
4.833999999999999964e-01
4.557999999999999829e-01
2.717999999999999861e-01
1.516000000000000125e-01
7.739999999999999658e-02
6.239999999999999714e-02
3.939999999999999752e-02
9.479999999999999538e-02
1.409999999999999865e-01
2.134000000000000064e-01
2.464000000000000079e-01
2.726000000000000090e-01
2.348000000000000087e-01
2.089999999999999913e-01
2.278000000000000025e-01
2.518000000000000238e-01
2.802000000000000046e-01
2.369999999999999885e-01
2.467999999999999916e-01
2.416000000000000092e-01
2.731999999999999984e-01
3.526000000000000245e-01
4.521999999999999909e-01
4.557999999999999829e-01
3.276000000000000023e-01
2.790000000000000258e-01
2.680000000000000160e-01
2.892000000000000126e-01
2.888000000000000012e-01
3.300000000000000155e-01
3.857999999999999763e-01
4.097999999999999976e-01
4.355999999999999872e-01
3.821999999999999842e-01
2.923999999999999932e-01
2.220000000000000029e-01
1.758000000000000118e-01
1.246000000000000024e-01
1.096000000000000030e-01
1.035999999999999976e-01
7.779999999999999416e-02
7.920000000000000651e-02
8.319999999999999618e-02
1.542000000000000037e-01
2.469999999999999973e-01
3.841999999999999860e-01
4.848000000000000087e-01
4.106000000000000205e-01
3.383999999999999786e-01
3.294000000000000261e-01
3.572000000000000175e-01
3.800000000000000044e-01
3.966000000000000081e-01
3.927999999999999825e-01
4.043999999999999817e-01
4.365999999999999881e-01
4.404000000000000137e-01
4.630000000000000226e-01
4.252000000000000224e-01
4.737999999999999989e-01
4.693999999999999839e-01
4.898000000000000131e-01
4.255999999999999783e-01
4.425999999999999934e-01
3.937999999999999834e-01
3.825999999999999956e-01
3.761999999999999789e-01
4.391999999999999793e-01
4.689999999999999725e-01
4.984000000000000097e-01
4.122000000000000108e-01
3.575999999999999734e-01
3.595999999999999752e-01
3.373999999999999777e-01
3.250000000000000111e-01
2.833999999999999853e-01
2.571999999999999842e-01
2.094000000000000028e-01
2.338000000000000078e-01
2.101999999999999980e-01
2.242000000000000104e-01
2.069999999999999896e-01
1.401999999999999913e-01
1.029999999999999943e-01
5.439999999999999697e-02
2.019999999999999921e-02
9.599999999999999159e-03
1.959999999999999937e-02
4.139999999999999930e-02
5.580000000000000238e-02
7.059999999999999609e-02
8.379999999999999949e-02
9.760000000000000620e-02
1.355999999999999983e-01
2.084000000000000019e-01
2.210000000000000020e-01
2.366000000000000048e-01
1.952000000000000124e-01
1.845999999999999863e-01
2.336000000000000021e-01
3.214000000000000190e-01
4.428000000000000269e-01
4.656000000000000139e-01
4.129999999999999782e-01
3.059999999999999942e-01
2.922000000000000153e-01
2.928000000000000047e-01
2.396000000000000074e-01
3.489999999999999769e-01
4.020000000000000240e-01
4.677999999999999936e-01
2.605999999999999983e-01
1.915999999999999925e-01
1.746000000000000052e-01
1.185999999999999971e-01
1.062000000000000027e-01
1.021999999999999992e-01
2.104000000000000037e-01
4.007999999999999896e-01
4.112000000000000099e-01
2.797999999999999932e-01
2.733999999999999764e-01
2.358000000000000096e-01
2.508000000000000229e-01
2.626000000000000001e-01
1.721999999999999920e-01
9.940000000000000224e-02
5.539999999999999786e-02
8.480000000000000038e-02
1.461999999999999966e-01
1.729999999999999871e-01
2.394000000000000017e-01
2.813999999999999835e-01
2.892000000000000126e-01
2.942000000000000171e-01
4.046000000000000152e-01
4.411999999999999811e-01
2.538000000000000256e-01
1.849999999999999978e-01
1.283999999999999864e-01
1.590000000000000024e-01
2.955999999999999739e-01
4.610000000000000209e-01
3.360000000000000209e-01
2.356000000000000039e-01
1.643999999999999906e-01
6.300000000000000044e-02
3.059999999999999873e-02
1.420000000000000082e-02
1.220000000000000077e-02
1.580000000000000154e-02
2.179999999999999993e-02
2.520000000000000018e-02
2.639999999999999986e-02
2.680000000000000090e-02
4.599999999999999922e-02
7.960000000000000409e-02
1.297999999999999987e-01
1.794000000000000039e-01
1.978000000000000036e-01
2.001999999999999891e-01
1.691999999999999893e-01
1.175999999999999962e-01
8.840000000000000635e-02
7.580000000000000626e-02
5.480000000000000149e-02
4.080000000000000293e-02
3.559999999999999970e-02
4.000000000000000083e-02
4.200000000000000261e-02
5.020000000000000157e-02
7.639999999999999569e-02
7.180000000000000271e-02
9.460000000000000353e-02
1.164000000000000035e-01
1.342000000000000137e-01
1.300000000000000044e-01
1.293999999999999873e-01
1.170000000000000068e-01
1.247999999999999943e-01
1.168000000000000010e-01
1.025999999999999968e-01
1.045999999999999985e-01
9.760000000000000620e-02
8.260000000000000675e-02
6.640000000000000069e-02
5.999999999999999778e-02
8.599999999999999312e-02
9.220000000000000417e-02
1.131999999999999951e-01
1.151999999999999968e-01
1.691999999999999893e-01
2.217999999999999972e-01
2.647999999999999798e-01
3.119999999999999996e-01
3.356000000000000094e-01
3.798000000000000265e-01
4.022000000000000020e-01
4.455999999999999961e-01
4.415999999999999925e-01
4.394000000000000128e-01
4.364000000000000101e-01
4.394000000000000128e-01
4.239999999999999880e-01
4.026000000000000134e-01
3.672000000000000264e-01
3.432000000000000051e-01
3.148000000000000242e-01
3.088000000000000189e-01
2.832000000000000073e-01
2.626000000000000001e-01
2.366000000000000048e-01
2.051999999999999935e-01
1.912000000000000088e-01
1.655999999999999972e-01
1.670000000000000095e-01
1.330000000000000071e-01
1.141999999999999960e-01
7.520000000000000295e-02
3.320000000000000034e-02
2.479999999999999913e-02
1.839999999999999969e-02
2.620000000000000107e-02
2.220000000000000098e-02
3.459999999999999881e-02
3.679999999999999938e-02
5.820000000000000173e-02
5.800000000000000294e-02
7.080000000000000182e-02
7.560000000000000053e-02
5.820000000000000173e-02
6.079999999999999988e-02
6.660000000000000642e-02
5.319999999999999729e-02
6.119999999999999746e-02
5.800000000000000294e-02
6.320000000000000617e-02
6.719999999999999585e-02
5.940000000000000141e-02
5.120000000000000245e-02
4.080000000000000293e-02
4.080000000000000293e-02
3.020000000000000115e-02
