1.580000000000000154e-02
1.299999999999999940e-02
2.220000000000000098e-02
2.560000000000000123e-02
1.519999999999999997e-02
1.739999999999999880e-02
2.000000000000000042e-02
1.619999999999999912e-02
2.280000000000000082e-02
3.200000000000000067e-02
2.860000000000000042e-02
3.679999999999999938e-02
3.459999999999999881e-02
4.979999999999999705e-02
6.940000000000000335e-02
7.439999999999999392e-02
8.540000000000000369e-02
9.800000000000000377e-02
9.819999999999999563e-02
1.134000000000000008e-01
1.539999999999999980e-01
1.678000000000000047e-01
1.749999999999999889e-01
1.885999999999999899e-01
2.107999999999999874e-01
2.300000000000000100e-01
2.222000000000000086e-01
2.351999999999999924e-01
2.836000000000000187e-01
3.045999999999999819e-01
3.150000000000000022e-01
3.664000000000000035e-01
4.348000000000000198e-01
4.863999999999999990e-01
4.480000000000000093e-01
3.884000000000000230e-01
3.439999999999999725e-01
2.800000000000000266e-01
2.214000000000000135e-01
1.721999999999999920e-01
1.353999999999999926e-01
1.032000000000000001e-01
6.479999999999999649e-02
4.939999999999999947e-02
4.499999999999999833e-02
2.819999999999999937e-02
2.239999999999999977e-02
8.000000000000000167e-03
4.599999999999999922e-03
6.199999999999999782e-03
7.199999999999999803e-03
8.999999999999999320e-03
5.400000000000000286e-03
5.599999999999999943e-03
5.400000000000000286e-03
5.400000000000000286e-03
4.799999999999999580e-03
4.599999999999999922e-03
6.599999999999999964e-03
5.599999999999999943e-03
2.799999999999999972e-03
1.600000000000000077e-03
1.399999999999999986e-03
1.600000000000000077e-03
8.000000000000000383e-04
8.000000000000000383e-04
1.199999999999999895e-03
4.400000000000000265e-03
3.000000000000000062e-03
5.400000000000000286e-03
1.439999999999999961e-02
2.460000000000000034e-02
4.900000000000000189e-02
6.199999999999999956e-02
5.879999999999999810e-02
6.740000000000000158e-02
6.700000000000000400e-02
8.400000000000000522e-02
9.520000000000000684e-02
1.150000000000000050e-01
1.318000000000000005e-01
1.673999999999999932e-01
1.968000000000000027e-01
2.215999999999999914e-01
2.736000000000000099e-01
2.727999999999999869e-01
2.988000000000000100e-01
3.642000000000000237e-01
3.911999999999999922e-01
4.557999999999999829e-01
4.929999999999999938e-01
4.702000000000000068e-01
4.284000000000000030e-01
4.032000000000000028e-01
3.906000000000000028e-01
3.705999999999999850e-01
3.459999999999999742e-01
3.264000000000000234e-01
2.999999999999999889e-01
2.707999999999999852e-01
2.464000000000000079e-01
2.162000000000000033e-01
2.210000000000000020e-01
2.114000000000000046e-01
1.789999999999999925e-01
1.849999999999999978e-01
1.615999999999999936e-01
1.658000000000000029e-01
1.665999999999999981e-01
1.741999999999999937e-01
1.761999999999999955e-01
1.658000000000000029e-01
1.698000000000000065e-01
1.628000000000000003e-01
1.822000000000000008e-01
1.668000000000000038e-01
1.806000000000000105e-01
1.761999999999999955e-01
1.822000000000000008e-01
1.691999999999999893e-01
1.713999999999999968e-01
1.897999999999999965e-01
1.930000000000000049e-01
2.111999999999999988e-01
2.049999999999999878e-01
1.904000000000000137e-01
1.942000000000000115e-01
1.945999999999999952e-01
1.904000000000000137e-01
2.101999999999999980e-01
2.001999999999999891e-01
2.338000000000000078e-01
2.184000000000000108e-01
2.167999999999999927e-01
2.243999999999999884e-01
2.250000000000000056e-01
2.200000000000000011e-01
2.121999999999999997e-01
2.079999999999999905e-01
2.068000000000000116e-01
1.963999999999999913e-01
1.952000000000000124e-01
1.751999999999999946e-01
1.955999999999999961e-01
1.872000000000000053e-01
2.139999999999999958e-01
2.058000000000000107e-01
2.604000000000000203e-01
3.134000000000000119e-01
2.857999999999999985e-01
3.134000000000000119e-01
2.856000000000000205e-01
2.913999999999999924e-01
2.813999999999999835e-01
2.842000000000000082e-01
2.943999999999999950e-01
2.863999999999999879e-01
2.528000000000000247e-01
2.766000000000000125e-01
2.856000000000000205e-01
2.501999999999999780e-01
2.258000000000000007e-01
2.154000000000000081e-01
2.273999999999999910e-01
2.018000000000000071e-01
1.887999999999999956e-01
1.758000000000000118e-01
1.547999999999999932e-01
1.506000000000000116e-01
1.262000000000000066e-01
1.161999999999999977e-01
1.087999999999999939e-01
9.500000000000000111e-02
8.480000000000000038e-02
7.560000000000000053e-02
7.439999999999999392e-02
6.619999999999999496e-02
6.160000000000000198e-02
5.720000000000000084e-02
5.920000000000000262e-02
5.700000000000000205e-02
5.979999999999999899e-02
5.920000000000000262e-02
5.480000000000000149e-02
5.279999999999999971e-02
5.340000000000000302e-02
5.739999999999999963e-02
4.760000000000000342e-02
5.260000000000000092e-02
4.979999999999999705e-02
5.179999999999999882e-02
4.700000000000000011e-02
4.719999999999999890e-02
4.619999999999999801e-02
4.139999999999999930e-02
3.919999999999999873e-02
3.640000000000000180e-02
2.999999999999999889e-02
2.299999999999999961e-02
2.860000000000000042e-02
3.239999999999999825e-02
3.300000000000000155e-02
3.099999999999999978e-02
3.320000000000000034e-02
2.659999999999999865e-02
2.319999999999999840e-02
1.640000000000000138e-02
1.200000000000000025e-02
6.799999999999999621e-03
8.999999999999999320e-03
8.200000000000000691e-03
7.199999999999999803e-03
7.000000000000000146e-03
7.599999999999999985e-03
7.400000000000000328e-03
4.799999999999999580e-03
5.000000000000000104e-03
4.000000000000000083e-03
6.799999999999999621e-03
8.600000000000000006e-03
6.799999999999999621e-03
8.399999999999999481e-03
5.599999999999999943e-03
8.000000000000000167e-03
8.200000000000000691e-03
7.799999999999999642e-03
9.799999999999999684e-03
7.000000000000000146e-03
4.400000000000000265e-03
4.199999999999999740e-03
3.399999999999999811e-03
5.599999999999999943e-03
1.799999999999999951e-03
5.599999999999999943e-03
5.599999999999999943e-03
4.000000000000000083e-03
7.000000000000000146e-03
5.400000000000000286e-03
4.599999999999999922e-03
6.799999999999999621e-03
7.199999999999999803e-03
1.159999999999999920e-02
1.119999999999999989e-02
1.020000000000000073e-02
1.060000000000000005e-02
1.179999999999999973e-02
9.400000000000000369e-03
7.599999999999999985e-03
3.599999999999999901e-03
6.000000000000000125e-03
6.799999999999999621e-03
8.800000000000000530e-03
8.200000000000000691e-03
9.199999999999999845e-03
1.060000000000000005e-02
2.019999999999999921e-02
1.619999999999999912e-02
1.779999999999999985e-02
2.220000000000000098e-02
2.580000000000000002e-02
3.339999999999999913e-02
3.860000000000000236e-02
3.679999999999999938e-02
3.839999999999999664e-02
3.980000000000000204e-02
4.739999999999999769e-02
5.199999999999999761e-02
6.460000000000000464e-02
6.079999999999999988e-02
7.040000000000000424e-02
8.419999999999999707e-02
8.039999999999999925e-02
8.279999999999999860e-02
7.900000000000000078e-02
1.028000000000000025e-01
1.265999999999999903e-01
1.014000000000000040e-01
1.262000000000000066e-01
1.250000000000000000e-01
1.246000000000000024e-01
1.181999999999999995e-01
1.042000000000000010e-01
1.243999999999999967e-01
1.215999999999999998e-01
1.343999999999999917e-01
1.426000000000000045e-01
1.320000000000000062e-01
1.285999999999999921e-01
1.205999999999999989e-01
9.139999999999999514e-02
9.239999999999999603e-02
8.039999999999999925e-02
6.160000000000000198e-02
4.739999999999999769e-02
5.500000000000000028e-02
6.360000000000000375e-02
6.980000000000000093e-02
5.639999999999999875e-02
5.020000000000000157e-02
4.399999999999999745e-02
5.319999999999999729e-02
5.979999999999999899e-02
4.120000000000000051e-02
3.860000000000000236e-02
3.760000000000000148e-02
3.520000000000000212e-02
3.440000000000000002e-02
2.999999999999999889e-02
3.080000000000000099e-02
3.059999999999999873e-02
4.059999999999999720e-02
5.639999999999999875e-02
6.360000000000000375e-02
7.639999999999999569e-02
8.119999999999999440e-02
9.139999999999999514e-02
1.029999999999999943e-01
9.919999999999999651e-02
1.137999999999999984e-01
1.348000000000000032e-01
1.491999999999999993e-01
1.602000000000000091e-01
1.865999999999999881e-01
2.222000000000000086e-01
2.610000000000000098e-01
2.936000000000000276e-01
2.959999999999999853e-01
3.281999999999999917e-01
3.436000000000000165e-01
3.387999999999999901e-01
3.619999999999999885e-01
3.311999999999999944e-01
3.366000000000000103e-01
3.254000000000000226e-01
3.065999999999999837e-01
2.661999999999999922e-01
2.293999999999999928e-01
1.965999999999999970e-01
1.877999999999999947e-01
1.824000000000000066e-01
1.787999999999999867e-01
1.776000000000000079e-01
1.617999999999999994e-01
1.255999999999999894e-01
1.213999999999999940e-01
1.024000000000000049e-01
8.200000000000000344e-02
5.279999999999999971e-02
4.839999999999999858e-02
4.959999999999999826e-02
4.399999999999999745e-02
4.460000000000000075e-02
4.220000000000000140e-02
3.960000000000000325e-02
3.559999999999999970e-02
2.980000000000000010e-02
3.180000000000000188e-02
3.839999999999999664e-02
4.979999999999999705e-02
6.180000000000000077e-02
6.660000000000000642e-02
6.740000000000000158e-02
6.320000000000000617e-02
5.920000000000000262e-02
5.340000000000000302e-02
5.439999999999999697e-02
5.179999999999999882e-02
5.140000000000000124e-02
4.800000000000000100e-02
4.299999999999999656e-02
4.359999999999999987e-02
4.299999999999999656e-02
3.719999999999999696e-02
3.679999999999999938e-02
3.259999999999999704e-02
3.300000000000000155e-02
3.620000000000000301e-02
3.259999999999999704e-02
3.099999999999999978e-02
2.699999999999999969e-02
2.759999999999999953e-02
1.619999999999999912e-02
1.159999999999999920e-02
8.200000000000000691e-03
6.599999999999999964e-03
7.400000000000000328e-03
9.599999999999999159e-03
7.000000000000000146e-03
9.199999999999999845e-03
6.199999999999999782e-03
8.000000000000000167e-03
5.799999999999999600e-03
3.200000000000000153e-03
5.599999999999999943e-03
2.399999999999999790e-03
4.000000000000000083e-03
2.000000000000000042e-03
2.599999999999999881e-03
3.599999999999999901e-03
2.399999999999999790e-03
2.799999999999999972e-03
2.799999999999999972e-03
5.599999999999999943e-03
2.399999999999999790e-03
5.199999999999999761e-03
7.000000000000000146e-03
1.260000000000000009e-02
1.660000000000000017e-02
1.340000000000000045e-02
1.420000000000000082e-02
1.580000000000000154e-02
1.559999999999999928e-02
1.280000000000000061e-02
1.540000000000000049e-02
1.260000000000000009e-02
1.400000000000000029e-02
5.000000000000000104e-03
4.799999999999999580e-03
5.599999999999999943e-03
9.199999999999999845e-03
1.039999999999999952e-02
1.200000000000000025e-02
1.179999999999999973e-02
1.239999999999999956e-02
1.260000000000000009e-02
1.220000000000000077e-02
1.179999999999999973e-02
1.340000000000000045e-02
1.799999999999999864e-02
2.040000000000000147e-02
1.739999999999999880e-02
1.640000000000000138e-02
1.159999999999999920e-02
1.540000000000000049e-02
1.340000000000000045e-02
1.039999999999999952e-02
9.199999999999999845e-03
7.000000000000000146e-03
8.999999999999999320e-03
1.020000000000000073e-02
7.799999999999999642e-03
7.799999999999999642e-03
8.600000000000000006e-03
7.599999999999999985e-03
8.800000000000000530e-03
7.599999999999999985e-03
8.999999999999999320e-03
6.000000000000000125e-03
9.400000000000000369e-03
5.799999999999999600e-03
3.200000000000000153e-03
5.199999999999999761e-03
2.799999999999999972e-03
1.399999999999999986e-03
8.000000000000000383e-04
1.399999999999999986e-03
1.199999999999999895e-03
4.000000000000000192e-04
5.999999999999999474e-04
2.200000000000000133e-03
2.200000000000000133e-03
4.000000000000000192e-04
5.999999999999999474e-04
1.399999999999999986e-03
2.000000000000000096e-04
2.000000000000000042e-03
8.000000000000000383e-04
5.999999999999999474e-04
8.000000000000000383e-04
2.200000000000000133e-03
1.600000000000000077e-03
2.599999999999999881e-03
1.799999999999999951e-03
1.199999999999999895e-03
2.399999999999999790e-03
1.199999999999999895e-03
1.799999999999999951e-03
1.199999999999999895e-03
1.399999999999999986e-03
1.199999999999999895e-03
1.600000000000000077e-03
1.199999999999999895e-03
1.399999999999999986e-03
1.799999999999999951e-03
2.200000000000000133e-03
8.000000000000000383e-04
1.600000000000000077e-03
4.000000000000000192e-04
2.000000000000000042e-03
1.000000000000000021e-03
1.399999999999999986e-03
1.199999999999999895e-03
4.000000000000000192e-04
1.799999999999999951e-03
1.199999999999999895e-03
8.000000000000000383e-04
1.399999999999999986e-03
1.000000000000000021e-03
1.000000000000000021e-03
2.200000000000000133e-03
1.199999999999999895e-03
1.399999999999999986e-03
2.000000000000000096e-04
1.000000000000000021e-03
1.000000000000000021e-03
3.000000000000000062e-03
4.000000000000000192e-04
3.200000000000000153e-03
1.600000000000000077e-03
1.399999999999999986e-03
7.400000000000000328e-03
1.119999999999999989e-02
1.379999999999999977e-02
1.340000000000000045e-02
1.679999999999999896e-02
1.080000000000000057e-02
1.319999999999999993e-02
9.799999999999999684e-03
7.599999999999999985e-03
7.000000000000000146e-03
7.799999999999999642e-03
7.000000000000000146e-03
7.599999999999999985e-03
5.599999999999999943e-03
7.000000000000000146e-03
7.000000000000000146e-03
8.200000000000000691e-03
5.799999999999999600e-03
6.400000000000000307e-03
6.000000000000000125e-03
6.400000000000000307e-03
7.599999999999999985e-03
9.599999999999999159e-03
7.599999999999999985e-03
5.199999999999999761e-03
8.200000000000000691e-03
9.199999999999999845e-03
7.000000000000000146e-03
1.140000000000000041e-02
1.299999999999999940e-02
1.060000000000000005e-02
1.720000000000000001e-02
1.499999999999999944e-02
2.160000000000000114e-02
2.000000000000000042e-02
2.699999999999999969e-02
2.960000000000000131e-02
3.960000000000000325e-02
4.200000000000000261e-02
4.639999999999999680e-02
6.500000000000000222e-02
7.499999999999999722e-02
7.159999999999999698e-02
7.080000000000000182e-02
8.580000000000000127e-02
9.619999999999999385e-02
1.100000000000000006e-01
1.222000000000000031e-01
1.361999999999999877e-01
1.572000000000000064e-01
1.719999999999999862e-01
1.845999999999999863e-01
1.842000000000000026e-01
2.152000000000000024e-01
2.121999999999999997e-01
2.320000000000000118e-01
2.363999999999999990e-01
2.298000000000000043e-01
2.560000000000000053e-01
2.676000000000000045e-01
2.661999999999999922e-01
2.681999999999999940e-01
2.837999999999999967e-01
3.211999999999999855e-01
3.386000000000000121e-01
3.573999999999999955e-01
3.685999999999999832e-01
4.067999999999999949e-01
4.149999999999999800e-01
4.213999999999999968e-01
4.381999999999999784e-01
4.511999999999999900e-01
4.693999999999999839e-01
4.621999999999999997e-01
4.819999999999999840e-01
4.918000000000000149e-01
5.008000000000000229e-01
4.932000000000000273e-01
4.587999999999999856e-01
4.364000000000000101e-01
4.254000000000000004e-01
4.096000000000000196e-01
3.894000000000000239e-01
3.920000000000000151e-01
4.007999999999999896e-01
4.179999999999999827e-01
4.477999999999999758e-01
4.517999999999999794e-01
4.597999999999999865e-01
4.601999999999999980e-01
4.461999999999999855e-01
4.166000000000000258e-01
4.179999999999999827e-01
4.093999999999999861e-01
4.285999999999999810e-01
4.278000000000000136e-01
4.182000000000000162e-01
4.457999999999999741e-01
4.455999999999999961e-01
4.547999999999999821e-01
4.759999999999999787e-01
4.838000000000000078e-01
4.425999999999999934e-01
4.178000000000000047e-01
4.264000000000000012e-01
4.159999999999999809e-01
3.860000000000000098e-01
3.844000000000000195e-01
3.618000000000000105e-01
3.615999999999999770e-01
3.382000000000000006e-01
3.343999999999999750e-01
3.178000000000000269e-01
3.131999999999999784e-01
3.058000000000000163e-01
3.200000000000000067e-01
2.942000000000000171e-01
3.058000000000000163e-01
3.052000000000000268e-01
3.042000000000000259e-01
3.071999999999999731e-01
3.019999999999999907e-01
2.963999999999999968e-01
2.926000000000000267e-01
2.959999999999999853e-01
2.969999999999999862e-01
2.933999999999999941e-01
2.939999999999999836e-01
3.002000000000000224e-01
3.185999999999999943e-01
3.048000000000000154e-01
2.989999999999999880e-01
2.837999999999999967e-01
2.747999999999999887e-01
2.863999999999999879e-01
2.737999999999999878e-01
2.580000000000000071e-01
2.511999999999999789e-01
2.381999999999999951e-01
2.310000000000000109e-01
2.197999999999999954e-01
2.154000000000000081e-01
2.263999999999999901e-01
2.232000000000000095e-01
2.454000000000000070e-01
2.495999999999999885e-01
2.626000000000000001e-01
2.716000000000000081e-01
2.802000000000000046e-01
2.892000000000000126e-01
2.952000000000000179e-01
2.836000000000000187e-01
2.945999999999999730e-01
3.098000000000000198e-01
3.045999999999999819e-01
2.962000000000000188e-01
2.958000000000000074e-01
2.859999999999999765e-01
2.857999999999999985e-01
2.816000000000000170e-01
2.697999999999999843e-01
2.548000000000000265e-01
2.594000000000000195e-01
2.449999999999999956e-01
2.338000000000000078e-01
2.258000000000000007e-01
2.058000000000000107e-01
2.119999999999999940e-01
2.010000000000000120e-01
1.917999999999999983e-01
2.033999999999999975e-01
2.109999999999999931e-01
2.003999999999999948e-01
1.975999999999999979e-01
1.877999999999999947e-01
1.894000000000000128e-01
1.882000000000000062e-01
2.074000000000000010e-01
1.897999999999999965e-01
1.890000000000000013e-01
1.884000000000000119e-01
1.670000000000000095e-01
1.784000000000000030e-01
1.691999999999999893e-01
1.698000000000000065e-01
1.748000000000000109e-01
1.613999999999999879e-01
1.577999999999999958e-01
1.514000000000000068e-01
1.280000000000000027e-01
1.264000000000000123e-01
1.213999999999999940e-01
1.213999999999999940e-01
1.011999999999999983e-01
1.242000000000000048e-01
1.179999999999999938e-01
1.102000000000000063e-01
1.275999999999999912e-01
1.130000000000000032e-01
1.236000000000000015e-01
1.323999999999999899e-01
1.419999999999999873e-01
1.562000000000000055e-01
2.018000000000000071e-01
2.146000000000000130e-01
2.631999999999999895e-01
2.807999999999999940e-01
3.171999999999999820e-01
3.516000000000000236e-01
3.870000000000000107e-01
4.003999999999999782e-01
4.223999999999999977e-01
4.252000000000000224e-01
4.312000000000000277e-01
4.560000000000000164e-01
4.786000000000000254e-01
4.712000000000000077e-01
4.590000000000000191e-01
4.435999999999999943e-01
4.309999999999999942e-01
4.199999999999999845e-01
4.093999999999999861e-01
3.910000000000000142e-01
4.076000000000000179e-01
4.195999999999999730e-01
4.243999999999999995e-01
4.023999999999999799e-01
3.831999999999999851e-01
4.000000000000000222e-01
4.053999999999999826e-01
4.126000000000000223e-01
3.950000000000000178e-01
3.977999999999999869e-01
4.016000000000000125e-01
4.238000000000000100e-01
4.274000000000000021e-01
4.390000000000000013e-01
4.279999999999999916e-01
4.581999999999999962e-01
5.060000000000000053e-01
5.003999999999999559e-01
4.885999999999999788e-01
4.673999999999999821e-01
4.361999999999999766e-01
4.235999999999999766e-01
4.444000000000000172e-01
4.017999999999999905e-01
4.010000000000000231e-01
4.027999999999999914e-01
3.487999999999999989e-01
3.679999999999999938e-01
3.744000000000000106e-01
3.459999999999999742e-01
3.214000000000000190e-01
3.346000000000000085e-01
2.943999999999999950e-01
2.899999999999999800e-01
2.763999999999999790e-01
2.323999999999999955e-01
2.227999999999999980e-01
1.953999999999999904e-01
1.836000000000000132e-01
1.665999999999999981e-01
1.721999999999999920e-01
1.688000000000000056e-01
1.529999999999999971e-01
1.411999999999999922e-01
1.441999999999999948e-01
1.517999999999999905e-01
1.535999999999999865e-01
1.365999999999999992e-01
1.275999999999999912e-01
1.158000000000000002e-01
1.103999999999999981e-01
1.018000000000000016e-01
9.560000000000000442e-02
9.500000000000000111e-02
1.045999999999999985e-01
8.840000000000000635e-02
7.679999999999999327e-02
8.219999999999999529e-02
7.839999999999999747e-02
7.399999999999999634e-02
7.620000000000000384e-02
9.439999999999999780e-02
1.213999999999999940e-01
1.254000000000000115e-01
1.226000000000000006e-01
1.222000000000000031e-01
1.449999999999999900e-01
1.361999999999999877e-01
1.459999999999999909e-01
1.602000000000000091e-01
1.678000000000000047e-01
1.542000000000000037e-01
1.685999999999999999e-01
1.910000000000000031e-01
2.127999999999999892e-01
2.358000000000000096e-01
2.740000000000000213e-01
2.883999999999999897e-01
3.084000000000000075e-01
3.099999999999999978e-01
3.437999999999999945e-01
3.926000000000000045e-01
4.262000000000000233e-01
4.965999999999999859e-01
4.454000000000000181e-01
3.775999999999999912e-01
3.227999999999999758e-01
2.548000000000000265e-01
2.089999999999999913e-01
1.894000000000000128e-01
1.791999999999999982e-01
1.855999999999999872e-01
2.290000000000000091e-01
2.657999999999999807e-01
2.862000000000000099e-01
3.489999999999999769e-01
3.808000000000000274e-01
3.917999999999999816e-01
4.007999999999999896e-01
3.452000000000000068e-01
2.922000000000000153e-01
2.624000000000000221e-01
2.384000000000000008e-01
1.595999999999999919e-01
1.093999999999999972e-01
1.029999999999999943e-01
9.020000000000000240e-02
9.639999999999999958e-02
1.274000000000000132e-01
1.426000000000000045e-01
1.663999999999999924e-01
1.895999999999999908e-01
2.030000000000000138e-01
2.190000000000000002e-01
2.318000000000000060e-01
2.291999999999999871e-01
2.620000000000000107e-01
2.240000000000000047e-01
