1.812000000000000000e-01
1.733999999999999986e-01
2.033999999999999975e-01
2.215999999999999914e-01
2.320000000000000118e-01
2.482000000000000040e-01
2.484000000000000097e-01
2.449999999999999956e-01
2.530000000000000027e-01
2.429999999999999938e-01
2.484000000000000097e-01
2.604000000000000203e-01
2.584000000000000186e-01
2.836000000000000187e-01
2.697999999999999843e-01
2.656000000000000028e-01
2.657999999999999807e-01
2.627999999999999781e-01
2.975999999999999757e-01
2.859999999999999765e-01
2.899999999999999800e-01
2.883999999999999897e-01
2.886000000000000232e-01
2.888000000000000012e-01
2.889999999999999791e-01
2.853999999999999870e-01
3.111999999999999766e-01
3.184000000000000163e-01
3.234000000000000208e-01
3.204000000000000181e-01
3.257999999999999785e-01
3.015999999999999792e-01
2.918000000000000038e-01
2.584000000000000186e-01
2.396000000000000074e-01
2.346000000000000030e-01
2.190000000000000002e-01
1.922000000000000097e-01
1.700000000000000122e-01
1.545999999999999874e-01
1.484000000000000041e-01
1.246000000000000024e-01
1.185999999999999971e-01
9.900000000000000466e-02
8.219999999999999529e-02
7.099999999999999367e-02
5.659999999999999754e-02
5.179999999999999882e-02
4.619999999999999801e-02
4.139999999999999930e-02
4.080000000000000293e-02
3.119999999999999857e-02
3.059999999999999873e-02
3.620000000000000301e-02
3.420000000000000123e-02
3.359999999999999792e-02
3.180000000000000188e-02
2.359999999999999945e-02
2.779999999999999832e-02
3.280000000000000276e-02
3.200000000000000067e-02
2.960000000000000131e-02
3.599999999999999728e-02
3.839999999999999664e-02
4.760000000000000342e-02
5.820000000000000173e-02
6.479999999999999649e-02
7.359999999999999876e-02
8.219999999999999529e-02
1.029999999999999943e-01
1.160000000000000059e-01
1.466000000000000081e-01
1.842000000000000026e-01
2.006000000000000005e-01
2.351999999999999924e-01
2.803999999999999826e-01
3.546000000000000263e-01
4.258000000000000118e-01
4.949999999999999956e-01
4.203999999999999959e-01
3.950000000000000178e-01
3.160000000000000031e-01
2.846000000000000196e-01
2.601999999999999869e-01
2.311999999999999889e-01
2.449999999999999956e-01
2.260000000000000064e-01
2.205999999999999905e-01
2.273999999999999910e-01
2.404000000000000026e-01
2.479999999999999982e-01
2.510000000000000009e-01
2.434000000000000052e-01
2.497999999999999943e-01
2.406000000000000083e-01
2.404000000000000026e-01
2.444000000000000061e-01
2.590000000000000080e-01
2.827999999999999958e-01
3.004000000000000004e-01
3.012000000000000233e-01
3.476000000000000201e-01
3.900000000000000133e-01
4.013999999999999790e-01
4.269999999999999907e-01
4.899999999999999911e-01
4.563999999999999724e-01
3.675999999999999823e-01
3.235999999999999988e-01
2.273999999999999910e-01
1.927999999999999992e-01
1.448000000000000120e-01
1.073999999999999955e-01
9.199999999999999845e-02
6.579999999999999738e-02
3.780000000000000027e-02
2.160000000000000114e-02
1.140000000000000041e-02
7.000000000000000146e-03
3.599999999999999901e-03
4.599999999999999922e-03
3.200000000000000153e-03
1.799999999999999951e-03
5.000000000000000104e-03
4.400000000000000265e-03
5.000000000000000104e-03
3.799999999999999992e-03
3.599999999999999901e-03
3.000000000000000062e-03
3.599999999999999901e-03
4.000000000000000083e-03
3.000000000000000062e-03
3.399999999999999811e-03
6.199999999999999782e-03
5.799999999999999600e-03
2.799999999999999972e-03
5.199999999999999761e-03
7.799999999999999642e-03
1.299999999999999940e-02
2.060000000000000026e-02
2.220000000000000098e-02
2.800000000000000058e-02
2.840000000000000163e-02
3.139999999999999736e-02
3.099999999999999978e-02
4.320000000000000229e-02
4.320000000000000229e-02
5.319999999999999729e-02
6.640000000000000069e-02
6.019999999999999657e-02
6.919999999999999762e-02
7.119999999999999940e-02
7.459999999999999964e-02
7.960000000000000409e-02
8.719999999999999973e-02
8.939999999999999336e-02
7.720000000000000473e-02
7.820000000000000562e-02
7.839999999999999747e-02
7.499999999999999722e-02
7.199999999999999456e-02
7.159999999999999698e-02
6.919999999999999762e-02
7.240000000000000602e-02
7.080000000000000182e-02
5.920000000000000262e-02
5.899999999999999689e-02
6.019999999999999657e-02
5.559999999999999665e-02
5.279999999999999971e-02
5.020000000000000157e-02
4.460000000000000075e-02
4.399999999999999745e-02
4.719999999999999890e-02
4.200000000000000261e-02
4.460000000000000075e-02
4.619999999999999801e-02
4.379999999999999866e-02
4.059999999999999720e-02
4.299999999999999656e-02
4.920000000000000068e-02
4.800000000000000100e-02
4.100000000000000172e-02
4.800000000000000100e-02
5.079999999999999793e-02
4.859999999999999737e-02
4.920000000000000068e-02
5.240000000000000213e-02
5.020000000000000157e-02
5.240000000000000213e-02
5.759999999999999842e-02
5.779999999999999721e-02
6.619999999999999496e-02
7.720000000000000473e-02
7.960000000000000409e-02
9.840000000000000135e-02
1.049999999999999961e-01
1.059999999999999970e-01
1.215999999999999998e-01
1.194000000000000061e-01
1.226000000000000006e-01
1.233999999999999958e-01
1.468000000000000138e-01
1.458000000000000129e-01
1.526000000000000134e-01
1.862000000000000044e-01
1.971999999999999864e-01
2.300000000000000100e-01
2.544000000000000150e-01
2.750000000000000222e-01
2.973999999999999977e-01
3.134000000000000119e-01
3.575999999999999734e-01
3.865999999999999992e-01
4.179999999999999827e-01
4.440000000000000058e-01
4.703999999999999848e-01
4.776000000000000245e-01
4.908000000000000140e-01
4.789999999999999813e-01
4.849999999999999867e-01
4.803999999999999937e-01
4.414000000000000146e-01
4.321999999999999731e-01
4.056000000000000161e-01
3.854000000000000203e-01
4.052000000000000046e-01
4.199999999999999845e-01
4.172000000000000153e-01
4.225999999999999757e-01
4.374000000000000110e-01
4.325999999999999845e-01
4.514000000000000234e-01
4.388000000000000234e-01
4.547999999999999821e-01
4.633999999999999786e-01
4.776000000000000245e-01
5.033999999999999586e-01
4.788000000000000034e-01
4.872000000000000219e-01
4.819999999999999840e-01
4.697999999999999954e-01
4.418000000000000260e-01
4.159999999999999809e-01
3.508000000000000007e-01
2.833999999999999853e-01
2.479999999999999982e-01
1.948000000000000009e-01
1.554000000000000103e-01
1.355999999999999983e-01
1.126000000000000056e-01
8.500000000000000611e-02
4.859999999999999737e-02
3.160000000000000309e-02
1.600000000000000033e-02
1.020000000000000073e-02
8.200000000000000691e-03
5.199999999999999761e-03
6.000000000000000125e-03
6.799999999999999621e-03
7.400000000000000328e-03
4.199999999999999740e-03
8.999999999999999320e-03
7.799999999999999642e-03
7.400000000000000328e-03
9.599999999999999159e-03
1.580000000000000154e-02
1.899999999999999953e-02
1.760000000000000106e-02
1.779999999999999985e-02
2.479999999999999913e-02
2.680000000000000090e-02
2.900000000000000147e-02
3.860000000000000236e-02
3.880000000000000115e-02
4.739999999999999769e-02
4.580000000000000043e-02
4.660000000000000253e-02
5.820000000000000173e-02
5.779999999999999721e-02
6.779999999999999916e-02
7.839999999999999747e-02
7.580000000000000626e-02
8.319999999999999618e-02
8.359999999999999376e-02
8.619999999999999885e-02
9.700000000000000289e-02
1.029999999999999943e-01
9.959999999999999409e-02
1.181999999999999995e-01
1.322000000000000119e-01
1.257999999999999952e-01
1.254000000000000115e-01
1.313999999999999890e-01
1.179999999999999938e-01
1.342000000000000137e-01
1.246000000000000024e-01
1.134000000000000008e-01
1.113999999999999990e-01
1.053999999999999937e-01
1.218000000000000055e-01
1.428000000000000103e-01
1.671999999999999875e-01
1.794000000000000039e-01
1.917999999999999983e-01
2.431999999999999995e-01
2.601999999999999869e-01
2.863999999999999879e-01
3.506000000000000227e-01
3.798000000000000265e-01
4.106000000000000205e-01
4.063999999999999835e-01
4.404000000000000137e-01
4.600000000000000200e-01
4.652000000000000024e-01
4.580000000000000182e-01
4.576000000000000068e-01
4.713999999999999857e-01
4.773999999999999910e-01
4.471999999999999864e-01
4.339999999999999969e-01
4.129999999999999782e-01
3.741999999999999771e-01
3.277999999999999803e-01
3.119999999999999996e-01
2.896000000000000241e-01
2.545999999999999930e-01
2.059999999999999887e-01
2.013999999999999957e-01
1.882000000000000062e-01
1.661999999999999866e-01
1.549999999999999989e-01
1.353999999999999926e-01
1.345999999999999974e-01
1.014000000000000040e-01
9.539999999999999869e-02
8.699999999999999400e-02
6.959999999999999520e-02
6.339999999999999802e-02
5.040000000000000036e-02
4.660000000000000253e-02
4.399999999999999745e-02
3.400000000000000244e-02
3.799999999999999906e-02
2.819999999999999937e-02
2.520000000000000018e-02
2.239999999999999977e-02
2.359999999999999945e-02
2.280000000000000082e-02
2.359999999999999945e-02
2.539999999999999897e-02
2.400000000000000050e-02
2.479999999999999913e-02
2.840000000000000163e-02
3.080000000000000099e-02
4.540000000000000285e-02
7.900000000000000078e-02
9.039999999999999425e-02
1.110000000000000014e-01
1.406000000000000028e-01
1.635999999999999954e-01
1.698000000000000065e-01
1.797999999999999876e-01
2.137999999999999901e-01
1.993999999999999939e-01
2.197999999999999954e-01
2.233999999999999875e-01
2.436000000000000110e-01
2.467999999999999916e-01
2.358000000000000096e-01
2.525999999999999912e-01
2.515999999999999903e-01
2.469999999999999973e-01
2.548000000000000265e-01
2.477999999999999925e-01
2.467999999999999916e-01
2.404000000000000026e-01
2.524000000000000132e-01
2.620000000000000107e-01
2.857999999999999985e-01
3.005999999999999783e-01
3.119999999999999996e-01
2.979999999999999871e-01
2.906000000000000250e-01
3.151999999999999802e-01
3.247999999999999776e-01
3.558000000000000052e-01
3.658000000000000140e-01
3.678000000000000158e-01
3.771999999999999797e-01
4.073999999999999844e-01
4.324000000000000066e-01
4.338000000000000189e-01
4.726000000000000201e-01
4.981999999999999762e-01
4.786000000000000254e-01
4.526000000000000023e-01
4.128000000000000003e-01
3.744000000000000106e-01
3.539999999999999813e-01
3.400000000000000244e-01
3.392000000000000015e-01
3.078000000000000180e-01
3.155999999999999917e-01
2.949999999999999845e-01
3.002000000000000224e-01
3.044000000000000039e-01
2.859999999999999765e-01
2.782000000000000028e-01
2.849999999999999756e-01
2.876000000000000223e-01
2.756000000000000116e-01
3.068000000000000171e-01
2.993999999999999995e-01
3.015999999999999792e-01
3.068000000000000171e-01
2.963999999999999968e-01
3.002000000000000224e-01
3.035999999999999810e-01
3.201999999999999846e-01
3.138000000000000234e-01
3.227999999999999758e-01
3.286000000000000032e-01
3.662000000000000255e-01
3.694000000000000061e-01
3.860000000000000098e-01
3.946000000000000063e-01
3.914000000000000257e-01
4.016000000000000125e-01
3.921999999999999931e-01
4.245999999999999774e-01
4.471999999999999864e-01
4.547999999999999821e-01
4.415999999999999925e-01
4.425999999999999934e-01
4.656000000000000139e-01
4.995999999999999885e-01
4.989999999999999991e-01
4.716000000000000192e-01
4.420000000000000040e-01
3.837999999999999745e-01
3.553999999999999937e-01
3.008000000000000118e-01
2.650000000000000133e-01
2.348000000000000087e-01
2.293999999999999928e-01
1.970000000000000084e-01
1.338000000000000023e-01
1.232000000000000040e-01
9.039999999999999425e-02
7.539999999999999480e-02
6.759999999999999343e-02
4.920000000000000068e-02
3.440000000000000002e-02
3.039999999999999994e-02
3.160000000000000309e-02
2.460000000000000034e-02
2.520000000000000018e-02
2.060000000000000026e-02
2.460000000000000034e-02
2.500000000000000139e-02
2.680000000000000090e-02
2.740000000000000074e-02
2.719999999999999848e-02
2.160000000000000114e-02
2.079999999999999905e-02
2.960000000000000131e-02
3.339999999999999913e-02
2.520000000000000018e-02
3.379999999999999671e-02
3.119999999999999857e-02
3.459999999999999881e-02
4.420000000000000318e-02
4.939999999999999947e-02
5.399999999999999939e-02
6.719999999999999585e-02
6.579999999999999738e-02
6.140000000000000319e-02
7.000000000000000666e-02
6.199999999999999956e-02
6.619999999999999496e-02
5.680000000000000326e-02
7.799999999999999989e-02
7.920000000000000651e-02
6.840000000000000246e-02
7.439999999999999392e-02
7.280000000000000360e-02
7.240000000000000602e-02
6.079999999999999988e-02
7.299999999999999545e-02
6.740000000000000158e-02
7.720000000000000473e-02
7.159999999999999698e-02
7.420000000000000207e-02
6.900000000000000577e-02
7.259999999999999787e-02
6.040000000000000230e-02
7.059999999999999609e-02
7.320000000000000118e-02
6.679999999999999827e-02
7.420000000000000207e-02
7.920000000000000651e-02
9.940000000000000224e-02
1.035999999999999976e-01
1.042000000000000010e-01
1.068000000000000060e-01
1.312000000000000111e-01
1.564000000000000112e-01
1.749999999999999889e-01
1.880000000000000004e-01
1.922000000000000097e-01
2.124000000000000055e-01
2.187999999999999945e-01
2.464000000000000079e-01
2.500000000000000000e-01
2.922000000000000153e-01
2.752000000000000002e-01
3.002000000000000224e-01
2.710000000000000187e-01
2.767999999999999905e-01
2.918000000000000038e-01
3.062000000000000277e-01
3.254000000000000226e-01
3.376000000000000112e-01
3.718000000000000194e-01
4.158000000000000029e-01
4.162000000000000144e-01
4.086000000000000187e-01
4.202000000000000179e-01
3.870000000000000107e-01
3.981999999999999984e-01
3.729999999999999982e-01
3.748000000000000220e-01
3.638000000000000123e-01
3.768000000000000238e-01
3.804000000000000159e-01
3.897999999999999798e-01
3.669999999999999929e-01
3.618000000000000105e-01
3.679999999999999938e-01
3.921999999999999931e-01
4.043999999999999817e-01
4.112000000000000099e-01
4.146000000000000241e-01
4.248000000000000109e-01
4.391999999999999793e-01
4.591999999999999971e-01
4.822000000000000175e-01
4.949999999999999956e-01
4.959999999999999964e-01
5.001999999999999780e-01
4.782000000000000139e-01
4.852000000000000202e-01
4.693999999999999839e-01
4.415999999999999925e-01
4.597999999999999865e-01
4.298000000000000154e-01
4.282000000000000250e-01
4.195999999999999730e-01
3.957999999999999852e-01
3.684000000000000052e-01
3.784000000000000141e-01
3.479999999999999760e-01
3.286000000000000032e-01
2.889999999999999791e-01
2.896000000000000241e-01
2.741999999999999993e-01
2.541999999999999815e-01
2.417999999999999872e-01
2.232000000000000095e-01
1.948000000000000009e-01
1.837999999999999912e-01
1.658000000000000029e-01
1.663999999999999924e-01
1.496000000000000107e-01
1.454000000000000015e-01
1.429999999999999882e-01
1.413999999999999979e-01
1.448000000000000120e-01
1.348000000000000032e-01
1.506000000000000116e-01
1.549999999999999989e-01
1.658000000000000029e-01
1.867999999999999938e-01
1.759999999999999898e-01
1.806000000000000105e-01
2.076000000000000068e-01
2.038000000000000089e-01
2.243999999999999884e-01
2.363999999999999990e-01
2.538000000000000256e-01
2.766000000000000125e-01
2.955999999999999739e-01
3.423999999999999821e-01
3.815999999999999948e-01
3.874000000000000221e-01
4.198000000000000065e-01
4.611999999999999988e-01
4.597999999999999865e-01
4.892000000000000237e-01
4.773999999999999910e-01
4.355999999999999872e-01
4.248000000000000109e-01
3.805999999999999939e-01
3.841999999999999860e-01
3.734000000000000097e-01
3.724000000000000088e-01
3.644000000000000017e-01
3.598000000000000087e-01
3.585999999999999743e-01
3.462000000000000077e-01
3.244000000000000217e-01
3.430000000000000271e-01
3.452000000000000068e-01
3.472000000000000086e-01
3.523999999999999910e-01
3.760000000000000009e-01
3.876000000000000001e-01
3.815999999999999948e-01
3.966000000000000081e-01
4.016000000000000125e-01
4.243999999999999995e-01
4.315999999999999837e-01
4.506000000000000005e-01
4.480000000000000093e-01
4.676000000000000156e-01
4.892000000000000237e-01
4.849999999999999867e-01
4.902000000000000246e-01
4.855999999999999761e-01
4.642000000000000015e-01
4.494000000000000217e-01
4.470000000000000084e-01
4.218000000000000083e-01
4.248000000000000109e-01
3.867999999999999772e-01
3.810000000000000053e-01
3.592000000000000193e-01
3.569999999999999840e-01
3.502000000000000113e-01
3.437999999999999945e-01
3.306000000000000050e-01
3.432000000000000051e-01
3.317999999999999838e-01
3.477999999999999980e-01
3.462000000000000077e-01
3.489999999999999769e-01
3.449999999999999734e-01
3.331999999999999962e-01
3.346000000000000085e-01
3.459999999999999742e-01
3.472000000000000086e-01
3.659999999999999920e-01
3.709999999999999964e-01
3.811999999999999833e-01
3.980000000000000204e-01
3.983999999999999764e-01
4.168000000000000038e-01
3.956000000000000072e-01
4.581999999999999962e-01
4.650000000000000244e-01
4.941999999999999726e-01
4.225999999999999757e-01
3.950000000000000178e-01
3.770000000000000018e-01
3.472000000000000086e-01
3.160000000000000031e-01
2.747999999999999887e-01
2.793999999999999817e-01
2.505999999999999894e-01
2.773999999999999799e-01
2.766000000000000125e-01
2.892000000000000126e-01
2.899999999999999800e-01
2.842000000000000082e-01
2.948000000000000065e-01
2.893999999999999906e-01
2.822000000000000064e-01
2.867999999999999994e-01
2.933999999999999941e-01
2.919999999999999818e-01
2.873999999999999888e-01
2.684000000000000274e-01
2.634000000000000230e-01
2.656000000000000028e-01
2.707999999999999852e-01
2.540000000000000036e-01
2.185999999999999888e-01
2.079999999999999905e-01
2.026000000000000023e-01
1.923999999999999877e-01
1.507999999999999896e-01
1.524000000000000077e-01
1.592000000000000082e-01
1.572000000000000064e-01
1.401999999999999913e-01
1.355999999999999983e-01
1.272000000000000075e-01
1.194000000000000061e-01
9.500000000000000111e-02
9.400000000000000022e-02
1.103999999999999981e-01
1.116000000000000048e-01
1.194000000000000061e-01
1.042000000000000010e-01
1.320000000000000062e-01
1.330000000000000071e-01
1.406000000000000028e-01
1.923999999999999877e-01
2.023999999999999966e-01
2.235999999999999932e-01
2.564000000000000168e-01
2.863999999999999879e-01
3.049999999999999933e-01
3.195999999999999952e-01
3.271999999999999909e-01
3.543999999999999928e-01
3.721999999999999753e-01
3.927999999999999825e-01
4.208000000000000074e-01
4.282000000000000250e-01
4.500000000000000111e-01
4.666000000000000147e-01
4.511999999999999900e-01
4.454000000000000181e-01
4.329999999999999960e-01
3.983999999999999764e-01
3.814000000000000168e-01
3.770000000000000018e-01
3.538000000000000034e-01
3.469999999999999751e-01
3.317999999999999838e-01
3.134000000000000119e-01
3.002000000000000224e-01
2.896000000000000241e-01
3.022000000000000242e-01
2.889999999999999791e-01
2.955999999999999739e-01
2.949999999999999845e-01
2.942000000000000171e-01
2.912000000000000144e-01
2.796000000000000152e-01
2.806000000000000161e-01
2.680000000000000160e-01
2.757999999999999896e-01
2.555999999999999939e-01
2.792000000000000037e-01
2.753999999999999782e-01
2.752000000000000002e-01
2.792000000000000037e-01
2.604000000000000203e-01
2.581999999999999851e-01
2.560000000000000053e-01
2.288000000000000034e-01
2.394000000000000017e-01
2.247999999999999998e-01
2.215999999999999914e-01
2.210000000000000020e-01
2.291999999999999871e-01
2.316000000000000003e-01
2.187999999999999945e-01
2.119999999999999940e-01
2.071999999999999953e-01
2.069999999999999896e-01
1.968000000000000027e-01
2.079999999999999905e-01
2.147999999999999909e-01
2.111999999999999988e-01
2.195999999999999897e-01
2.106000000000000094e-01
2.117999999999999883e-01
2.144000000000000072e-01
2.023999999999999966e-01
1.975999999999999979e-01
2.059999999999999887e-01
2.053999999999999992e-01
1.912000000000000088e-01
1.836000000000000132e-01
1.761999999999999955e-01
1.675999999999999990e-01
1.678000000000000047e-01
1.652000000000000135e-01
1.517999999999999905e-01
1.700000000000000122e-01
1.605999999999999928e-01
1.628000000000000003e-01
1.456000000000000072e-01
1.600000000000000033e-01
1.587999999999999967e-01
1.496000000000000107e-01
1.539999999999999980e-01
1.502000000000000002e-01
1.484000000000000041e-01
1.549999999999999989e-01
1.408000000000000085e-01
1.378000000000000058e-01
1.228000000000000064e-01
1.134000000000000008e-01
1.058000000000000052e-01
1.106000000000000039e-01
9.900000000000000466e-02
9.900000000000000466e-02
9.139999999999999514e-02
9.299999999999999933e-02
7.939999999999999836e-02
8.179999999999999771e-02
7.900000000000000078e-02
8.119999999999999440e-02
8.260000000000000675e-02
8.939999999999999336e-02
8.300000000000000433e-02
7.779999999999999416e-02
7.739999999999999658e-02
8.060000000000000497e-02
7.140000000000000513e-02
7.560000000000000053e-02
8.000000000000000167e-02
7.580000000000000626e-02
8.379999999999999949e-02
8.200000000000000344e-02
7.019999999999999851e-02
7.299999999999999545e-02
8.379999999999999949e-02
7.720000000000000473e-02
1.014000000000000040e-01
1.150000000000000050e-01
1.089999999999999997e-01
1.083999999999999964e-01
1.035999999999999976e-01
9.439999999999999780e-02
8.999999999999999667e-02
9.279999999999999361e-02
9.520000000000000684e-02
8.959999999999999909e-02
8.219999999999999529e-02
6.759999999999999343e-02
5.979999999999999899e-02
5.279999999999999971e-02
5.020000000000000157e-02
3.420000000000000123e-02
2.920000000000000026e-02
2.840000000000000163e-02
3.599999999999999728e-02
2.999999999999999889e-02
3.459999999999999881e-02
3.280000000000000276e-02
3.139999999999999736e-02
3.160000000000000309e-02
2.079999999999999905e-02
2.239999999999999977e-02
2.659999999999999865e-02
