1.398000000000000076e-01
1.458000000000000129e-01
1.671999999999999875e-01
1.869999999999999996e-01
2.204000000000000126e-01
2.477999999999999925e-01
2.657999999999999807e-01
2.651999999999999913e-01
2.932000000000000162e-01
3.754000000000000115e-01
4.107999999999999985e-01
4.852000000000000202e-01
4.954000000000000070e-01
4.262000000000000233e-01
3.977999999999999869e-01
4.077999999999999958e-01
4.022000000000000020e-01
4.252000000000000224e-01
3.991999999999999993e-01
3.845999999999999974e-01
3.981999999999999984e-01
4.371999999999999775e-01
4.716000000000000192e-01
5.080000000000000071e-01
4.573999999999999733e-01
4.799999999999999822e-01
4.736000000000000210e-01
4.753999999999999893e-01
4.563999999999999724e-01
4.504000000000000226e-01
4.328000000000000180e-01
4.193999999999999950e-01
4.215999999999999748e-01
4.212000000000000188e-01
3.698000000000000176e-01
3.768000000000000238e-01
3.675999999999999823e-01
3.519999999999999796e-01
3.390000000000000235e-01
3.128000000000000225e-01
2.948000000000000065e-01
3.022000000000000242e-01
2.696000000000000063e-01
2.760000000000000231e-01
2.479999999999999982e-01
2.184000000000000108e-01
2.174000000000000099e-01
2.106000000000000094e-01
2.094000000000000028e-01
2.149999999999999967e-01
2.046000000000000041e-01
2.106000000000000094e-01
2.245999999999999941e-01
2.278000000000000025e-01
2.245999999999999941e-01
2.361999999999999933e-01
2.291999999999999871e-01
2.031999999999999917e-01
2.200000000000000011e-01
2.013999999999999957e-01
2.076000000000000068e-01
1.892000000000000071e-01
1.864000000000000101e-01
1.960000000000000075e-01
1.950000000000000067e-01
1.965999999999999970e-01
2.059999999999999887e-01
1.932000000000000106e-01
1.942000000000000115e-01
2.291999999999999871e-01
2.278000000000000025e-01
2.058000000000000107e-01
1.955999999999999961e-01
2.099999999999999922e-01
2.353999999999999981e-01
2.783999999999999808e-01
2.873999999999999888e-01
3.221999999999999864e-01
3.469999999999999751e-01
3.738000000000000211e-01
4.193999999999999950e-01
4.254000000000000004e-01
4.600000000000000200e-01
4.802000000000000157e-01
4.808000000000000052e-01
4.914000000000000035e-01
4.682000000000000051e-01
4.697999999999999954e-01
4.457999999999999741e-01
4.262000000000000233e-01
4.013999999999999790e-01
3.790000000000000036e-01
3.860000000000000098e-01
3.704000000000000070e-01
3.664000000000000035e-01
3.553999999999999937e-01
3.210000000000000075e-01
3.088000000000000189e-01
2.847999999999999976e-01
2.636000000000000010e-01
2.492000000000000048e-01
2.280000000000000082e-01
2.270000000000000073e-01
2.011999999999999900e-01
1.917999999999999983e-01
1.691999999999999893e-01
1.797999999999999876e-01
1.751999999999999946e-01
1.645999999999999963e-01
1.418000000000000094e-01
1.411999999999999922e-01
1.391999999999999904e-01
1.383999999999999952e-01
1.393999999999999961e-01
1.433999999999999997e-01
1.592000000000000082e-01
1.597999999999999976e-01
1.784000000000000030e-01
1.779999999999999916e-01
1.884000000000000119e-01
1.988000000000000045e-01
2.227999999999999980e-01
2.431999999999999995e-01
2.676000000000000045e-01
3.009999999999999898e-01
3.589999999999999858e-01
4.030000000000000249e-01
4.264000000000000012e-01
4.500000000000000111e-01
4.932000000000000273e-01
4.752000000000000113e-01
4.461999999999999855e-01
4.203999999999999959e-01
4.057999999999999940e-01
3.897999999999999798e-01
3.794000000000000150e-01
3.699999999999999956e-01
3.553999999999999937e-01
3.552000000000000157e-01
3.463999999999999857e-01
3.572000000000000175e-01
3.623999999999999999e-01
3.658000000000000140e-01
3.750000000000000000e-01
3.904000000000000248e-01
3.877999999999999781e-01
3.860000000000000098e-01
3.771999999999999797e-01
3.618000000000000105e-01
3.714000000000000079e-01
3.669999999999999929e-01
3.565999999999999726e-01
3.629999999999999893e-01
3.502000000000000113e-01
3.449999999999999734e-01
3.499999999999999778e-01
3.496000000000000218e-01
3.674000000000000044e-01
3.473999999999999866e-01
3.780000000000000027e-01
3.844000000000000195e-01
3.924000000000000266e-01
4.099999999999999756e-01
4.334000000000000075e-01
4.511999999999999900e-01
4.621999999999999997e-01
5.051999999999999824e-01
4.948000000000000176e-01
4.843999999999999972e-01
4.683999999999999830e-01
4.616000000000000103e-01
4.637999999999999901e-01
4.487999999999999767e-01
4.285999999999999810e-01
4.022000000000000020e-01
3.970000000000000195e-01
3.973999999999999755e-01
3.880000000000000115e-01
3.864000000000000212e-01
3.619999999999999885e-01
3.724000000000000088e-01
3.760000000000000009e-01
3.861999999999999877e-01
3.874000000000000221e-01
3.921999999999999931e-01
3.704000000000000070e-01
3.825999999999999956e-01
3.845999999999999974e-01
3.784000000000000141e-01
3.901999999999999913e-01
4.169999999999999818e-01
3.996000000000000107e-01
3.966000000000000081e-01
3.900000000000000133e-01
3.993999999999999773e-01
4.254000000000000004e-01
4.179999999999999827e-01
4.338000000000000189e-01
4.233999999999999986e-01
4.126000000000000223e-01
4.431999999999999829e-01
4.380000000000000004e-01
4.467999999999999750e-01
4.768000000000000016e-01
4.865999999999999770e-01
4.677999999999999936e-01
4.657999999999999918e-01
4.815999999999999726e-01
4.806000000000000272e-01
4.932000000000000273e-01
4.610000000000000209e-01
4.295999999999999819e-01
4.302000000000000268e-01
4.203999999999999959e-01
3.931999999999999940e-01
3.824000000000000177e-01
3.568000000000000060e-01
3.492000000000000104e-01
3.412000000000000033e-01
3.130000000000000004e-01
2.969999999999999862e-01
2.674000000000000266e-01
3.054000000000000048e-01
2.989999999999999880e-01
2.813999999999999835e-01
2.716000000000000081e-01
2.604000000000000203e-01
2.587999999999999745e-01
2.597999999999999754e-01
2.518000000000000238e-01
2.518000000000000238e-01
2.283999999999999919e-01
2.595999999999999974e-01
2.560000000000000053e-01
2.510000000000000009e-01
2.558000000000000274e-01
2.454000000000000070e-01
2.634000000000000230e-01
2.730000000000000204e-01
2.763999999999999790e-01
2.767999999999999905e-01
2.567999999999999727e-01
2.973999999999999977e-01
2.756000000000000116e-01
2.703999999999999737e-01
2.757999999999999896e-01
2.869999999999999774e-01
2.743999999999999773e-01
2.373999999999999999e-01
2.356000000000000039e-01
2.394000000000000017e-01
2.373999999999999999e-01
2.554000000000000159e-01
2.466000000000000136e-01
2.514000000000000123e-01
2.439999999999999947e-01
2.368000000000000105e-01
2.311999999999999889e-01
2.210000000000000020e-01
2.232000000000000095e-01
2.121999999999999997e-01
1.935999999999999943e-01
1.894000000000000128e-01
1.872000000000000053e-01
1.991999999999999882e-01
2.026000000000000023e-01
1.962000000000000133e-01
1.991999999999999882e-01
2.175999999999999879e-01
2.353999999999999981e-01
2.232000000000000095e-01
2.185999999999999888e-01
2.411999999999999977e-01
2.394000000000000017e-01
2.346000000000000030e-01
2.336000000000000021e-01
2.305999999999999994e-01
2.340000000000000135e-01
2.253999999999999893e-01
2.134000000000000064e-01
2.084000000000000019e-01
1.930000000000000049e-01
1.907999999999999974e-01
1.892000000000000071e-01
1.852000000000000035e-01
1.761999999999999955e-01
1.652000000000000135e-01
1.650000000000000078e-01
1.552000000000000046e-01
1.468000000000000138e-01
1.431999999999999940e-01
1.335999999999999965e-01
1.340000000000000080e-01
1.274000000000000132e-01
1.106000000000000039e-01
1.110000000000000014e-01
1.083999999999999964e-01
9.979999999999999982e-02
8.179999999999999771e-02
8.459999999999999465e-02
7.199999999999999456e-02
6.980000000000000093e-02
5.879999999999999810e-02
5.419999999999999818e-02
5.059999999999999915e-02
4.460000000000000075e-02
4.580000000000000043e-02
3.780000000000000027e-02
4.080000000000000293e-02
3.300000000000000155e-02
2.680000000000000090e-02
2.900000000000000147e-02
3.099999999999999978e-02
2.740000000000000074e-02
2.380000000000000171e-02
1.839999999999999969e-02
2.299999999999999961e-02
2.900000000000000147e-02
3.200000000000000067e-02
3.139999999999999736e-02
3.320000000000000034e-02
4.819999999999999979e-02
6.919999999999999762e-02
7.520000000000000295e-02
9.379999999999999449e-02
1.116000000000000048e-01
1.243999999999999967e-01
1.466000000000000081e-01
1.522000000000000020e-01
1.718000000000000083e-01
2.028000000000000080e-01
2.260000000000000064e-01
2.207999999999999963e-01
2.644000000000000239e-01
2.746000000000000107e-01
3.044000000000000039e-01
3.099999999999999978e-01
3.462000000000000077e-01
3.323999999999999733e-01
3.512000000000000122e-01
3.442000000000000060e-01
3.618000000000000105e-01
3.487999999999999989e-01
3.386000000000000121e-01
3.569999999999999840e-01
3.613999999999999990e-01
3.337999999999999856e-01
3.200000000000000067e-01
3.595999999999999752e-01
3.684000000000000052e-01
3.668000000000000149e-01
3.739999999999999991e-01
3.658000000000000140e-01
3.443999999999999839e-01
3.244000000000000217e-01
2.963999999999999968e-01
3.150000000000000022e-01
2.630000000000000115e-01
2.129999999999999949e-01
1.849999999999999978e-01
1.710000000000000131e-01
1.595999999999999919e-01
1.743999999999999995e-01
1.507999999999999896e-01
1.446000000000000063e-01
1.223999999999999949e-01
1.116000000000000048e-01
1.174000000000000044e-01
1.192000000000000004e-01
1.218000000000000055e-01
1.250000000000000000e-01
1.280000000000000027e-01
1.431999999999999940e-01
1.439999999999999891e-01
1.718000000000000083e-01
1.723999999999999977e-01
1.922000000000000097e-01
2.104000000000000037e-01
2.265999999999999959e-01
2.681999999999999940e-01
2.664000000000000257e-01
2.752000000000000002e-01
2.641999999999999904e-01
2.853999999999999870e-01
2.955999999999999739e-01
3.075999999999999845e-01
3.125999999999999890e-01
3.121999999999999775e-01
3.261999999999999900e-01
3.390000000000000235e-01
3.572000000000000175e-01
3.598000000000000087e-01
3.791999999999999815e-01
3.983999999999999764e-01
3.844000000000000195e-01
4.172000000000000153e-01
4.657999999999999918e-01
4.739999999999999769e-01
4.815999999999999726e-01
4.491999999999999882e-01
4.222000000000000197e-01
3.887999999999999790e-01
3.658000000000000140e-01
3.506000000000000227e-01
3.457999999999999963e-01
3.089999999999999969e-01
2.972000000000000197e-01
2.995999999999999774e-01
2.993999999999999995e-01
2.952000000000000179e-01
2.909999999999999809e-01
2.677999999999999825e-01
2.710000000000000187e-01
2.883999999999999897e-01
2.691999999999999948e-01
2.691999999999999948e-01
2.793999999999999817e-01
2.827999999999999958e-01
2.787999999999999923e-01
2.846000000000000196e-01
2.989999999999999880e-01
3.140000000000000013e-01
3.175999999999999934e-01
3.231999999999999873e-01
3.304000000000000270e-01
3.306000000000000050e-01
3.336000000000000076e-01
3.373999999999999777e-01
3.371999999999999997e-01
3.251999999999999891e-01
3.257999999999999785e-01
3.410000000000000253e-01
3.301999999999999935e-01
3.397999999999999909e-01
3.603999999999999981e-01
3.771999999999999797e-01
3.708000000000000185e-01
3.850000000000000089e-01
3.951999999999999957e-01
3.951999999999999957e-01
4.032000000000000028e-01
3.897999999999999798e-01
3.960000000000000187e-01
3.967999999999999861e-01
4.073999999999999844e-01
4.208000000000000074e-01
4.057999999999999940e-01
4.037999999999999923e-01
3.971999999999999975e-01
3.987999999999999878e-01
3.810000000000000053e-01
3.682000000000000273e-01
3.684000000000000052e-01
3.642000000000000237e-01
3.644000000000000017e-01
3.556000000000000272e-01
3.512000000000000122e-01
3.503999999999999893e-01
3.575999999999999734e-01
3.205999999999999961e-01
3.170000000000000040e-01
3.039999999999999925e-01
2.723999999999999755e-01
2.883999999999999897e-01
2.621999999999999886e-01
2.570000000000000062e-01
2.245999999999999941e-01
2.194000000000000117e-01
2.197999999999999954e-01
2.328000000000000069e-01
2.346000000000000030e-01
2.321999999999999897e-01
2.240000000000000047e-01
2.096000000000000085e-01
2.240000000000000047e-01
2.495999999999999885e-01
2.541999999999999815e-01
2.388000000000000123e-01
2.706000000000000072e-01
2.723999999999999755e-01
2.790000000000000258e-01
3.012000000000000233e-01
2.913999999999999924e-01
2.836000000000000187e-01
2.647999999999999798e-01
2.501999999999999780e-01
2.427999999999999881e-01
2.571999999999999842e-01
2.651999999999999913e-01
2.898000000000000020e-01
3.054000000000000048e-01
3.417999999999999927e-01
3.771999999999999797e-01
3.976000000000000090e-01
4.022000000000000020e-01
4.082000000000000073e-01
4.106000000000000205e-01
4.179999999999999827e-01
4.248000000000000109e-01
4.318000000000000171e-01
4.331999999999999740e-01
4.199999999999999845e-01
4.298000000000000154e-01
4.123999999999999888e-01
4.490000000000000102e-01
3.930000000000000160e-01
3.825999999999999956e-01
3.775999999999999912e-01
3.963999999999999746e-01
3.870000000000000107e-01
3.623999999999999999e-01
3.197999999999999732e-01
2.949999999999999845e-01
2.780000000000000249e-01
2.401999999999999968e-01
2.399999999999999911e-01
2.245999999999999941e-01
2.223999999999999866e-01
2.049999999999999878e-01
1.708000000000000074e-01
1.532000000000000028e-01
1.499999999999999944e-01
1.625999999999999945e-01
1.648000000000000020e-01
1.665999999999999981e-01
1.504000000000000059e-01
1.403999999999999970e-01
1.409999999999999865e-01
1.302000000000000102e-01
1.406000000000000028e-01
1.456000000000000072e-01
1.363999999999999935e-01
1.484000000000000041e-01
1.398000000000000076e-01
1.487999999999999878e-01
1.469999999999999918e-01
1.484000000000000041e-01
1.545999999999999874e-01
1.487999999999999878e-01
1.603999999999999870e-01
1.643999999999999906e-01
1.516000000000000125e-01
1.554000000000000103e-01
1.675999999999999990e-01
1.758000000000000118e-01
1.733999999999999986e-01
1.617999999999999994e-01
1.593999999999999861e-01
1.484000000000000041e-01
1.456000000000000072e-01
1.371999999999999886e-01
1.338000000000000023e-01
1.272000000000000075e-01
1.254000000000000115e-01
1.323999999999999899e-01
1.255999999999999894e-01
1.243999999999999967e-01
1.237999999999999934e-01
1.275999999999999912e-01
1.185999999999999971e-01
1.335999999999999965e-01
1.409999999999999865e-01
1.444000000000000006e-01
1.456000000000000072e-01
1.456000000000000072e-01
1.602000000000000091e-01
1.587999999999999967e-01
1.580000000000000016e-01
1.381999999999999895e-01
1.428000000000000103e-01
1.454000000000000015e-01
1.303999999999999881e-01
1.343999999999999917e-01
1.300000000000000044e-01
1.305999999999999939e-01
1.272000000000000075e-01
1.282000000000000084e-01
1.131999999999999951e-01
1.158000000000000002e-01
1.202000000000000013e-01
1.189999999999999947e-01
1.265999999999999903e-01
1.315999999999999948e-01
1.222000000000000031e-01
1.535999999999999865e-01
1.623999999999999888e-01
1.953999999999999904e-01
2.139999999999999958e-01
2.378000000000000114e-01
2.812000000000000055e-01
3.274000000000000243e-01
3.715999999999999859e-01
4.334000000000000075e-01
4.878000000000000114e-01
4.444000000000000172e-01
3.967999999999999861e-01
3.573999999999999955e-01
3.002000000000000224e-01
2.600000000000000089e-01
2.291999999999999871e-01
1.930000000000000049e-01
1.502000000000000002e-01
1.285999999999999921e-01
1.021999999999999992e-01
8.759999999999999731e-02
7.699999999999999900e-02
7.080000000000000182e-02
6.500000000000000222e-02
5.059999999999999915e-02
4.859999999999999737e-02
4.159999999999999809e-02
3.440000000000000002e-02
2.239999999999999977e-02
1.540000000000000049e-02
8.999999999999999320e-03
5.199999999999999761e-03
3.599999999999999901e-03
2.000000000000000042e-03
3.799999999999999992e-03
2.399999999999999790e-03
1.600000000000000077e-03
1.799999999999999951e-03
3.599999999999999901e-03
3.399999999999999811e-03
3.399999999999999811e-03
6.000000000000000125e-03
7.000000000000000146e-03
1.000000000000000021e-02
1.140000000000000041e-02
1.439999999999999961e-02
2.079999999999999905e-02
1.460000000000000013e-02
1.820000000000000090e-02
2.479999999999999913e-02
2.179999999999999993e-02
2.400000000000000050e-02
2.400000000000000050e-02
2.659999999999999865e-02
2.980000000000000010e-02
3.379999999999999671e-02
4.359999999999999987e-02
4.080000000000000293e-02
4.939999999999999947e-02
5.220000000000000334e-02
5.419999999999999818e-02
5.600000000000000117e-02
7.019999999999999851e-02
7.180000000000000271e-02
7.399999999999999634e-02
8.140000000000000013e-02
8.999999999999999667e-02
9.160000000000000087e-02
8.980000000000000482e-02
9.279999999999999361e-02
9.919999999999999651e-02
1.010000000000000064e-01
1.089999999999999997e-01
1.158000000000000002e-01
1.213999999999999940e-01
1.174000000000000044e-01
1.250000000000000000e-01
1.264000000000000123e-01
1.198000000000000037e-01
1.277999999999999969e-01
1.219999999999999973e-01
1.469999999999999918e-01
1.504000000000000059e-01
1.671999999999999875e-01
1.758000000000000118e-01
2.048000000000000098e-01
2.167999999999999927e-01
2.404000000000000026e-01
2.800000000000000266e-01
2.995999999999999774e-01
3.234000000000000208e-01
3.487999999999999989e-01
3.728000000000000203e-01
3.993999999999999773e-01
4.305999999999999828e-01
4.405999999999999917e-01
4.630000000000000226e-01
4.878000000000000114e-01
4.892000000000000237e-01
4.647999999999999909e-01
4.345999999999999863e-01
4.401999999999999802e-01
4.036000000000000143e-01
3.973999999999999755e-01
3.844000000000000195e-01
3.760000000000000009e-01
3.476000000000000201e-01
3.383999999999999786e-01
3.234000000000000208e-01
3.260000000000000120e-01
3.331999999999999962e-01
3.250000000000000111e-01
2.969999999999999862e-01
2.796000000000000152e-01
2.780000000000000249e-01
2.484000000000000097e-01
2.548000000000000265e-01
2.424000000000000044e-01
2.567999999999999727e-01
2.416000000000000092e-01
2.497999999999999943e-01
2.504000000000000115e-01
2.676000000000000045e-01
2.650000000000000133e-01
2.591999999999999860e-01
2.670000000000000151e-01
2.590000000000000080e-01
2.832000000000000073e-01
2.792000000000000037e-01
2.680000000000000160e-01
2.846000000000000196e-01
2.983999999999999986e-01
3.131999999999999784e-01
3.098000000000000198e-01
3.135999999999999899e-01
3.158000000000000251e-01
3.244000000000000217e-01
3.256000000000000005e-01
3.245999999999999996e-01
3.301999999999999935e-01
3.300000000000000155e-01
3.294000000000000261e-01
3.257999999999999785e-01
3.330000000000000182e-01
3.286000000000000032e-01
3.487999999999999989e-01
3.522000000000000131e-01
3.618000000000000105e-01
3.599999999999999867e-01
3.629999999999999893e-01
3.612000000000000210e-01
3.695999999999999841e-01
3.629999999999999893e-01
3.396000000000000130e-01
3.353999999999999759e-01
3.392000000000000015e-01
3.181999999999999829e-01
3.124000000000000110e-01
3.128000000000000225e-01
2.926000000000000267e-01
2.741999999999999993e-01
2.813999999999999835e-01
2.792000000000000037e-01
2.733999999999999764e-01
2.733999999999999764e-01
2.879999999999999782e-01
2.819999999999999729e-01
2.955999999999999739e-01
2.963999999999999968e-01
3.180000000000000049e-01
3.311999999999999944e-01
3.310000000000000164e-01
3.403999999999999804e-01
3.489999999999999769e-01
3.533999999999999919e-01
3.689999999999999947e-01
3.745999999999999885e-01
3.758000000000000229e-01
3.815999999999999948e-01
3.725999999999999868e-01
3.874000000000000221e-01
3.911999999999999922e-01
4.284000000000000030e-01
4.395999999999999908e-01
4.274000000000000021e-01
4.404000000000000137e-01
4.212000000000000188e-01
4.430000000000000049e-01
4.693999999999999839e-01
4.758000000000000007e-01
4.939999999999999947e-01
4.939999999999999947e-01
4.762000000000000122e-01
4.647999999999999909e-01
4.752000000000000113e-01
4.858000000000000096e-01
4.929999999999999938e-01
4.858000000000000096e-01
4.843999999999999972e-01
4.894000000000000017e-01
4.899999999999999911e-01
4.713999999999999857e-01
4.470000000000000084e-01
4.365999999999999881e-01
3.961999999999999966e-01
3.917999999999999816e-01
4.030000000000000249e-01
4.188000000000000056e-01
4.132000000000000117e-01
4.242000000000000215e-01
4.368000000000000216e-01
4.116000000000000214e-01
3.991999999999999993e-01
3.831999999999999851e-01
3.847999999999999754e-01
3.654000000000000026e-01
3.664000000000000035e-01
3.725999999999999868e-01
3.718000000000000194e-01
3.442000000000000060e-01
3.221999999999999864e-01
3.294000000000000261e-01
2.777999999999999914e-01
2.514000000000000123e-01
2.326000000000000012e-01
1.993999999999999939e-01
1.885999999999999899e-01
2.013999999999999957e-01
1.832000000000000017e-01
1.869999999999999996e-01
2.000000000000000111e-01
2.283999999999999919e-01
2.389999999999999902e-01
2.230000000000000038e-01
2.398000000000000131e-01
2.343999999999999972e-01
2.540000000000000036e-01
2.511999999999999789e-01
2.482000000000000040e-01
2.245999999999999941e-01
2.235999999999999932e-01
2.262000000000000122e-01
2.421999999999999986e-01
2.273999999999999910e-01
2.511999999999999789e-01
2.474000000000000088e-01
2.454000000000000070e-01
2.437999999999999889e-01
2.348000000000000087e-01
2.089999999999999913e-01
1.998000000000000054e-01
1.690000000000000113e-01
1.582000000000000073e-01
1.252000000000000057e-01
1.212000000000000022e-01
1.130000000000000032e-01
1.126000000000000056e-01
9.979999999999999982e-02
9.460000000000000353e-02
1.010000000000000064e-01
9.520000000000000684e-02
8.740000000000000546e-02
8.599999999999999312e-02
9.719999999999999474e-02
8.820000000000000062e-02
8.640000000000000457e-02
8.319999999999999618e-02
