4.123999999999999888e-01
4.431999999999999829e-01
4.938000000000000167e-01
4.537999999999999812e-01
4.163999999999999924e-01
3.588000000000000078e-01
3.307999999999999829e-01
3.190000000000000058e-01
3.492000000000000104e-01
4.129999999999999782e-01
4.974000000000000088e-01
4.934000000000000052e-01
4.660000000000000253e-01
4.778000000000000025e-01
4.420000000000000040e-01
4.285999999999999810e-01
3.795999999999999930e-01
3.896000000000000019e-01
3.771999999999999797e-01
3.466000000000000192e-01
3.642000000000000237e-01
3.996000000000000107e-01
4.510000000000000120e-01
4.858000000000000096e-01
4.712000000000000077e-01
4.832000000000000184e-01
3.996000000000000107e-01
3.924000000000000266e-01
3.187999999999999723e-01
2.644000000000000239e-01
2.308000000000000052e-01
2.056000000000000050e-01
2.096000000000000085e-01
1.960000000000000075e-01
2.000000000000000111e-01
1.721999999999999920e-01
1.554000000000000103e-01
1.771999999999999964e-01
1.471999999999999975e-01
1.348000000000000032e-01
1.092000000000000054e-01
8.240000000000000102e-02
6.859999999999999432e-02
6.539999999999999980e-02
6.360000000000000375e-02
7.119999999999999940e-02
7.679999999999999327e-02
1.055999999999999994e-01
1.408000000000000085e-01
1.567999999999999949e-01
1.806000000000000105e-01
1.771999999999999964e-01
1.693999999999999950e-01
1.845999999999999863e-01
1.784000000000000030e-01
1.683999999999999941e-01
1.678000000000000047e-01
1.721999999999999920e-01
1.494000000000000050e-01
1.658000000000000029e-01
1.592000000000000082e-01
1.617999999999999994e-01
1.640000000000000069e-01
1.607999999999999985e-01
1.748000000000000109e-01
2.003999999999999948e-01
2.177999999999999936e-01
2.511999999999999789e-01
2.919999999999999818e-01
3.583999999999999964e-01
3.573999999999999955e-01
3.931999999999999940e-01
4.243999999999999995e-01
4.249999999999999889e-01
3.830000000000000071e-01
4.272000000000000242e-01
4.309999999999999942e-01
4.123999999999999888e-01
3.887999999999999790e-01
4.222000000000000197e-01
3.981999999999999984e-01
4.000000000000000222e-01
3.904000000000000248e-01
3.473999999999999866e-01
3.164000000000000146e-01
3.004000000000000004e-01
2.863999999999999879e-01
2.720000000000000195e-01
2.237999999999999989e-01
1.988000000000000045e-01
1.652000000000000135e-01
1.605999999999999928e-01
1.787999999999999867e-01
1.547999999999999932e-01
1.497999999999999887e-01
1.322000000000000119e-01
1.034000000000000058e-01
9.180000000000000659e-02
1.001999999999999974e-01
9.760000000000000620e-02
9.679999999999999716e-02
1.168000000000000010e-01
9.819999999999999563e-02
1.126000000000000056e-01
1.592000000000000082e-01
1.983999999999999930e-01
2.442000000000000004e-01
2.756000000000000116e-01
3.383999999999999786e-01
3.665999999999999814e-01
3.709999999999999964e-01
3.599999999999999867e-01
3.565999999999999726e-01
3.840000000000000080e-01
4.027999999999999914e-01
4.440000000000000058e-01
4.640000000000000235e-01
4.617999999999999883e-01
4.779999999999999805e-01
4.132000000000000117e-01
4.354000000000000092e-01
4.107999999999999985e-01
3.983999999999999764e-01
3.297999999999999821e-01
2.558000000000000274e-01
2.192000000000000060e-01
2.084000000000000019e-01
1.812000000000000000e-01
1.643999999999999906e-01
1.365999999999999992e-01
1.342000000000000137e-01
1.378000000000000058e-01
1.393999999999999961e-01
1.562000000000000055e-01
1.130000000000000032e-01
1.130000000000000032e-01
9.660000000000000531e-02
8.300000000000000433e-02
8.019999999999999352e-02
9.660000000000000531e-02
1.174000000000000044e-01
1.315999999999999948e-01
1.283999999999999864e-01
1.333999999999999908e-01
1.645999999999999963e-01
1.826000000000000123e-01
2.008000000000000063e-01
2.190000000000000002e-01
2.245999999999999941e-01
2.487999999999999934e-01
2.687999999999999834e-01
2.747999999999999887e-01
2.983999999999999986e-01
3.114000000000000101e-01
3.164000000000000146e-01
2.899999999999999800e-01
2.550000000000000044e-01
2.318000000000000060e-01
2.051999999999999935e-01
1.749999999999999889e-01
1.297999999999999987e-01
8.759999999999999731e-02
6.880000000000000004e-02
6.660000000000000642e-02
6.199999999999999956e-02
6.800000000000000488e-02
6.840000000000000246e-02
8.859999999999999820e-02
9.379999999999999449e-02
1.018000000000000016e-01
1.164000000000000035e-01
1.535999999999999865e-01
1.829999999999999960e-01
2.424000000000000044e-01
2.892000000000000126e-01
3.256000000000000005e-01
3.327999999999999847e-01
3.719999999999999973e-01
3.386000000000000121e-01
3.109999999999999987e-01
2.707999999999999852e-01
2.634000000000000230e-01
2.301999999999999880e-01
1.978000000000000036e-01
1.988000000000000045e-01
2.109999999999999931e-01
1.980000000000000093e-01
1.932000000000000106e-01
2.184000000000000108e-01
2.290000000000000091e-01
2.321999999999999897e-01
2.561999999999999833e-01
2.446000000000000119e-01
2.535999999999999921e-01
2.620000000000000107e-01
2.544000000000000150e-01
2.585999999999999965e-01
2.691999999999999948e-01
2.601999999999999869e-01
2.846000000000000196e-01
3.002000000000000224e-01
3.207999999999999741e-01
3.105999999999999872e-01
3.320000000000000173e-01
3.492000000000000104e-01
3.558000000000000052e-01
3.602000000000000202e-01
3.539999999999999813e-01
2.998000000000000109e-01
2.965999999999999748e-01
2.859999999999999765e-01
2.697999999999999843e-01
2.343999999999999972e-01
2.021999999999999909e-01
1.844000000000000083e-01
1.426000000000000045e-01
1.335999999999999965e-01
1.134000000000000008e-01
1.035999999999999976e-01
1.069999999999999979e-01
1.001999999999999974e-01
7.159999999999999698e-02
5.240000000000000213e-02
2.259999999999999856e-02
8.999999999999999320e-03
1.600000000000000077e-03
1.199999999999999895e-03
8.000000000000000383e-04
2.000000000000000096e-04
2.000000000000000042e-03
3.399999999999999811e-03
4.199999999999999740e-03
4.799999999999999580e-03
3.599999999999999901e-03
2.000000000000000042e-03
4.199999999999999740e-03
3.399999999999999811e-03
4.599999999999999922e-03
2.200000000000000133e-03
1.199999999999999895e-03
3.000000000000000062e-03
3.200000000000000153e-03
7.199999999999999803e-03
4.400000000000000265e-03
4.599999999999999922e-03
5.400000000000000286e-03
3.799999999999999992e-03
4.400000000000000265e-03
4.799999999999999580e-03
4.799999999999999580e-03
7.000000000000000146e-03
6.000000000000000125e-03
1.239999999999999956e-02
1.540000000000000049e-02
1.760000000000000106e-02
1.820000000000000090e-02
2.359999999999999945e-02
3.139999999999999736e-02
5.079999999999999793e-02
7.280000000000000360e-02
1.223999999999999949e-01
1.350000000000000089e-01
1.623999999999999888e-01
1.915999999999999925e-01
2.320000000000000118e-01
2.401999999999999968e-01
2.398000000000000131e-01
2.371999999999999942e-01
2.330000000000000127e-01
2.494000000000000106e-01
2.776000000000000134e-01
2.878000000000000003e-01
3.256000000000000005e-01
3.346000000000000085e-01
3.538000000000000034e-01
3.794000000000000150e-01
3.990000000000000213e-01
3.860000000000000098e-01
4.016000000000000125e-01
4.129999999999999782e-01
3.987999999999999878e-01
3.780000000000000027e-01
3.699999999999999956e-01
3.572000000000000175e-01
3.595999999999999752e-01
3.585999999999999743e-01
3.397999999999999909e-01
3.477999999999999980e-01
3.221999999999999864e-01
2.928000000000000047e-01
2.666000000000000036e-01
2.561999999999999833e-01
2.636000000000000010e-01
2.657999999999999807e-01
2.587999999999999745e-01
2.627999999999999781e-01
2.647999999999999798e-01
2.817999999999999949e-01
2.770000000000000240e-01
2.723999999999999755e-01
2.802000000000000046e-01
2.584000000000000186e-01
2.474000000000000088e-01
2.379999999999999893e-01
2.192000000000000060e-01
2.091999999999999971e-01
2.204000000000000126e-01
1.713999999999999968e-01
1.564000000000000112e-01
1.559999999999999998e-01
1.507999999999999896e-01
1.663999999999999924e-01
1.975999999999999979e-01
2.427999999999999881e-01
2.564000000000000168e-01
2.487999999999999934e-01
2.982000000000000206e-01
3.393999999999999795e-01
3.725999999999999868e-01
4.099999999999999756e-01
4.666000000000000147e-01
4.853999999999999981e-01
4.984000000000000097e-01
5.063999999999999613e-01
4.662000000000000033e-01
4.485999999999999988e-01
4.434000000000000163e-01
4.747999999999999998e-01
4.630000000000000226e-01
4.526000000000000023e-01
4.769999999999999796e-01
4.888000000000000123e-01
4.812000000000000166e-01
4.932000000000000273e-01
4.828000000000000069e-01
4.934000000000000052e-01
4.769999999999999796e-01
4.607999999999999874e-01
3.805999999999999939e-01
3.536000000000000254e-01
3.393999999999999795e-01
2.687999999999999834e-01
3.005999999999999783e-01
2.681999999999999940e-01
2.627999999999999781e-01
2.923999999999999932e-01
3.175999999999999934e-01
4.136000000000000232e-01
3.795999999999999930e-01
3.397999999999999909e-01
2.898000000000000020e-01
2.654000000000000248e-01
2.147999999999999909e-01
1.746000000000000052e-01
1.670000000000000095e-01
1.733999999999999986e-01
1.952000000000000124e-01
1.968000000000000027e-01
2.406000000000000083e-01
2.680000000000000160e-01
2.856000000000000205e-01
3.075999999999999845e-01
3.197999999999999732e-01
3.410000000000000253e-01
3.301999999999999935e-01
3.217999999999999750e-01
2.654000000000000248e-01
2.190000000000000002e-01
2.121999999999999997e-01
1.849999999999999978e-01
1.643999999999999906e-01
1.524000000000000077e-01
1.464000000000000024e-01
1.274000000000000132e-01
1.035999999999999976e-01
8.480000000000000038e-02
7.520000000000000295e-02
7.059999999999999609e-02
6.560000000000000553e-02
5.439999999999999697e-02
4.939999999999999947e-02
4.039999999999999841e-02
3.740000000000000269e-02
4.080000000000000293e-02
4.019999999999999962e-02
5.319999999999999729e-02
5.879999999999999810e-02
7.199999999999999456e-02
8.680000000000000215e-02
1.087999999999999939e-01
1.494000000000000050e-01
1.471999999999999975e-01
1.188000000000000028e-01
9.800000000000000377e-02
9.719999999999999474e-02
8.379999999999999949e-02
7.119999999999999940e-02
6.040000000000000230e-02
6.060000000000000109e-02
4.379999999999999866e-02
4.920000000000000068e-02
5.539999999999999786e-02
6.919999999999999762e-02
9.299999999999999933e-02
1.413999999999999979e-01
1.620000000000000051e-01
1.554000000000000103e-01
1.464000000000000024e-01
1.189999999999999947e-01
1.004000000000000031e-01
1.076000000000000012e-01
9.719999999999999474e-02
1.011999999999999983e-01
1.202000000000000013e-01
1.380000000000000115e-01
1.328000000000000014e-01
1.444000000000000006e-01
1.290000000000000036e-01
1.188000000000000028e-01
9.800000000000000377e-02
8.659999999999999643e-02
5.859999999999999931e-02
6.600000000000000311e-02
5.299999999999999850e-02
8.000000000000000167e-02
1.092000000000000054e-01
1.342000000000000137e-01
1.806000000000000105e-01
2.587999999999999745e-01
3.286000000000000032e-01
4.272000000000000242e-01
4.944000000000000061e-01
4.783999999999999919e-01
4.109999999999999765e-01
3.281999999999999917e-01
2.066000000000000059e-01
1.559999999999999998e-01
1.145999999999999935e-01
9.439999999999999780e-02
1.021999999999999992e-01
9.260000000000000175e-02
9.320000000000000506e-02
7.560000000000000053e-02
5.940000000000000141e-02
2.819999999999999937e-02
3.540000000000000091e-02
4.660000000000000253e-02
6.980000000000000093e-02
1.127999999999999975e-01
1.593999999999999861e-01
1.973999999999999921e-01
2.411999999999999977e-01
3.301999999999999935e-01
3.960000000000000187e-01
4.546000000000000041e-01
4.763999999999999901e-01
4.158000000000000029e-01
3.886000000000000010e-01
3.791999999999999815e-01
3.725999999999999868e-01
3.573999999999999955e-01
3.178000000000000269e-01
2.899999999999999800e-01
2.680000000000000160e-01
3.170000000000000040e-01
3.709999999999999964e-01
4.252000000000000224e-01
4.747999999999999998e-01
4.803999999999999937e-01
4.517999999999999794e-01
4.128000000000000003e-01
3.719999999999999973e-01
3.085999999999999854e-01
2.803999999999999826e-01
2.750000000000000222e-01
3.095999999999999863e-01
3.317999999999999838e-01
3.479999999999999760e-01
4.587999999999999856e-01
4.517999999999999794e-01
3.689999999999999947e-01
2.727999999999999869e-01
2.472000000000000031e-01
2.687999999999999834e-01
2.803999999999999826e-01
3.300000000000000155e-01
3.217999999999999750e-01
3.069999999999999951e-01
3.257999999999999785e-01
3.125999999999999890e-01
3.091999999999999749e-01
3.452000000000000068e-01
3.407999999999999918e-01
3.044000000000000039e-01
2.223999999999999866e-01
2.262000000000000122e-01
2.041999999999999926e-01
2.159999999999999976e-01
2.340000000000000135e-01
3.121999999999999775e-01
3.967999999999999861e-01
4.951999999999999735e-01
4.122000000000000108e-01
3.593999999999999972e-01
3.240000000000000102e-01
3.069999999999999951e-01
2.822000000000000064e-01
2.531999999999999806e-01
2.195999999999999897e-01
1.797999999999999876e-01
1.827999999999999903e-01
1.549999999999999989e-01
1.970000000000000084e-01
2.285999999999999976e-01
3.274000000000000243e-01
4.451999999999999846e-01
4.769999999999999796e-01
3.704000000000000070e-01
3.457999999999999963e-01
3.171999999999999820e-01
2.932000000000000162e-01
2.949999999999999845e-01
2.823999999999999844e-01
3.091999999999999749e-01
3.417999999999999927e-01
3.539999999999999813e-01
3.512000000000000122e-01
3.950000000000000178e-01
4.484000000000000208e-01
4.265999999999999792e-01
4.723999999999999866e-01
4.772000000000000131e-01
4.494000000000000217e-01
4.526000000000000023e-01
4.203999999999999959e-01
4.319999999999999951e-01
4.914000000000000035e-01
4.889999999999999902e-01
5.076000000000000512e-01
4.872000000000000219e-01
4.560000000000000164e-01
4.209999999999999853e-01
3.791999999999999815e-01
3.850000000000000089e-01
4.213999999999999968e-01
4.030000000000000249e-01
3.830000000000000071e-01
4.375999999999999890e-01
4.328000000000000180e-01
4.495999999999999996e-01
4.626000000000000112e-01
4.544000000000000261e-01
4.929999999999999938e-01
4.766000000000000236e-01
4.929999999999999938e-01
4.994000000000000106e-01
4.143999999999999906e-01
4.122000000000000108e-01
4.007999999999999896e-01
3.937999999999999834e-01
4.047999999999999932e-01
3.900000000000000133e-01
4.006000000000000116e-01
4.030000000000000249e-01
4.739999999999999769e-01
4.583999999999999742e-01
3.539999999999999813e-01
1.884000000000000119e-01
1.039999999999999952e-01
8.920000000000000151e-02
1.000000000000000056e-01
6.940000000000000335e-02
6.800000000000000488e-02
6.439999999999999891e-02
1.168000000000000010e-01
2.146000000000000130e-01
2.849999999999999756e-01
3.516000000000000236e-01
4.398000000000000242e-01
4.889999999999999902e-01
4.596000000000000085e-01
3.583999999999999964e-01
2.514000000000000123e-01
1.913999999999999868e-01
1.671999999999999875e-01
1.233999999999999958e-01
1.038000000000000034e-01
9.199999999999999845e-02
7.720000000000000473e-02
1.202000000000000013e-01
1.769999999999999907e-01
3.038000000000000145e-01
3.366000000000000103e-01
3.860000000000000098e-01
3.682000000000000273e-01
4.312000000000000277e-01
4.405999999999999917e-01
3.967999999999999861e-01
3.865999999999999992e-01
2.919999999999999818e-01
2.361999999999999933e-01
2.223999999999999866e-01
2.500000000000000000e-01
2.866000000000000214e-01
2.611999999999999877e-01
2.837999999999999967e-01
2.832000000000000073e-01
3.211999999999999855e-01
3.035999999999999810e-01
3.326000000000000068e-01
3.280000000000000138e-01
3.420000000000000262e-01
3.880000000000000115e-01
4.082000000000000073e-01
3.599999999999999867e-01
3.170000000000000040e-01
3.267999999999999794e-01
3.901999999999999913e-01
4.312000000000000277e-01
4.969999999999999973e-01
4.060000000000000275e-01
3.321999999999999953e-01
2.972000000000000197e-01
2.313999999999999946e-01
2.021999999999999909e-01
1.904000000000000137e-01
1.759999999999999898e-01
1.632000000000000117e-01
2.026000000000000023e-01
2.298000000000000043e-01
2.766000000000000125e-01
2.597999999999999754e-01
2.535999999999999921e-01
1.963999999999999913e-01
1.698000000000000065e-01
1.708000000000000074e-01
1.791999999999999982e-01
1.477999999999999869e-01
1.373999999999999944e-01
1.236000000000000015e-01
8.880000000000000393e-02
7.259999999999999787e-02
4.560000000000000164e-02
2.620000000000000107e-02
1.859999999999999848e-02
9.799999999999999684e-03
8.800000000000000530e-03
7.199999999999999803e-03
5.400000000000000286e-03
6.000000000000000125e-03
7.199999999999999803e-03
7.799999999999999642e-03
1.580000000000000154e-02
1.760000000000000106e-02
4.019999999999999962e-02
8.640000000000000457e-02
1.804000000000000048e-01
2.713999999999999746e-01
3.665999999999999814e-01
3.890000000000000124e-01
4.218000000000000083e-01
4.560000000000000164e-01
3.943999999999999728e-01
3.986000000000000099e-01
3.820000000000000062e-01
4.467999999999999750e-01
4.057999999999999940e-01
3.064000000000000057e-01
2.185999999999999888e-01
1.063999999999999946e-01
7.539999999999999480e-02
3.219999999999999946e-02
1.799999999999999864e-02
1.859999999999999848e-02
1.280000000000000061e-02
1.919999999999999832e-02
1.640000000000000138e-02
2.120000000000000009e-02
2.319999999999999840e-02
1.679999999999999896e-02
1.720000000000000001e-02
1.619999999999999912e-02
2.100000000000000130e-02
2.199999999999999872e-02
1.619999999999999912e-02
1.660000000000000017e-02
1.220000000000000077e-02
1.260000000000000009e-02
1.540000000000000049e-02
2.639999999999999986e-02
5.179999999999999882e-02
7.420000000000000207e-02
1.019999999999999934e-01
1.086000000000000021e-01
8.559999999999999554e-02
6.260000000000000286e-02
5.279999999999999971e-02
4.240000000000000019e-02
6.019999999999999657e-02
1.275999999999999912e-01
3.045999999999999819e-01
4.673999999999999821e-01
4.050000000000000266e-01
2.172000000000000042e-01
6.840000000000000246e-02
2.500000000000000139e-02
2.060000000000000026e-02
1.619999999999999912e-02
1.619999999999999912e-02
2.259999999999999856e-02
2.319999999999999840e-02
2.620000000000000107e-02
2.920000000000000026e-02
2.680000000000000090e-02
3.379999999999999671e-02
5.559999999999999665e-02
1.134000000000000008e-01
2.156000000000000139e-01
3.124000000000000110e-01
4.073999999999999844e-01
4.571999999999999953e-01
4.102000000000000091e-01
3.778000000000000247e-01
3.178000000000000269e-01
2.928000000000000047e-01
3.062000000000000277e-01
3.370000000000000218e-01
3.645999999999999797e-01
4.103999999999999870e-01
4.148000000000000020e-01
3.758000000000000229e-01
2.842000000000000082e-01
3.171999999999999820e-01
3.548000000000000043e-01
3.214000000000000190e-01
3.805999999999999939e-01
3.592000000000000193e-01
2.992000000000000215e-01
3.084000000000000075e-01
2.081999999999999962e-01
1.884000000000000119e-01
1.378000000000000058e-01
1.137999999999999984e-01
1.444000000000000006e-01
1.643999999999999906e-01
1.897999999999999965e-01
2.048000000000000098e-01
1.814000000000000057e-01
1.779999999999999916e-01
1.917999999999999983e-01
1.872000000000000053e-01
2.330000000000000127e-01
2.223999999999999866e-01
2.300000000000000100e-01
2.548000000000000265e-01
2.733999999999999764e-01
3.065999999999999837e-01
3.387999999999999901e-01
3.477999999999999980e-01
3.841999999999999860e-01
4.304000000000000048e-01
4.319999999999999951e-01
3.963999999999999746e-01
3.963999999999999746e-01
3.844000000000000195e-01
3.824000000000000177e-01
3.821999999999999842e-01
4.239999999999999880e-01
4.092000000000000082e-01
3.946000000000000063e-01
3.563999999999999946e-01
3.175999999999999934e-01
2.883999999999999897e-01
2.278000000000000025e-01
2.200000000000000011e-01
1.950000000000000067e-01
1.542000000000000037e-01
1.277999999999999969e-01
1.069999999999999979e-01
9.260000000000000175e-02
9.919999999999999651e-02
1.209999999999999964e-01
1.353999999999999926e-01
1.353999999999999926e-01
1.535999999999999865e-01
1.890000000000000013e-01
2.260000000000000064e-01
2.510000000000000009e-01
2.524000000000000132e-01
2.469999999999999973e-01
2.388000000000000123e-01
2.384000000000000008e-01
2.127999999999999892e-01
1.545999999999999874e-01
1.635999999999999954e-01
1.237999999999999934e-01
1.287999999999999978e-01
1.796000000000000096e-01
2.394000000000000017e-01
3.214000000000000190e-01
3.307999999999999829e-01
3.795999999999999930e-01
4.077999999999999958e-01
4.089999999999999747e-01
3.798000000000000265e-01
3.808000000000000274e-01
4.017999999999999905e-01
4.660000000000000253e-01
4.611999999999999988e-01
4.176000000000000267e-01
3.605999999999999761e-01
3.217999999999999750e-01
2.999999999999999889e-01
3.098000000000000198e-01
3.054000000000000048e-01
3.463999999999999857e-01
3.512000000000000122e-01
3.682000000000000273e-01
4.143999999999999906e-01
4.945999999999999841e-01
4.727999999999999980e-01
4.205999999999999739e-01
4.183999999999999941e-01
4.321999999999999731e-01
4.961999999999999744e-01
4.843999999999999972e-01
4.162000000000000144e-01
3.625999999999999779e-01
3.154000000000000137e-01
3.062000000000000277e-01
2.447999999999999898e-01
1.950000000000000067e-01
1.807999999999999885e-01
1.431999999999999940e-01
1.147999999999999993e-01
1.086000000000000021e-01
1.247999999999999943e-01
1.557999999999999940e-01
1.713999999999999968e-01
2.039999999999999869e-01
2.446000000000000119e-01
3.098000000000000198e-01
3.728000000000000203e-01
4.759999999999999787e-01
4.682000000000000051e-01
4.116000000000000214e-01
3.664000000000000035e-01
3.508000000000000007e-01
3.449999999999999734e-01
3.598000000000000087e-01
3.817999999999999727e-01
