1.199999999999999895e-03
1.199999999999999895e-03
8.000000000000000383e-04
4.000000000000000192e-04
1.199999999999999895e-03
4.400000000000000265e-03
7.799999999999999642e-03
8.000000000000000167e-03
6.199999999999999782e-03
2.340000000000000066e-02
2.419999999999999929e-02
3.020000000000000115e-02
2.680000000000000090e-02
7.560000000000000053e-02
9.919999999999999651e-02
1.246000000000000024e-01
1.093999999999999972e-01
1.685999999999999999e-01
1.711999999999999911e-01
1.953999999999999904e-01
2.323999999999999955e-01
2.525999999999999912e-01
2.651999999999999913e-01
2.686000000000000054e-01
2.853999999999999870e-01
2.978000000000000091e-01
2.660000000000000142e-01
3.331999999999999962e-01
3.800000000000000044e-01
3.652000000000000246e-01
3.423999999999999821e-01
2.975999999999999757e-01
3.094000000000000083e-01
3.237999999999999767e-01
2.464000000000000079e-01
2.600000000000000089e-01
2.407999999999999863e-01
2.069999999999999896e-01
2.089999999999999913e-01
2.069999999999999896e-01
1.685999999999999999e-01
1.681999999999999884e-01
1.549999999999999989e-01
1.024000000000000049e-01
1.136000000000000065e-01
9.520000000000000684e-02
6.539999999999999980e-02
6.919999999999999762e-02
7.159999999999999698e-02
5.340000000000000302e-02
5.519999999999999907e-02
5.399999999999999939e-02
4.859999999999999737e-02
5.040000000000000036e-02
4.440000000000000197e-02
2.860000000000000042e-02
2.840000000000000163e-02
2.719999999999999848e-02
2.259999999999999856e-02
2.460000000000000034e-02
2.040000000000000147e-02
2.500000000000000139e-02
2.620000000000000107e-02
2.380000000000000171e-02
5.599999999999999943e-03
6.199999999999999782e-03
8.000000000000000167e-03
8.000000000000000167e-03
9.199999999999999845e-03
7.599999999999999985e-03
2.460000000000000034e-02
2.819999999999999937e-02
2.580000000000000002e-02
2.460000000000000034e-02
2.259999999999999856e-02
2.220000000000000098e-02
2.639999999999999986e-02
3.320000000000000034e-02
5.659999999999999754e-02
5.199999999999999761e-02
7.320000000000000118e-02
7.839999999999999747e-02
7.679999999999999327e-02
9.479999999999999538e-02
1.461999999999999966e-01
1.466000000000000081e-01
1.635999999999999954e-01
1.758000000000000118e-01
2.000000000000000111e-01
2.288000000000000034e-01
2.647999999999999798e-01
3.170000000000000040e-01
3.674000000000000044e-01
4.186000000000000276e-01
4.248000000000000109e-01
4.752000000000000113e-01
5.121999999999999886e-01
4.501999999999999891e-01
4.405999999999999917e-01
4.149999999999999800e-01
3.775999999999999912e-01
3.526000000000000245e-01
3.211999999999999855e-01
3.042000000000000259e-01
2.762000000000000011e-01
2.762000000000000011e-01
2.733999999999999764e-01
2.356000000000000039e-01
2.096000000000000085e-01
2.139999999999999958e-01
1.680000000000000104e-01
1.642000000000000126e-01
1.587999999999999967e-01
1.552000000000000046e-01
1.418000000000000094e-01
1.481999999999999984e-01
1.361999999999999877e-01
1.439999999999999891e-01
1.322000000000000119e-01
1.446000000000000063e-01
1.400000000000000133e-01
1.390000000000000124e-01
1.466000000000000081e-01
1.383999999999999952e-01
1.322000000000000119e-01
1.756000000000000061e-01
1.968000000000000027e-01
1.991999999999999882e-01
2.343999999999999972e-01
2.349999999999999867e-01
2.497999999999999943e-01
2.651999999999999913e-01
2.626000000000000001e-01
2.703999999999999737e-01
2.783999999999999808e-01
2.886000000000000232e-01
2.883999999999999897e-01
3.306000000000000050e-01
3.356000000000000094e-01
3.377999999999999892e-01
3.568000000000000060e-01
3.493999999999999884e-01
3.685999999999999832e-01
3.437999999999999945e-01
3.462000000000000077e-01
3.518000000000000016e-01
3.805999999999999939e-01
3.934000000000000274e-01
3.997999999999999887e-01
4.254000000000000004e-01
4.073999999999999844e-01
4.312000000000000277e-01
4.590000000000000191e-01
4.929999999999999938e-01
4.855999999999999761e-01
4.885999999999999788e-01
4.979999999999999982e-01
5.108000000000000318e-01
4.939999999999999947e-01
4.843999999999999972e-01
5.060000000000000053e-01
4.737999999999999989e-01
4.872000000000000219e-01
4.597999999999999865e-01
4.819999999999999840e-01
4.934000000000000052e-01
4.951999999999999735e-01
5.036000000000000476e-01
5.033999999999999586e-01
4.813999999999999946e-01
5.038000000000000256e-01
4.802000000000000157e-01
4.762000000000000122e-01
4.593999999999999750e-01
4.511999999999999900e-01
4.374000000000000110e-01
4.299999999999999933e-01
4.359999999999999987e-01
4.057999999999999940e-01
4.212000000000000188e-01
4.319999999999999951e-01
4.355999999999999872e-01
4.758000000000000007e-01
5.030000000000000027e-01
4.600000000000000200e-01
4.772000000000000131e-01
4.507999999999999785e-01
4.319999999999999951e-01
4.312000000000000277e-01
3.851999999999999869e-01
3.980000000000000204e-01
3.845999999999999974e-01
3.788000000000000256e-01
3.745999999999999885e-01
3.654000000000000026e-01
3.508000000000000007e-01
3.738000000000000211e-01
3.486000000000000210e-01
3.351999999999999980e-01
3.392000000000000015e-01
3.439999999999999725e-01
3.509999999999999787e-01
3.456000000000000183e-01
3.446000000000000174e-01
3.350000000000000200e-01
4.116000000000000214e-01
4.447999999999999732e-01
4.166000000000000258e-01
3.877999999999999781e-01
3.831999999999999851e-01
4.388000000000000234e-01
4.825999999999999734e-01
5.033999999999999586e-01
4.491999999999999882e-01
4.339999999999999969e-01
4.136000000000000232e-01
4.050000000000000266e-01
3.622000000000000219e-01
3.276000000000000023e-01
2.899999999999999800e-01
2.508000000000000229e-01
2.711999999999999966e-01
2.883999999999999897e-01
2.726000000000000090e-01
3.079999999999999960e-01
2.341999999999999915e-01
2.260000000000000064e-01
2.272000000000000131e-01
2.280000000000000082e-01
2.053999999999999992e-01
1.955999999999999961e-01
1.971999999999999864e-01
1.872000000000000053e-01
1.880000000000000004e-01
1.814000000000000057e-01
1.875999999999999890e-01
1.708000000000000074e-01
2.021999999999999909e-01
2.247999999999999998e-01
2.338000000000000078e-01
2.074000000000000010e-01
1.991999999999999882e-01
1.958000000000000018e-01
1.549999999999999989e-01
1.564000000000000112e-01
1.648000000000000020e-01
1.484000000000000041e-01
1.502000000000000002e-01
8.300000000000000433e-02
9.239999999999999603e-02
8.699999999999999400e-02
8.699999999999999400e-02
8.880000000000000393e-02
8.519999999999999796e-02
8.599999999999999312e-02
7.539999999999999480e-02
4.819999999999999979e-02
3.339999999999999913e-02
3.459999999999999881e-02
3.559999999999999970e-02
3.080000000000000099e-02
2.860000000000000042e-02
2.199999999999999872e-02
7.760000000000000231e-02
1.202000000000000013e-01
1.380000000000000115e-01
1.408000000000000085e-01
1.307999999999999996e-01
1.433999999999999997e-01
1.897999999999999965e-01
1.650000000000000078e-01
1.633999999999999897e-01
1.285999999999999921e-01
1.232000000000000040e-01
1.212000000000000022e-01
1.353999999999999926e-01
1.233999999999999958e-01
1.178000000000000019e-01
1.165999999999999953e-01
1.325999999999999956e-01
1.195999999999999980e-01
1.436000000000000054e-01
1.285999999999999921e-01
1.343999999999999917e-01
1.194000000000000061e-01
1.471999999999999975e-01
1.590000000000000024e-01
1.887999999999999956e-01
2.030000000000000138e-01
2.061999999999999944e-01
2.293999999999999928e-01
2.474000000000000088e-01
2.494000000000000106e-01
2.401999999999999968e-01
2.396000000000000074e-01
2.361999999999999933e-01
2.528000000000000247e-01
2.790000000000000258e-01
2.644000000000000239e-01
2.760000000000000231e-01
2.567999999999999727e-01
2.484000000000000097e-01
2.318000000000000060e-01
2.275999999999999968e-01
2.358000000000000096e-01
2.320000000000000118e-01
2.338000000000000078e-01
2.262000000000000122e-01
2.369999999999999885e-01
2.707999999999999852e-01
2.896000000000000241e-01
3.024000000000000021e-01
3.075999999999999845e-01
3.291999999999999926e-01
3.360000000000000209e-01
4.329999999999999960e-01
4.526000000000000023e-01
4.566000000000000059e-01
4.474000000000000199e-01
4.282000000000000250e-01
4.208000000000000074e-01
3.827999999999999736e-01
3.400000000000000244e-01
2.474000000000000088e-01
2.595999999999999974e-01
2.349999999999999867e-01
2.703999999999999737e-01
2.561999999999999833e-01
2.544000000000000150e-01
2.424000000000000044e-01
2.021999999999999909e-01
1.836000000000000132e-01
1.759999999999999898e-01
1.817999999999999894e-01
1.675999999999999990e-01
1.675999999999999990e-01
1.665999999999999981e-01
1.658000000000000029e-01
1.487999999999999878e-01
1.605999999999999928e-01
1.577999999999999958e-01
1.663999999999999924e-01
1.620000000000000051e-01
1.517999999999999905e-01
1.680000000000000104e-01
1.252000000000000057e-01
1.272000000000000075e-01
1.595999999999999919e-01
1.246000000000000024e-01
1.243999999999999967e-01
1.293999999999999873e-01
1.265999999999999903e-01
1.340000000000000080e-01
1.345999999999999974e-01
1.350000000000000089e-01
1.700000000000000122e-01
1.736000000000000043e-01
1.993999999999999939e-01
3.297999999999999821e-01
3.625999999999999779e-01
4.497999999999999776e-01
4.938000000000000167e-01
3.854000000000000203e-01
3.019999999999999907e-01
3.079999999999999960e-01
3.055999999999999828e-01
1.587999999999999967e-01
1.816000000000000114e-01
1.932000000000000106e-01
1.925999999999999934e-01
1.691999999999999893e-01
1.458000000000000129e-01
1.681999999999999884e-01
1.557999999999999940e-01
1.681999999999999884e-01
1.675999999999999990e-01
1.748000000000000109e-01
1.602000000000000091e-01
1.653999999999999915e-01
1.643999999999999906e-01
1.754000000000000004e-01
1.905999999999999917e-01
1.789999999999999925e-01
1.993999999999999939e-01
2.187999999999999945e-01
2.384000000000000008e-01
2.621999999999999886e-01
2.636000000000000010e-01
2.826000000000000179e-01
2.916000000000000258e-01
3.145999999999999908e-01
3.141999999999999793e-01
3.277999999999999803e-01
3.755999999999999894e-01
4.040000000000000258e-01
3.991999999999999993e-01
4.305999999999999828e-01
4.551999999999999935e-01
5.003999999999999559e-01
4.809999999999999831e-01
4.580000000000000182e-01
3.997999999999999887e-01
3.936000000000000054e-01
3.698000000000000176e-01
3.286000000000000032e-01
2.993999999999999995e-01
3.025999999999999801e-01
3.247999999999999776e-01
3.042000000000000259e-01
2.919999999999999818e-01
2.906000000000000250e-01
2.998000000000000109e-01
3.048000000000000154e-01
3.225999999999999979e-01
3.215999999999999970e-01
2.938000000000000056e-01
3.170000000000000040e-01
3.028000000000000136e-01
3.084000000000000075e-01
3.357999999999999874e-01
3.397999999999999909e-01
3.432000000000000051e-01
3.473999999999999866e-01
3.423999999999999821e-01
3.970000000000000195e-01
3.810000000000000053e-01
3.831999999999999851e-01
3.937999999999999834e-01
3.675999999999999823e-01
3.618000000000000105e-01
3.950000000000000178e-01
4.359999999999999987e-01
4.400000000000000022e-01
4.454000000000000181e-01
4.345999999999999863e-01
4.792000000000000148e-01
4.965999999999999859e-01
4.935999999999999832e-01
4.776000000000000245e-01
4.904000000000000026e-01
4.998000000000000220e-01
4.998000000000000220e-01
5.038000000000000256e-01
4.812000000000000166e-01
4.500000000000000111e-01
4.339999999999999969e-01
4.461999999999999855e-01
4.318000000000000171e-01
4.401999999999999802e-01
4.576000000000000068e-01
4.709999999999999742e-01
4.560000000000000164e-01
4.627999999999999892e-01
4.480000000000000093e-01
4.119999999999999774e-01
4.179999999999999827e-01
4.279999999999999916e-01
4.107999999999999985e-01
4.067999999999999949e-01
3.851999999999999869e-01
3.685999999999999832e-01
3.068000000000000171e-01
2.952000000000000179e-01
2.807999999999999940e-01
2.262000000000000122e-01
1.680000000000000104e-01
1.418000000000000094e-01
1.408000000000000085e-01
1.158000000000000002e-01
9.700000000000000289e-02
8.119999999999999440e-02
8.100000000000000255e-02
4.080000000000000293e-02
2.199999999999999872e-02
2.179999999999999993e-02
3.020000000000000115e-02
2.659999999999999865e-02
2.740000000000000074e-02
4.359999999999999987e-02
5.059999999999999915e-02
4.819999999999999979e-02
5.040000000000000036e-02
5.299999999999999850e-02
8.300000000000000433e-02
1.136000000000000065e-01
1.274000000000000132e-01
1.277999999999999969e-01
1.577999999999999958e-01
1.857999999999999929e-01
2.558000000000000274e-01
2.893999999999999906e-01
3.699999999999999956e-01
4.411999999999999811e-01
4.401999999999999802e-01
4.349999999999999978e-01
4.974000000000000088e-01
4.537999999999999812e-01
4.233999999999999986e-01
4.248000000000000109e-01
4.179999999999999827e-01
3.924000000000000266e-01
3.754000000000000115e-01
3.658000000000000140e-01
3.382000000000000006e-01
3.439999999999999725e-01
3.402000000000000024e-01
3.330000000000000182e-01
3.161999999999999811e-01
3.035999999999999810e-01
3.200000000000000067e-01
3.180000000000000049e-01
3.447999999999999954e-01
3.442000000000000060e-01
3.476000000000000201e-01
3.629999999999999893e-01
3.688000000000000167e-01
4.179999999999999827e-01
4.128000000000000003e-01
4.252000000000000224e-01
4.521999999999999909e-01
4.852000000000000202e-01
5.070000000000000062e-01
5.008000000000000229e-01
4.849999999999999867e-01
5.148000000000000353e-01
4.689999999999999725e-01
4.172000000000000153e-01
4.183999999999999941e-01
4.195999999999999730e-01
4.199999999999999845e-01
4.156000000000000250e-01
4.188000000000000056e-01
4.152000000000000135e-01
4.314000000000000057e-01
4.325999999999999845e-01
4.122000000000000108e-01
4.199999999999999845e-01
4.156000000000000250e-01
3.950000000000000178e-01
3.844000000000000195e-01
3.794000000000000150e-01
3.953999999999999737e-01
3.672000000000000264e-01
3.906000000000000028e-01
3.705999999999999850e-01
3.668000000000000149e-01
3.613999999999999990e-01
3.473999999999999866e-01
3.402000000000000024e-01
3.069999999999999951e-01
2.926000000000000267e-01
2.918000000000000038e-01
2.677999999999999825e-01
2.580000000000000071e-01
2.414000000000000035e-01
2.243999999999999884e-01
2.088000000000000134e-01
1.864000000000000101e-01
1.771999999999999964e-01
1.781999999999999973e-01
1.653999999999999915e-01
1.381999999999999895e-01
1.444000000000000006e-01
1.212000000000000022e-01
8.699999999999999400e-02
9.679999999999999716e-02
9.439999999999999780e-02
9.479999999999999538e-02
8.659999999999999643e-02
8.200000000000000344e-02
8.119999999999999440e-02
8.359999999999999376e-02
8.419999999999999707e-02
7.280000000000000360e-02
7.259999999999999787e-02
7.299999999999999545e-02
7.000000000000000666e-02
2.419999999999999929e-02
2.440000000000000155e-02
2.520000000000000018e-02
2.599999999999999881e-02
7.000000000000000146e-03
7.599999999999999985e-03
4.599999999999999922e-03
6.599999999999999964e-03
7.799999999999999642e-03
1.020000000000000073e-02
2.000000000000000096e-04
1.000000000000000021e-03
8.000000000000000383e-04
5.599999999999999943e-03
2.719999999999999848e-02
6.679999999999999827e-02
6.919999999999999762e-02
8.920000000000000151e-02
1.267999999999999960e-01
1.429999999999999882e-01
1.620000000000000051e-01
1.799999999999999933e-01
2.175999999999999879e-01
2.447999999999999898e-01
2.634000000000000230e-01
2.786000000000000143e-01
2.968000000000000083e-01
2.963999999999999968e-01
3.098000000000000198e-01
3.447999999999999954e-01
3.559999999999999831e-01
3.798000000000000265e-01
4.123999999999999888e-01
4.371999999999999775e-01
4.799999999999999822e-01
4.988000000000000211e-01
4.865999999999999770e-01
4.888000000000000123e-01
4.782000000000000139e-01
4.464000000000000190e-01
4.410000000000000031e-01
3.874000000000000221e-01
2.953999999999999959e-01
2.407999999999999863e-01
1.834000000000000075e-01
1.602000000000000091e-01
1.144000000000000017e-01
1.181999999999999995e-01
1.097999999999999948e-01
1.082000000000000045e-01
1.063999999999999946e-01
9.760000000000000620e-02
1.076000000000000012e-01
8.999999999999999667e-02
9.160000000000000087e-02
7.660000000000000142e-02
7.380000000000000449e-02
8.840000000000000635e-02
8.340000000000000191e-02
7.080000000000000182e-02
6.119999999999999746e-02
8.920000000000000151e-02
8.939999999999999336e-02
1.126000000000000056e-01
1.141999999999999960e-01
1.255999999999999894e-01
1.476000000000000090e-01
1.429999999999999882e-01
1.431999999999999940e-01
1.398000000000000076e-01
1.491999999999999993e-01
1.502000000000000002e-01
1.388000000000000067e-01
1.504000000000000059e-01
1.559999999999999998e-01
1.832000000000000017e-01
1.938000000000000000e-01
2.146000000000000130e-01
2.149999999999999967e-01
2.454000000000000070e-01
2.391999999999999960e-01
2.601999999999999869e-01
2.717999999999999861e-01
3.002000000000000224e-01
3.330000000000000182e-01
3.164000000000000146e-01
3.321999999999999953e-01
3.261999999999999900e-01
3.363999999999999768e-01
3.413999999999999813e-01
3.845999999999999974e-01
3.996000000000000107e-01
4.132000000000000117e-01
4.249999999999999889e-01
4.384000000000000119e-01
4.670000000000000262e-01
4.808000000000000052e-01
4.128000000000000003e-01
4.325999999999999845e-01
4.073999999999999844e-01
3.936000000000000054e-01
3.642000000000000237e-01
3.165999999999999925e-01
3.071999999999999731e-01
2.687999999999999834e-01
2.763999999999999790e-01
2.697999999999999843e-01
2.646000000000000019e-01
2.740000000000000213e-01
2.747999999999999887e-01
2.767999999999999905e-01
2.817999999999999949e-01
2.819999999999999729e-01
2.793999999999999817e-01
2.696000000000000063e-01
2.912000000000000144e-01
2.923999999999999932e-01
2.998000000000000109e-01
3.044000000000000039e-01
3.190000000000000058e-01
3.089999999999999969e-01
3.291999999999999926e-01
3.235999999999999988e-01
3.185999999999999943e-01
3.274000000000000243e-01
3.158000000000000251e-01
3.095999999999999863e-01
3.130000000000000004e-01
3.442000000000000060e-01
3.705999999999999850e-01
4.119999999999999774e-01
4.186000000000000276e-01
4.189999999999999836e-01
4.646000000000000130e-01
4.626000000000000112e-01
5.021999999999999797e-01
4.978000000000000203e-01
4.786000000000000254e-01
4.863999999999999990e-01
4.633999999999999786e-01
4.680000000000000271e-01
4.344000000000000083e-01
4.265999999999999792e-01
4.405999999999999917e-01
4.312000000000000277e-01
4.278000000000000136e-01
4.139999999999999791e-01
4.238000000000000100e-01
4.032000000000000028e-01
3.981999999999999984e-01
3.820000000000000062e-01
3.536000000000000254e-01
3.625999999999999779e-01
3.477999999999999980e-01
3.407999999999999918e-01
3.509999999999999787e-01
3.538000000000000034e-01
3.367999999999999883e-01
3.326000000000000068e-01
3.402000000000000024e-01
3.439999999999999725e-01
3.214000000000000190e-01
3.311999999999999944e-01
3.443999999999999839e-01
3.420000000000000262e-01
3.562000000000000166e-01
3.618000000000000105e-01
3.760000000000000009e-01
4.006000000000000116e-01
3.835999999999999965e-01
4.278000000000000136e-01
4.173999999999999932e-01
4.153999999999999915e-01
4.254000000000000004e-01
4.202000000000000179e-01
4.248000000000000109e-01
4.334000000000000075e-01
3.997999999999999887e-01
4.176000000000000267e-01
3.983999999999999764e-01
4.444000000000000172e-01
4.066000000000000170e-01
4.042000000000000037e-01
4.149999999999999800e-01
4.275999999999999801e-01
4.233999999999999986e-01
4.567999999999999838e-01
4.308000000000000163e-01
4.308000000000000163e-01
4.484000000000000208e-01
3.930000000000000160e-01
4.042000000000000037e-01
4.037999999999999923e-01
3.993999999999999773e-01
4.102000000000000091e-01
4.173999999999999932e-01
4.077999999999999958e-01
3.901999999999999913e-01
3.997999999999999887e-01
3.815999999999999948e-01
3.705999999999999850e-01
3.750000000000000000e-01
3.682000000000000273e-01
3.821999999999999842e-01
3.801999999999999824e-01
3.817999999999999727e-01
3.791999999999999815e-01
3.910000000000000142e-01
3.956000000000000072e-01
4.228000000000000091e-01
4.030000000000000249e-01
4.331999999999999740e-01
4.282000000000000250e-01
4.541999999999999926e-01
4.465999999999999970e-01
4.799999999999999822e-01
4.613999999999999768e-01
4.430000000000000049e-01
4.245999999999999774e-01
3.993999999999999773e-01
4.536000000000000032e-01
4.905999999999999805e-01
4.802000000000000157e-01
4.786000000000000254e-01
4.566000000000000059e-01
4.884000000000000008e-01
4.727999999999999980e-01
4.450000000000000067e-01
4.404000000000000137e-01
4.742000000000000104e-01
4.672000000000000042e-01
3.729999999999999982e-01
3.366000000000000103e-01
3.662000000000000255e-01
3.837999999999999745e-01
3.695999999999999841e-01
3.403999999999999804e-01
2.975999999999999757e-01
2.945999999999999730e-01
3.161999999999999811e-01
3.029999999999999916e-01
2.972000000000000197e-01
2.949999999999999845e-01
2.943999999999999950e-01
2.816000000000000170e-01
2.647999999999999798e-01
2.727999999999999869e-01
1.988000000000000045e-01
1.867999999999999938e-01
1.796000000000000096e-01
1.721999999999999920e-01
1.726000000000000034e-01
1.340000000000000080e-01
1.433999999999999997e-01
1.342000000000000137e-01
1.199999999999999956e-01
1.004000000000000031e-01
3.919999999999999873e-02
2.179999999999999993e-02
2.160000000000000114e-02
2.299999999999999961e-02
6.000000000000000125e-03
6.599999999999999964e-03
4.000000000000000192e-04
1.000000000000000021e-03
2.000000000000000096e-04
8.000000000000000383e-04
1.399999999999999986e-03
5.999999999999999474e-04
5.999999999999999474e-04
8.000000000000000383e-04
1.199999999999999895e-03
2.000000000000000096e-04
4.000000000000000192e-04
