4.080000000000000293e-02
3.719999999999999696e-02
3.620000000000000301e-02
2.160000000000000114e-02
2.560000000000000123e-02
2.759999999999999953e-02
4.259999999999999898e-02
3.980000000000000204e-02
3.960000000000000325e-02
3.559999999999999970e-02
4.200000000000000261e-02
3.860000000000000236e-02
3.459999999999999881e-02
4.680000000000000132e-02
8.980000000000000482e-02
7.520000000000000295e-02
6.619999999999999496e-02
9.099999999999999756e-02
8.920000000000000151e-02
1.087999999999999939e-01
1.076000000000000012e-01
1.807999999999999885e-01
2.195999999999999897e-01
2.949999999999999845e-01
3.340000000000000191e-01
3.867999999999999772e-01
4.284000000000000030e-01
4.259999999999999898e-01
4.835999999999999743e-01
4.812000000000000166e-01
4.709999999999999742e-01
4.617999999999999883e-01
4.365999999999999881e-01
4.259999999999999898e-01
4.309999999999999942e-01
4.440000000000000058e-01
4.411999999999999811e-01
4.485999999999999988e-01
4.262000000000000233e-01
4.235999999999999766e-01
4.391999999999999793e-01
4.248000000000000109e-01
4.112000000000000099e-01
3.528000000000000025e-01
3.721999999999999753e-01
3.452000000000000068e-01
2.762000000000000011e-01
2.570000000000000062e-01
2.078000000000000125e-01
2.162000000000000033e-01
1.710000000000000131e-01
1.658000000000000029e-01
1.562000000000000055e-01
1.413999999999999979e-01
1.539999999999999980e-01
1.411999999999999922e-01
1.315999999999999948e-01
1.398000000000000076e-01
1.652000000000000135e-01
1.418000000000000094e-01
1.330000000000000071e-01
1.368000000000000049e-01
1.202000000000000013e-01
1.243999999999999967e-01
1.229999999999999982e-01
7.439999999999999392e-02
9.439999999999999780e-02
7.140000000000000513e-02
5.920000000000000262e-02
3.899999999999999994e-02
3.640000000000000180e-02
4.059999999999999720e-02
6.239999999999999714e-02
3.180000000000000188e-02
7.019999999999999851e-02
7.000000000000000666e-02
6.940000000000000335e-02
7.180000000000000271e-02
6.379999999999999560e-02
9.660000000000000531e-02
8.140000000000000013e-02
9.260000000000000175e-02
7.760000000000000231e-02
8.540000000000000369e-02
7.760000000000000231e-02
8.179999999999999771e-02
9.579999999999999627e-02
9.420000000000000595e-02
8.500000000000000611e-02
9.160000000000000087e-02
9.239999999999999603e-02
8.400000000000000522e-02
8.540000000000000369e-02
8.240000000000000102e-02
1.203999999999999931e-01
1.254000000000000115e-01
1.137999999999999984e-01
1.406000000000000028e-01
1.451999999999999957e-01
1.199999999999999956e-01
1.642000000000000126e-01
1.461999999999999966e-01
1.751999999999999946e-01
1.904000000000000137e-01
2.190000000000000002e-01
2.116000000000000103e-01
2.351999999999999924e-01
2.338000000000000078e-01
2.424000000000000044e-01
2.577999999999999736e-01
2.657999999999999807e-01
3.084000000000000075e-01
3.081999999999999740e-01
3.910000000000000142e-01
4.344000000000000083e-01
5.051999999999999824e-01
4.560000000000000164e-01
4.454000000000000181e-01
4.391999999999999793e-01
3.966000000000000081e-01
3.356000000000000094e-01
2.780000000000000249e-01
2.832000000000000073e-01
2.472000000000000031e-01
2.018000000000000071e-01
2.028000000000000080e-01
2.059999999999999887e-01
2.114000000000000046e-01
2.210000000000000020e-01
2.016000000000000014e-01
1.710000000000000131e-01
1.537999999999999923e-01
1.313999999999999890e-01
1.202000000000000013e-01
1.110000000000000014e-01
1.052000000000000018e-01
1.092000000000000054e-01
1.018000000000000016e-01
1.517999999999999905e-01
1.532000000000000028e-01
1.585999999999999910e-01
1.448000000000000120e-01
1.438000000000000111e-01
1.565999999999999892e-01
1.826000000000000123e-01
1.787999999999999867e-01
2.129999999999999949e-01
2.114000000000000046e-01
2.049999999999999878e-01
2.333999999999999964e-01
2.152000000000000024e-01
2.260000000000000064e-01
2.126000000000000112e-01
2.869999999999999774e-01
2.680000000000000160e-01
2.641999999999999904e-01
2.846000000000000196e-01
2.863999999999999879e-01
2.993999999999999995e-01
3.370000000000000218e-01
3.937999999999999834e-01
4.016000000000000125e-01
4.243999999999999995e-01
4.229999999999999871e-01
4.163999999999999924e-01
4.334000000000000075e-01
5.048000000000000265e-01
4.601999999999999980e-01
4.683999999999999830e-01
4.808000000000000052e-01
4.623999999999999777e-01
4.803999999999999937e-01
4.829999999999999849e-01
5.021999999999999797e-01
5.030000000000000027e-01
4.951999999999999735e-01
4.838000000000000078e-01
4.596000000000000085e-01
4.507999999999999785e-01
4.013999999999999790e-01
3.821999999999999842e-01
3.728000000000000203e-01
3.741999999999999771e-01
3.376000000000000112e-01
3.320000000000000173e-01
3.220000000000000084e-01
3.351999999999999980e-01
3.467999999999999972e-01
3.410000000000000253e-01
2.953999999999999959e-01
3.044000000000000039e-01
3.008000000000000118e-01
2.975999999999999757e-01
2.879999999999999782e-01
2.770000000000000240e-01
2.627999999999999781e-01
2.492000000000000048e-01
2.089999999999999913e-01
2.137999999999999901e-01
2.109999999999999931e-01
1.938000000000000000e-01
1.938000000000000000e-01
1.995999999999999996e-01
2.265999999999999959e-01
2.419999999999999929e-01
2.656000000000000028e-01
2.882000000000000117e-01
2.816000000000000170e-01
3.244000000000000217e-01
3.528000000000000025e-01
4.033999999999999808e-01
4.254000000000000004e-01
4.547999999999999821e-01
4.544000000000000261e-01
4.600000000000000200e-01
4.447999999999999732e-01
4.096000000000000196e-01
4.428000000000000269e-01
4.673999999999999821e-01
4.653999999999999804e-01
4.593999999999999750e-01
4.282000000000000250e-01
4.484000000000000208e-01
4.219999999999999862e-01
4.335999999999999854e-01
4.212000000000000188e-01
4.490000000000000102e-01
4.321999999999999731e-01
4.334000000000000075e-01
4.258000000000000118e-01
4.521999999999999909e-01
4.613999999999999768e-01
4.806000000000000272e-01
4.793999999999999928e-01
4.663999999999999813e-01
4.666000000000000147e-01
4.395999999999999908e-01
4.626000000000000112e-01
4.798000000000000043e-01
4.802000000000000157e-01
4.762000000000000122e-01
4.938000000000000167e-01
4.969999999999999973e-01
4.882000000000000228e-01
5.008000000000000229e-01
5.006000000000000449e-01
4.444000000000000172e-01
4.632000000000000006e-01
4.995999999999999885e-01
5.030000000000000027e-01
4.613999999999999768e-01
4.729999999999999760e-01
4.541999999999999926e-01
4.597999999999999865e-01
4.495999999999999996e-01
4.484000000000000208e-01
4.314000000000000057e-01
4.328000000000000180e-01
4.254000000000000004e-01
4.339999999999999969e-01
4.319999999999999951e-01
4.269999999999999907e-01
4.199999999999999845e-01
4.076000000000000179e-01
4.020000000000000240e-01
4.026000000000000134e-01
4.205999999999999739e-01
4.193999999999999950e-01
4.354000000000000092e-01
4.259999999999999898e-01
4.414000000000000146e-01
4.663999999999999813e-01
4.934000000000000052e-01
4.868000000000000105e-01
4.699999999999999734e-01
4.467999999999999750e-01
4.500000000000000111e-01
4.607999999999999874e-01
4.371999999999999775e-01
4.060000000000000275e-01
4.470000000000000084e-01
4.010000000000000231e-01
3.931999999999999940e-01
4.047999999999999932e-01
3.791999999999999815e-01
3.689999999999999947e-01
3.698000000000000176e-01
3.311999999999999944e-01
2.942000000000000171e-01
2.524000000000000132e-01
2.175999999999999879e-01
2.172000000000000042e-01
2.182000000000000051e-01
8.480000000000000038e-02
6.779999999999999916e-02
7.000000000000000666e-02
6.519999999999999407e-02
2.239999999999999977e-02
2.340000000000000066e-02
2.199999999999999872e-02
2.120000000000000009e-02
2.199999999999999872e-02
2.019999999999999921e-02
2.639999999999999986e-02
2.680000000000000090e-02
5.400000000000000286e-03
6.799999999999999621e-03
7.400000000000000328e-03
8.800000000000000530e-03
1.000000000000000021e-03
1.000000000000000021e-03
1.000000000000000021e-03
8.000000000000000383e-04
4.000000000000000192e-04
2.200000000000000133e-03
2.000000000000000096e-04
1.399999999999999986e-03
1.399999999999999986e-03
8.000000000000000383e-04
1.399999999999999986e-03
4.000000000000000192e-04
0.000000000000000000e+00
1.399999999999999986e-03
8.000000000000000383e-04
5.999999999999999474e-04
1.399999999999999986e-03
1.199999999999999895e-03
8.000000000000000383e-04
1.199999999999999895e-03
6.199999999999999782e-03
4.799999999999999580e-03
2.419999999999999929e-02
2.340000000000000066e-02
2.179999999999999993e-02
2.479999999999999913e-02
9.199999999999999845e-03
8.999999999999999320e-03
8.000000000000000167e-03
8.600000000000000006e-03
8.200000000000000691e-03
1.039999999999999952e-02
7.599999999999999985e-03
5.199999999999999761e-03
6.000000000000000125e-03
6.599999999999999964e-03
7.400000000000000328e-03
6.400000000000000307e-03
8.600000000000000006e-03
6.799999999999999621e-03
2.019999999999999921e-02
2.220000000000000098e-02
3.119999999999999857e-02
2.819999999999999937e-02
4.299999999999999656e-02
9.479999999999999538e-02
1.246000000000000024e-01
1.310000000000000053e-01
1.400000000000000133e-01
1.458000000000000129e-01
1.615999999999999936e-01
1.642000000000000126e-01
1.675999999999999990e-01
1.814000000000000057e-01
2.001999999999999891e-01
1.839999999999999969e-01
2.039999999999999869e-01
1.904000000000000137e-01
2.273999999999999910e-01
2.165999999999999870e-01
2.687999999999999834e-01
2.929999999999999827e-01
2.827999999999999958e-01
3.871999999999999886e-01
3.814000000000000168e-01
4.292000000000000259e-01
4.702000000000000068e-01
5.090000000000000080e-01
5.083999999999999631e-01
4.802000000000000157e-01
4.692000000000000060e-01
4.314000000000000057e-01
4.119999999999999774e-01
4.570000000000000173e-01
4.269999999999999907e-01
4.798000000000000043e-01
4.763999999999999901e-01
4.626000000000000112e-01
4.441999999999999837e-01
4.692000000000000060e-01
4.806000000000000272e-01
4.729999999999999760e-01
4.667999999999999927e-01
4.968000000000000194e-01
5.006000000000000449e-01
4.965999999999999859e-01
4.848000000000000087e-01
5.020000000000000018e-01
4.898000000000000131e-01
4.550000000000000155e-01
4.455999999999999961e-01
4.636000000000000121e-01
4.506000000000000005e-01
4.501999999999999891e-01
4.295999999999999819e-01
4.096000000000000196e-01
4.116000000000000214e-01
3.990000000000000213e-01
4.339999999999999969e-01
4.166000000000000258e-01
4.258000000000000118e-01
4.762000000000000122e-01
3.691999999999999726e-01
3.698000000000000176e-01
4.331999999999999740e-01
4.022000000000000020e-01
3.966000000000000081e-01
4.017999999999999905e-01
3.901999999999999913e-01
4.623999999999999777e-01
4.212000000000000188e-01
4.097999999999999976e-01
4.096000000000000196e-01
4.395999999999999908e-01
4.097999999999999976e-01
4.318000000000000171e-01
3.897999999999999798e-01
3.937999999999999834e-01
3.943999999999999728e-01
3.801999999999999824e-01
3.770000000000000018e-01
3.081999999999999740e-01
2.872000000000000108e-01
2.548000000000000265e-01
2.477999999999999925e-01
2.530000000000000027e-01
2.421999999999999986e-01
2.396000000000000074e-01
2.348000000000000087e-01
2.157999999999999918e-01
2.169999999999999984e-01
2.162000000000000033e-01
1.567999999999999949e-01
1.678000000000000047e-01
1.675999999999999990e-01
2.030000000000000138e-01
2.049999999999999878e-01
1.807999999999999885e-01
2.016000000000000014e-01
1.927999999999999992e-01
2.064000000000000001e-01
2.059999999999999887e-01
2.351999999999999924e-01
2.477999999999999925e-01
2.492000000000000048e-01
2.671999999999999931e-01
2.836000000000000187e-01
3.111999999999999766e-01
3.297999999999999821e-01
3.774000000000000132e-01
3.815999999999999948e-01
3.854000000000000203e-01
4.057999999999999940e-01
4.060000000000000275e-01
4.152000000000000135e-01
4.630000000000000226e-01
4.813999999999999946e-01
4.285999999999999810e-01
3.950000000000000178e-01
3.943999999999999728e-01
3.860000000000000098e-01
3.876000000000000001e-01
3.851999999999999869e-01
3.847999999999999754e-01
3.874000000000000221e-01
3.765999999999999903e-01
3.791999999999999815e-01
3.603999999999999981e-01
3.815999999999999948e-01
3.914000000000000257e-01
3.632000000000000228e-01
3.635999999999999788e-01
3.612000000000000210e-01
3.605999999999999761e-01
3.768000000000000238e-01
4.132000000000000117e-01
4.229999999999999871e-01
4.902000000000000246e-01
4.560000000000000164e-01
5.010000000000000009e-01
4.823999999999999955e-01
4.763999999999999901e-01
4.689999999999999725e-01
4.371999999999999775e-01
4.219999999999999862e-01
4.304000000000000048e-01
3.642000000000000237e-01
3.316000000000000059e-01
3.426000000000000156e-01
3.161999999999999811e-01
2.590000000000000080e-01
2.164000000000000090e-01
1.400000000000000133e-01
1.032000000000000001e-01
2.520000000000000018e-02
2.239999999999999977e-02
8.000000000000000167e-03
5.400000000000000286e-03
6.599999999999999964e-03
1.600000000000000077e-03
4.000000000000000192e-04
2.000000000000000096e-04
1.000000000000000021e-03
2.000000000000000096e-04
8.600000000000000006e-03
7.199999999999999803e-03
7.199999999999999803e-03
6.599999999999999964e-03
6.599999999999999964e-03
3.960000000000000325e-02
3.860000000000000236e-02
5.639999999999999875e-02
6.079999999999999988e-02
5.700000000000000205e-02
6.619999999999999496e-02
5.800000000000000294e-02
5.800000000000000294e-02
5.419999999999999818e-02
6.519999999999999407e-02
6.219999999999999835e-02
6.439999999999999891e-02
7.220000000000000029e-02
8.480000000000000038e-02
9.239999999999999603e-02
8.939999999999999336e-02
6.500000000000000222e-02
6.719999999999999585e-02
6.980000000000000093e-02
6.619999999999999496e-02
6.619999999999999496e-02
7.040000000000000424e-02
7.259999999999999787e-02
5.859999999999999931e-02
5.380000000000000060e-02
5.619999999999999996e-02
7.560000000000000053e-02
7.499999999999999722e-02
7.399999999999999634e-02
7.019999999999999851e-02
7.420000000000000207e-02
4.939999999999999947e-02
6.379999999999999560e-02
6.980000000000000093e-02
8.039999999999999925e-02
1.049999999999999961e-01
1.082000000000000045e-01
1.280000000000000027e-01
1.433999999999999997e-01
1.991999999999999882e-01
2.338000000000000078e-01
2.555999999999999939e-01
2.942000000000000171e-01
3.439999999999999725e-01
3.689999999999999947e-01
4.060000000000000275e-01
4.375999999999999890e-01
4.653999999999999804e-01
4.763999999999999901e-01
4.975999999999999868e-01
5.021999999999999797e-01
4.793999999999999928e-01
5.058000000000000274e-01
4.951999999999999735e-01
4.951999999999999735e-01
4.650000000000000244e-01
4.590000000000000191e-01
4.627999999999999892e-01
4.573999999999999733e-01
4.339999999999999969e-01
4.116000000000000214e-01
3.741999999999999771e-01
3.662000000000000255e-01
3.449999999999999734e-01
3.533999999999999919e-01
3.294000000000000261e-01
3.281999999999999917e-01
2.762000000000000011e-01
2.538000000000000256e-01
2.101999999999999980e-01
1.816000000000000114e-01
1.655999999999999972e-01
1.161999999999999977e-01
1.313999999999999890e-01
9.660000000000000531e-02
6.400000000000000133e-02
4.959999999999999826e-02
3.320000000000000034e-02
3.119999999999999857e-02
3.180000000000000188e-02
3.200000000000000067e-02
2.419999999999999929e-02
2.319999999999999840e-02
8.000000000000000167e-03
5.000000000000000104e-03
8.399999999999999481e-03
6.599999999999999964e-03
9.400000000000000369e-03
7.599999999999999985e-03
5.999999999999999474e-04
1.199999999999999895e-03
4.000000000000000192e-04
8.000000000000000383e-04
2.000000000000000096e-04
2.000000000000000096e-04
4.000000000000000192e-04
4.000000000000000192e-04
1.399999999999999986e-03
8.000000000000000383e-04
1.000000000000000021e-03
1.000000000000000021e-03
1.600000000000000077e-03
1.199999999999999895e-03
5.999999999999999474e-04
1.600000000000000077e-03
2.000000000000000042e-03
1.000000000000000021e-03
4.000000000000000192e-04
5.999999999999999474e-04
1.000000000000000021e-03
1.199999999999999895e-03
1.600000000000000077e-03
1.000000000000000021e-03
8.000000000000000383e-04
1.600000000000000077e-03
3.160000000000000309e-02
3.059999999999999873e-02
3.039999999999999994e-02
3.059999999999999873e-02
4.900000000000000189e-02
7.099999999999999367e-02
7.299999999999999545e-02
9.959999999999999409e-02
9.059999999999999998e-02
9.260000000000000175e-02
1.059999999999999970e-01
1.199999999999999956e-01
1.188000000000000028e-01
1.406000000000000028e-01
1.665999999999999981e-01
1.396000000000000019e-01
1.504000000000000059e-01
1.448000000000000120e-01
1.464000000000000024e-01
1.444000000000000006e-01
1.403999999999999970e-01
1.441999999999999948e-01
1.345999999999999974e-01
1.413999999999999979e-01
1.151999999999999968e-01
1.208000000000000046e-01
9.320000000000000506e-02
1.024000000000000049e-01
1.215999999999999998e-01
1.208000000000000046e-01
1.140000000000000041e-01
1.079999999999999988e-01
1.391999999999999904e-01
1.348000000000000032e-01
1.325999999999999956e-01
1.552000000000000046e-01
1.275999999999999912e-01
1.386000000000000010e-01
1.418000000000000094e-01
1.423999999999999988e-01
1.797999999999999876e-01
1.938000000000000000e-01
1.998000000000000054e-01
2.242000000000000104e-01
2.121999999999999997e-01
2.437999999999999889e-01
2.731999999999999984e-01
2.741999999999999993e-01
2.918000000000000038e-01
2.889999999999999791e-01
3.168000000000000260e-01
3.221999999999999864e-01
3.175999999999999934e-01
3.256000000000000005e-01
3.187999999999999723e-01
3.602000000000000202e-01
3.695999999999999841e-01
3.911999999999999922e-01
3.847999999999999754e-01
4.202000000000000179e-01
4.182000000000000162e-01
4.242000000000000215e-01
4.369999999999999996e-01
4.676000000000000156e-01
5.086000000000000520e-01
4.603999999999999759e-01
4.511999999999999900e-01
4.252000000000000224e-01
4.097999999999999976e-01
3.801999999999999824e-01
3.503999999999999893e-01
3.351999999999999980e-01
3.386000000000000121e-01
2.757999999999999896e-01
2.777999999999999914e-01
2.610000000000000098e-01
2.479999999999999982e-01
1.887999999999999956e-01
1.774000000000000021e-01
1.516000000000000125e-01
1.643999999999999906e-01
1.584000000000000130e-01
1.270000000000000018e-01
1.218000000000000055e-01
1.008000000000000007e-01
9.979999999999999982e-02
1.154000000000000026e-01
1.048000000000000043e-01
1.011999999999999983e-01
1.102000000000000063e-01
1.028000000000000025e-01
1.019999999999999934e-01
1.035999999999999976e-01
1.021999999999999992e-01
1.087999999999999939e-01
1.055999999999999994e-01
1.141999999999999960e-01
1.270000000000000018e-01
1.237999999999999934e-01
1.264000000000000123e-01
1.444000000000000006e-01
1.358000000000000040e-01
1.401999999999999913e-01
1.439999999999999891e-01
1.348000000000000032e-01
1.365999999999999992e-01
1.436000000000000054e-01
1.185999999999999971e-01
1.275999999999999912e-01
1.215999999999999998e-01
1.223999999999999949e-01
1.229999999999999982e-01
1.272000000000000075e-01
1.208000000000000046e-01
1.179999999999999938e-01
1.185999999999999971e-01
1.192000000000000004e-01
1.469999999999999918e-01
1.542000000000000037e-01
1.458000000000000129e-01
1.602000000000000091e-01
1.693999999999999950e-01
1.628000000000000003e-01
2.039999999999999869e-01
2.056000000000000050e-01
2.167999999999999927e-01
2.288000000000000034e-01
2.298000000000000043e-01
2.283999999999999919e-01
2.252000000000000113e-01
2.323999999999999955e-01
2.409999999999999920e-01
2.464000000000000079e-01
2.585999999999999965e-01
3.084000000000000075e-01
3.034000000000000030e-01
2.918000000000000038e-01
3.121999999999999775e-01
3.244000000000000217e-01
3.356000000000000094e-01
3.436000000000000165e-01
3.628000000000000114e-01
3.625999999999999779e-01
3.771999999999999797e-01
3.735999999999999877e-01
3.546000000000000263e-01
3.486000000000000210e-01
3.522000000000000131e-01
3.758000000000000229e-01
3.420000000000000262e-01
3.689999999999999947e-01
3.286000000000000032e-01
3.296000000000000041e-01
2.972000000000000197e-01
2.291999999999999871e-01
2.041999999999999926e-01
1.892000000000000071e-01
1.587999999999999967e-01
1.381999999999999895e-01
1.315999999999999948e-01
1.499999999999999944e-01
1.917999999999999983e-01
2.030000000000000138e-01
1.557999999999999940e-01
1.516000000000000125e-01
1.605999999999999928e-01
1.262000000000000066e-01
1.565999999999999892e-01
1.867999999999999938e-01
1.920000000000000040e-01
1.559999999999999998e-01
1.847999999999999921e-01
1.365999999999999992e-01
1.416000000000000036e-01
1.691999999999999893e-01
1.658000000000000029e-01
1.658000000000000029e-01
1.529999999999999971e-01
2.036000000000000032e-01
1.688000000000000056e-01
1.980000000000000093e-01
2.436000000000000110e-01
2.585999999999999965e-01
2.767999999999999905e-01
3.121999999999999775e-01
3.412000000000000033e-01
3.078000000000000180e-01
3.234000000000000208e-01
3.075999999999999845e-01
3.287999999999999812e-01
3.593999999999999972e-01
3.946000000000000063e-01
3.804000000000000159e-01
4.007999999999999896e-01
4.043999999999999817e-01
4.026000000000000134e-01
4.292000000000000259e-01
4.225999999999999757e-01
4.358000000000000207e-01
4.534000000000000252e-01
4.516000000000000014e-01
4.318000000000000171e-01
4.285999999999999810e-01
4.112000000000000099e-01
3.770000000000000018e-01
3.672000000000000264e-01
3.089999999999999969e-01
3.081999999999999740e-01
2.969999999999999862e-01
2.918000000000000038e-01
2.973999999999999977e-01
3.187999999999999723e-01
3.313999999999999724e-01
3.416000000000000147e-01
3.831999999999999851e-01
3.941999999999999948e-01
3.804000000000000159e-01
4.315999999999999837e-01
