3.350000000000000200e-01
3.914000000000000257e-01
4.902000000000000246e-01
4.421999999999999820e-01
4.388000000000000234e-01
4.128000000000000003e-01
3.815999999999999948e-01
3.711999999999999744e-01
4.215999999999999748e-01
5.018000000000000238e-01
3.916000000000000036e-01
3.778000000000000247e-01
3.307999999999999829e-01
3.402000000000000024e-01
3.346000000000000085e-01
3.380000000000000226e-01
3.794000000000000150e-01
3.845999999999999974e-01
4.228000000000000091e-01
4.249999999999999889e-01
4.321999999999999731e-01
4.295999999999999819e-01
3.837999999999999745e-01
3.855999999999999983e-01
4.043999999999999817e-01
4.607999999999999874e-01
4.934000000000000052e-01
4.550000000000000155e-01
3.642000000000000237e-01
2.587999999999999745e-01
1.872000000000000053e-01
1.887999999999999956e-01
1.282000000000000084e-01
1.117999999999999966e-01
1.011999999999999983e-01
1.100000000000000006e-01
5.140000000000000124e-02
5.299999999999999850e-02
7.119999999999999940e-02
9.600000000000000200e-02
9.439999999999999780e-02
7.639999999999999569e-02
7.240000000000000602e-02
9.420000000000000595e-02
9.360000000000000264e-02
9.859999999999999321e-02
1.305999999999999939e-01
1.361999999999999877e-01
1.708000000000000074e-01
2.003999999999999948e-01
2.281999999999999862e-01
2.514000000000000123e-01
2.514000000000000123e-01
2.417999999999999872e-01
2.318000000000000060e-01
2.331999999999999906e-01
2.363999999999999990e-01
2.272000000000000131e-01
2.157999999999999918e-01
2.049999999999999878e-01
2.011999999999999900e-01
1.953999999999999904e-01
1.855999999999999872e-01
1.542000000000000037e-01
1.479999999999999927e-01
1.829999999999999960e-01
2.121999999999999997e-01
2.548000000000000265e-01
2.577999999999999736e-01
2.680000000000000160e-01
2.810000000000000275e-01
2.651999999999999913e-01
2.859999999999999765e-01
2.810000000000000275e-01
2.459999999999999964e-01
2.923999999999999932e-01
2.574000000000000177e-01
1.836000000000000132e-01
7.539999999999999480e-02
5.759999999999999842e-02
2.960000000000000131e-02
2.479999999999999913e-02
2.599999999999999881e-02
3.119999999999999857e-02
3.020000000000000115e-02
5.340000000000000302e-02
7.599999999999999811e-02
1.123999999999999999e-01
1.557999999999999940e-01
1.751999999999999946e-01
1.880000000000000004e-01
2.414000000000000035e-01
2.285999999999999976e-01
2.366000000000000048e-01
2.717999999999999861e-01
3.138000000000000234e-01
3.343999999999999750e-01
3.532000000000000139e-01
4.873999999999999999e-01
4.304000000000000048e-01
3.052000000000000268e-01
1.700000000000000122e-01
1.836000000000000132e-01
1.353999999999999926e-01
1.391999999999999904e-01
1.754000000000000004e-01
1.597999999999999976e-01
1.978000000000000036e-01
2.396000000000000074e-01
2.058000000000000107e-01
1.932000000000000106e-01
1.759999999999999898e-01
1.066000000000000003e-01
8.599999999999999312e-02
8.840000000000000635e-02
1.034000000000000058e-01
8.540000000000000369e-02
1.032000000000000001e-01
1.028000000000000025e-01
1.039999999999999952e-01
9.639999999999999958e-02
1.000000000000000056e-01
1.000000000000000056e-01
1.371999999999999886e-01
2.200000000000000011e-01
3.987999999999999878e-01
4.540000000000000147e-01
3.456000000000000183e-01
3.642000000000000237e-01
2.819999999999999729e-01
2.348000000000000087e-01
2.807999999999999940e-01
2.806000000000000161e-01
2.807999999999999940e-01
2.146000000000000130e-01
2.156000000000000139e-01
1.673999999999999932e-01
1.708000000000000074e-01
1.648000000000000020e-01
1.925999999999999934e-01
2.109999999999999931e-01
1.796000000000000096e-01
1.897999999999999965e-01
1.975999999999999979e-01
2.018000000000000071e-01
1.890000000000000013e-01
1.973999999999999921e-01
1.827999999999999903e-01
1.857999999999999929e-01
1.816000000000000114e-01
1.942000000000000115e-01
1.701999999999999902e-01
1.584000000000000130e-01
1.526000000000000134e-01
1.360000000000000098e-01
1.096000000000000030e-01
7.979999999999999594e-02
8.000000000000000167e-02
8.440000000000000280e-02
7.340000000000000691e-02
5.220000000000000334e-02
4.800000000000000100e-02
5.140000000000000124e-02
5.299999999999999850e-02
3.280000000000000276e-02
3.160000000000000309e-02
5.040000000000000036e-02
4.719999999999999890e-02
7.019999999999999851e-02
7.040000000000000424e-02
6.800000000000000488e-02
7.459999999999999964e-02
1.526000000000000134e-01
1.559999999999999998e-01
1.635999999999999954e-01
1.499999999999999944e-01
8.680000000000000215e-02
7.960000000000000409e-02
9.859999999999999321e-02
8.939999999999999336e-02
8.519999999999999796e-02
8.200000000000000344e-02
8.640000000000000457e-02
9.020000000000000240e-02
8.820000000000000062e-02
8.820000000000000062e-02
8.019999999999999352e-02
1.194000000000000061e-01
1.155999999999999944e-01
1.254000000000000115e-01
1.663999999999999924e-01
1.628000000000000003e-01
1.693999999999999950e-01
1.595999999999999919e-01
1.580000000000000016e-01
1.726000000000000034e-01
1.807999999999999885e-01
2.263999999999999901e-01
2.550000000000000044e-01
2.626000000000000001e-01
3.022000000000000242e-01
3.042000000000000259e-01
3.124000000000000110e-01
3.360000000000000209e-01
3.331999999999999962e-01
2.896000000000000241e-01
2.916000000000000258e-01
2.200000000000000011e-01
1.884000000000000119e-01
1.438000000000000111e-01
1.282000000000000084e-01
1.102000000000000063e-01
8.060000000000000497e-02
6.900000000000000577e-02
6.800000000000000488e-02
6.880000000000000004e-02
2.120000000000000009e-02
3.919999999999999873e-02
2.400000000000000050e-02
2.120000000000000009e-02
2.699999999999999969e-02
2.160000000000000114e-02
6.400000000000000307e-03
5.999999999999999474e-04
4.000000000000000192e-04
8.000000000000000383e-04
2.000000000000000042e-03
1.799999999999999951e-03
1.399999999999999986e-03
1.199999999999999895e-03
1.000000000000000021e-03
2.000000000000000096e-04
1.399999999999999986e-03
1.199999999999999895e-03
1.199999999999999895e-03
5.999999999999999474e-04
1.199999999999999895e-03
8.000000000000000383e-04
8.800000000000000530e-03
6.000000000000000125e-03
7.199999999999999803e-03
9.199999999999999845e-03
6.599999999999999964e-03
8.200000000000000691e-03
9.400000000000000369e-03
8.399999999999999481e-03
7.799999999999999642e-03
7.799999999999999642e-03
6.799999999999999621e-03
7.199999999999999803e-03
7.599999999999999985e-03
7.799999999999999642e-03
8.600000000000000006e-03
8.000000000000000167e-03
8.800000000000000530e-03
9.599999999999999159e-03
7.199999999999999803e-03
4.799999999999999580e-03
8.000000000000000167e-03
8.999999999999999320e-03
7.400000000000000328e-03
2.500000000000000139e-02
3.219999999999999946e-02
3.180000000000000188e-02
3.379999999999999671e-02
5.199999999999999761e-02
5.439999999999999697e-02
8.260000000000000675e-02
8.319999999999999618e-02
1.083999999999999964e-01
1.358000000000000040e-01
1.852000000000000035e-01
1.990000000000000102e-01
2.250000000000000056e-01
2.421999999999999986e-01
2.515999999999999903e-01
2.664000000000000257e-01
2.651999999999999913e-01
2.733999999999999764e-01
2.710000000000000187e-01
2.882000000000000117e-01
2.630000000000000115e-01
2.867999999999999994e-01
2.747999999999999887e-01
3.529999999999999805e-01
3.462000000000000077e-01
3.506000000000000227e-01
3.367999999999999883e-01
3.573999999999999955e-01
2.790000000000000258e-01
2.832000000000000073e-01
2.726000000000000090e-01
2.521999999999999797e-01
2.766000000000000125e-01
2.800000000000000266e-01
2.391999999999999960e-01
2.437999999999999889e-01
2.720000000000000195e-01
2.680000000000000160e-01
2.889999999999999791e-01
2.766000000000000125e-01
2.916000000000000258e-01
2.776000000000000134e-01
2.305999999999999994e-01
2.772000000000000020e-01
2.283999999999999919e-01
2.134000000000000064e-01
2.494000000000000106e-01
1.638000000000000012e-01
9.239999999999999603e-02
8.999999999999999667e-02
8.379999999999999949e-02
6.779999999999999916e-02
8.740000000000000546e-02
2.699999999999999969e-02
5.319999999999999729e-02
4.839999999999999858e-02
5.020000000000000157e-02
9.020000000000000240e-02
1.053999999999999937e-01
1.044000000000000067e-01
1.303999999999999881e-01
1.390000000000000124e-01
1.340000000000000080e-01
7.399999999999999634e-02
1.332000000000000128e-01
1.145999999999999935e-01
1.708000000000000074e-01
2.366000000000000048e-01
2.853999999999999870e-01
3.241999999999999882e-01
3.333999999999999742e-01
3.492000000000000104e-01
4.022000000000000020e-01
4.279999999999999916e-01
4.272000000000000242e-01
4.683999999999999830e-01
5.031999999999999806e-01
4.699999999999999734e-01
3.991999999999999993e-01
3.326000000000000068e-01
3.367999999999999883e-01
3.575999999999999734e-01
4.023999999999999799e-01
4.454000000000000181e-01
4.089999999999999747e-01
4.485999999999999988e-01
4.935999999999999832e-01
5.028000000000000247e-01
5.026000000000000467e-01
4.944000000000000061e-01
4.935999999999999832e-01
4.192000000000000171e-01
3.914000000000000257e-01
4.470000000000000084e-01
4.772000000000000131e-01
4.753999999999999893e-01
4.935999999999999832e-01
4.905999999999999805e-01
4.739999999999999769e-01
5.083999999999999631e-01
5.043999999999999595e-01
4.813999999999999946e-01
4.772000000000000131e-01
4.712000000000000077e-01
4.954000000000000070e-01
5.046000000000000485e-01
5.046000000000000485e-01
5.016000000000000458e-01
4.868000000000000105e-01
4.590000000000000191e-01
4.149999999999999800e-01
3.664000000000000035e-01
3.296000000000000041e-01
2.106000000000000094e-01
1.728000000000000091e-01
1.882000000000000062e-01
1.029999999999999943e-01
1.035999999999999976e-01
1.035999999999999976e-01
1.052000000000000018e-01
7.099999999999999367e-02
7.560000000000000053e-02
9.199999999999999845e-02
9.959999999999999409e-02
1.069999999999999979e-01
1.174000000000000044e-01
1.184000000000000052e-01
1.092000000000000054e-01
3.307999999999999829e-01
4.632000000000000006e-01
3.976000000000000090e-01
2.657999999999999807e-01
1.950000000000000067e-01
1.226000000000000006e-01
6.700000000000000400e-02
7.900000000000000078e-02
2.336000000000000021e-01
2.511999999999999789e-01
3.330000000000000182e-01
3.881999999999999895e-01
4.511999999999999900e-01
4.868000000000000105e-01
5.131999999999999895e-01
4.932000000000000273e-01
4.964000000000000079e-01
4.023999999999999799e-01
3.099999999999999978e-01
1.640000000000000069e-01
1.255999999999999894e-01
1.280000000000000027e-01
1.370000000000000107e-01
1.243999999999999967e-01
1.312000000000000111e-01
1.305999999999999939e-01
1.587999999999999967e-01
1.872000000000000053e-01
2.036000000000000032e-01
1.749999999999999889e-01
1.226000000000000006e-01
6.600000000000000311e-02
6.079999999999999988e-02
3.219999999999999946e-02
8.999999999999999320e-03
2.199999999999999872e-02
4.880000000000000310e-02
7.340000000000000691e-02
1.381999999999999895e-01
2.059999999999999887e-01
2.902000000000000135e-01
4.345999999999999863e-01
4.474000000000000199e-01
4.788000000000000034e-01
4.607999999999999874e-01
3.605999999999999761e-01
2.220000000000000029e-01
2.068000000000000116e-01
1.585999999999999910e-01
1.574000000000000121e-01
1.623999999999999888e-01
1.852000000000000035e-01
2.177999999999999936e-01
2.456000000000000127e-01
2.361999999999999933e-01
2.474000000000000088e-01
2.154000000000000081e-01
2.146000000000000130e-01
2.575999999999999956e-01
2.538000000000000256e-01
2.644000000000000239e-01
2.777999999999999914e-01
2.892000000000000126e-01
3.217999999999999750e-01
3.698000000000000176e-01
4.037999999999999923e-01
4.285999999999999810e-01
4.938000000000000167e-01
4.789999999999999813e-01
4.369999999999999996e-01
4.309999999999999942e-01
4.062000000000000055e-01
3.679999999999999938e-01
3.582000000000000184e-01
2.988000000000000100e-01
3.028000000000000136e-01
4.222000000000000197e-01
4.663999999999999813e-01
4.904000000000000026e-01
5.061999999999999833e-01
4.971999999999999753e-01
4.832000000000000184e-01
4.358000000000000207e-01
4.248000000000000109e-01
3.971999999999999975e-01
4.109999999999999765e-01
4.909999999999999920e-01
4.430000000000000049e-01
3.613999999999999990e-01
2.434000000000000052e-01
1.754000000000000004e-01
1.459999999999999909e-01
1.254000000000000115e-01
1.100000000000000006e-01
1.252000000000000057e-01
1.433999999999999997e-01
1.633999999999999897e-01
1.723999999999999977e-01
1.439999999999999891e-01
2.341999999999999915e-01
2.104000000000000037e-01
2.053999999999999992e-01
3.049999999999999933e-01
3.691999999999999726e-01
3.870000000000000107e-01
4.202000000000000179e-01
5.148000000000000353e-01
5.073999999999999622e-01
4.727999999999999980e-01
4.733999999999999875e-01
4.477999999999999758e-01
4.334000000000000075e-01
4.158000000000000029e-01
3.301999999999999935e-01
2.810000000000000275e-01
2.752000000000000002e-01
2.837999999999999967e-01
3.045999999999999819e-01
2.998000000000000109e-01
2.800000000000000266e-01
2.540000000000000036e-01
2.401999999999999968e-01
2.368000000000000105e-01
2.631999999999999895e-01
2.574000000000000177e-01
2.717999999999999861e-01
3.453999999999999848e-01
3.224000000000000199e-01
3.360000000000000209e-01
3.781999999999999806e-01
4.905999999999999805e-01
4.455999999999999961e-01
3.774000000000000132e-01
3.820000000000000062e-01
3.595999999999999752e-01
3.715999999999999859e-01
4.176000000000000267e-01
4.573999999999999733e-01
5.041999999999999815e-01
4.928000000000000158e-01
4.693999999999999839e-01
4.324000000000000066e-01
4.239999999999999880e-01
4.138000000000000012e-01
4.544000000000000261e-01
5.008000000000000229e-01
4.944000000000000061e-01
4.959999999999999964e-01
4.859999999999999876e-01
4.686000000000000165e-01
4.938000000000000167e-01
5.083999999999999631e-01
5.053999999999999604e-01
4.872000000000000219e-01
4.591999999999999971e-01
4.819999999999999840e-01
4.395999999999999908e-01
3.961999999999999966e-01
4.186000000000000276e-01
4.027999999999999914e-01
3.449999999999999734e-01
3.333999999999999742e-01
2.906000000000000250e-01
2.434000000000000052e-01
2.680000000000000160e-01
2.409999999999999920e-01
2.245999999999999941e-01
2.394000000000000017e-01
2.192000000000000060e-01
2.230000000000000038e-01
2.396000000000000074e-01
2.710000000000000187e-01
2.783999999999999808e-01
2.869999999999999774e-01
2.856000000000000205e-01
3.552000000000000157e-01
4.153999999999999915e-01
4.398000000000000242e-01
4.944000000000000061e-01
5.090000000000000080e-01
4.676000000000000156e-01
4.395999999999999908e-01
4.500000000000000111e-01
3.794000000000000150e-01
3.294000000000000261e-01
3.436000000000000165e-01
2.731999999999999984e-01
3.674000000000000044e-01
3.739999999999999991e-01
3.718000000000000194e-01
4.116000000000000214e-01
4.633999999999999786e-01
3.914000000000000257e-01
3.204000000000000181e-01
2.913999999999999924e-01
2.862000000000000099e-01
2.614000000000000212e-01
2.713999999999999746e-01
3.178000000000000269e-01
3.044000000000000039e-01
3.946000000000000063e-01
4.551999999999999935e-01
2.958000000000000074e-01
2.650000000000000133e-01
2.918000000000000038e-01
4.030000000000000249e-01
4.228000000000000091e-01
4.208000000000000074e-01
2.933999999999999941e-01
3.022000000000000242e-01
2.916000000000000258e-01
2.575999999999999956e-01
2.806000000000000161e-01
2.770000000000000240e-01
3.300000000000000155e-01
3.287999999999999812e-01
3.347999999999999865e-01
3.595999999999999752e-01
4.168000000000000038e-01
4.325999999999999845e-01
4.894000000000000017e-01
4.964000000000000079e-01
3.771999999999999797e-01
1.358000000000000040e-01
1.574000000000000121e-01
2.157999999999999918e-01
1.751999999999999946e-01
1.461999999999999966e-01
1.859999999999999987e-01
1.600000000000000033e-01
1.675999999999999990e-01
1.456000000000000072e-01
2.252000000000000113e-01
2.071999999999999953e-01
2.111999999999999988e-01
1.723999999999999977e-01
1.370000000000000107e-01
9.320000000000000506e-02
7.399999999999999634e-02
5.899999999999999689e-02
3.780000000000000027e-02
3.799999999999999906e-02
3.819999999999999785e-02
4.019999999999999962e-02
2.560000000000000123e-02
2.840000000000000163e-02
9.660000000000000531e-02
1.203999999999999931e-01
1.537999999999999923e-01
1.378000000000000058e-01
1.350000000000000089e-01
1.401999999999999913e-01
1.158000000000000002e-01
3.579999999999999849e-02
2.199999999999999872e-02
2.380000000000000171e-02
2.500000000000000139e-02
2.179999999999999993e-02
2.179999999999999993e-02
5.680000000000000326e-02
6.099999999999999867e-02
6.759999999999999343e-02
7.119999999999999940e-02
5.199999999999999761e-02
5.419999999999999818e-02
2.440000000000000155e-02
2.120000000000000009e-02
1.413999999999999979e-01
2.959999999999999853e-01
4.766000000000000236e-01
4.189999999999999836e-01
2.484000000000000097e-01
1.335999999999999965e-01
1.025999999999999968e-01
2.699999999999999969e-02
2.879999999999999921e-02
2.639999999999999986e-02
2.199999999999999872e-02
2.259999999999999856e-02
2.659999999999999865e-02
2.299999999999999961e-02
2.340000000000000066e-02
8.600000000000000006e-03
6.400000000000000307e-03
1.000000000000000021e-03
1.799999999999999951e-03
8.000000000000000383e-04
1.399999999999999986e-03
8.000000000000000383e-04
7.199999999999999803e-03
8.200000000000000691e-03
7.199999999999999803e-03
4.000000000000000192e-04
8.000000000000000383e-04
5.999999999999999474e-04
1.399999999999999986e-03
1.000000000000000021e-03
1.000000000000000021e-03
2.000000000000000096e-04
1.399999999999999986e-03
7.000000000000000146e-03
8.800000000000000530e-03
9.199999999999999845e-03
8.000000000000000167e-03
7.400000000000000328e-03
7.400000000000000328e-03
7.199999999999999803e-03
7.199999999999999803e-03
2.000000000000000096e-04
8.000000000000000383e-04
9.199999999999999845e-02
3.386000000000000121e-01
3.035999999999999810e-01
1.549999999999999989e-01
6.239999999999999714e-02
8.200000000000000691e-03
7.000000000000000146e-03
8.600000000000000006e-03
8.999999999999999320e-03
7.400000000000000328e-03
7.599999999999999985e-03
2.160000000000000114e-02
3.579999999999999849e-02
6.719999999999999585e-02
1.052000000000000018e-01
1.411999999999999922e-01
2.169999999999999984e-01
3.316000000000000059e-01
4.697999999999999954e-01
5.050000000000000044e-01
4.991999999999999771e-01
5.033999999999999586e-01
5.080000000000000071e-01
4.869999999999999885e-01
3.506000000000000227e-01
1.826000000000000123e-01
1.983999999999999930e-01
2.696000000000000063e-01
3.310000000000000164e-01
3.171999999999999820e-01
2.581999999999999851e-01
2.497999999999999943e-01
1.137999999999999984e-01
1.345999999999999974e-01
1.388000000000000067e-01
1.213999999999999940e-01
1.991999999999999882e-01
3.264000000000000234e-01
3.187999999999999723e-01
2.590000000000000080e-01
1.170000000000000068e-01
7.040000000000000424e-02
4.599999999999999922e-02
3.719999999999999696e-02
5.680000000000000326e-02
1.179999999999999938e-01
2.101999999999999980e-01
3.032000000000000250e-01
3.154000000000000137e-01
4.526000000000000023e-01
5.060000000000000053e-01
4.537999999999999812e-01
4.620000000000000218e-01
4.484000000000000208e-01
4.583999999999999742e-01
4.153999999999999915e-01
4.455999999999999961e-01
4.285999999999999810e-01
3.821999999999999842e-01
4.828000000000000069e-01
4.934000000000000052e-01
5.003999999999999559e-01
5.153999999999999693e-01
4.904000000000000026e-01
4.979999999999999982e-01
4.769999999999999796e-01
4.763999999999999901e-01
4.768000000000000016e-01
4.576000000000000068e-01
4.444000000000000172e-01
4.073999999999999844e-01
4.434000000000000163e-01
4.209999999999999853e-01
5.003999999999999559e-01
4.776000000000000245e-01
4.375999999999999890e-01
3.791999999999999815e-01
3.996000000000000107e-01
4.112000000000000099e-01
4.398000000000000242e-01
4.842000000000000193e-01
4.968000000000000194e-01
5.036000000000000476e-01
4.915999999999999814e-01
4.833999999999999964e-01
4.925999999999999823e-01
4.591999999999999971e-01
4.504000000000000226e-01
4.571999999999999953e-01
4.713999999999999857e-01
4.706000000000000183e-01
4.672000000000000042e-01
4.680000000000000271e-01
4.862000000000000210e-01
4.248000000000000109e-01
4.285999999999999810e-01
4.275999999999999801e-01
3.508000000000000007e-01
3.781999999999999806e-01
3.704000000000000070e-01
4.368000000000000216e-01
4.046000000000000152e-01
4.235999999999999766e-01
4.455999999999999961e-01
4.223999999999999977e-01
4.388000000000000234e-01
3.649999999999999911e-01
5.000000000000000000e-01
4.912000000000000255e-01
4.783999999999999919e-01
4.974000000000000088e-01
4.858000000000000096e-01
4.485999999999999988e-01
4.189999999999999836e-01
3.679999999999999938e-01
3.950000000000000178e-01
3.652000000000000246e-01
3.563999999999999946e-01
3.655999999999999805e-01
3.845999999999999974e-01
3.529999999999999805e-01
4.163999999999999924e-01
4.351999999999999758e-01
4.922000000000000264e-01
4.485999999999999988e-01
3.585999999999999743e-01
3.552000000000000157e-01
3.085999999999999854e-01
3.211999999999999855e-01
3.304000000000000270e-01
2.873999999999999888e-01
2.456000000000000127e-01
1.731999999999999929e-01
1.620000000000000051e-01
1.645999999999999963e-01
1.079999999999999988e-01
1.136000000000000065e-01
1.111999999999999933e-01
1.151999999999999968e-01
1.358000000000000040e-01
1.365999999999999992e-01
1.534000000000000086e-01
1.975999999999999979e-01
2.439999999999999947e-01
2.555999999999999939e-01
3.508000000000000007e-01
4.199999999999999845e-01
4.209999999999999853e-01
4.365999999999999881e-01
4.132000000000000117e-01
4.163999999999999924e-01
4.010000000000000231e-01
