4.749999999999999778e-01
4.964000000000000079e-01
5.008000000000000229e-01
4.853999999999999981e-01
4.400000000000000022e-01
3.870000000000000107e-01
3.635999999999999788e-01
3.114000000000000101e-01
3.497999999999999998e-01
3.194000000000000172e-01
3.483999999999999875e-01
3.437999999999999945e-01
2.919999999999999818e-01
1.736000000000000043e-01
1.768000000000000127e-01
1.499999999999999944e-01
1.202000000000000013e-01
1.512000000000000011e-01
1.719999999999999862e-01
1.874000000000000110e-01
2.000000000000000111e-01
2.610000000000000098e-01
3.310000000000000164e-01
3.331999999999999962e-01
3.861999999999999877e-01
4.113999999999999879e-01
4.264000000000000012e-01
4.497999999999999776e-01
4.225999999999999757e-01
4.497999999999999776e-01
4.119999999999999774e-01
4.162000000000000144e-01
4.450000000000000067e-01
4.991999999999999771e-01
5.033999999999999586e-01
4.662000000000000033e-01
4.858000000000000096e-01
4.792000000000000148e-01
4.212000000000000188e-01
4.076000000000000179e-01
3.538000000000000034e-01
3.281999999999999917e-01
2.746000000000000107e-01
1.955999999999999961e-01
1.741999999999999937e-01
1.497999999999999887e-01
1.787999999999999867e-01
2.667999999999999816e-01
2.379999999999999893e-01
2.747999999999999887e-01
3.151999999999999802e-01
2.833999999999999853e-01
2.431999999999999995e-01
2.952000000000000179e-01
3.141999999999999793e-01
2.965999999999999748e-01
3.462000000000000077e-01
3.857999999999999763e-01
3.864000000000000212e-01
4.003999999999999782e-01
3.721999999999999753e-01
3.751999999999999780e-01
3.837999999999999745e-01
3.649999999999999911e-01
3.981999999999999984e-01
4.808000000000000052e-01
4.978000000000000203e-01
4.849999999999999867e-01
4.344000000000000083e-01
4.079999999999999738e-01
3.876000000000000001e-01
3.675999999999999823e-01
3.340000000000000191e-01
3.436000000000000165e-01
4.133999999999999897e-01
4.209999999999999853e-01
4.269999999999999907e-01
4.455999999999999961e-01
4.454000000000000181e-01
4.441999999999999837e-01
4.616000000000000103e-01
4.627999999999999892e-01
4.613999999999999768e-01
4.686000000000000165e-01
4.965999999999999859e-01
4.894000000000000017e-01
4.524000000000000243e-01
4.248000000000000109e-01
3.798000000000000265e-01
3.277999999999999803e-01
2.873999999999999888e-01
2.776000000000000134e-01
2.660000000000000142e-01
1.930000000000000049e-01
1.809999999999999942e-01
1.401999999999999913e-01
1.242000000000000048e-01
6.379999999999999560e-02
6.180000000000000077e-02
6.460000000000000464e-02
3.839999999999999664e-02
4.859999999999999737e-02
3.980000000000000204e-02
3.939999999999999752e-02
6.479999999999999649e-02
6.300000000000000044e-02
9.360000000000000264e-02
1.228000000000000064e-01
1.761999999999999955e-01
1.917999999999999983e-01
2.056000000000000050e-01
1.806000000000000105e-01
1.570000000000000007e-01
1.739999999999999880e-01
1.587999999999999967e-01
1.894000000000000128e-01
2.096000000000000085e-01
2.084000000000000019e-01
1.950000000000000067e-01
1.799999999999999933e-01
1.799999999999999933e-01
1.673999999999999932e-01
1.950000000000000067e-01
1.915999999999999925e-01
2.240000000000000047e-01
2.010000000000000120e-01
2.179999999999999993e-01
1.756000000000000061e-01
1.635999999999999954e-01
1.300000000000000044e-01
2.028000000000000080e-01
2.338000000000000078e-01
2.320000000000000118e-01
2.278000000000000025e-01
2.320000000000000118e-01
2.295999999999999985e-01
2.237999999999999989e-01
2.262000000000000122e-01
2.233999999999999875e-01
2.245999999999999941e-01
2.154000000000000081e-01
2.165999999999999870e-01
2.388000000000000123e-01
2.551999999999999824e-01
2.733999999999999764e-01
3.114000000000000101e-01
3.788000000000000256e-01
4.345999999999999863e-01
4.838000000000000078e-01
4.958000000000000185e-01
5.080000000000000071e-01
4.772000000000000131e-01
4.269999999999999907e-01
4.139999999999999791e-01
4.305999999999999828e-01
3.924000000000000266e-01
4.233999999999999986e-01
4.321999999999999731e-01
4.278000000000000136e-01
4.511999999999999900e-01
4.932000000000000273e-01
4.788000000000000034e-01
4.540000000000000147e-01
4.361999999999999766e-01
4.404000000000000137e-01
4.475999999999999979e-01
3.983999999999999764e-01
4.006000000000000116e-01
4.166000000000000258e-01
4.470000000000000084e-01
4.431999999999999829e-01
5.021999999999999797e-01
4.067999999999999949e-01
3.625999999999999779e-01
2.604000000000000203e-01
2.404000000000000026e-01
1.995999999999999996e-01
1.537999999999999923e-01
2.101999999999999980e-01
2.033999999999999975e-01
2.394000000000000017e-01
2.484000000000000097e-01
2.363999999999999990e-01
2.343999999999999972e-01
2.129999999999999949e-01
1.917999999999999983e-01
1.971999999999999864e-01
2.121999999999999997e-01
2.134000000000000064e-01
2.169999999999999984e-01
2.353999999999999981e-01
2.421999999999999986e-01
3.449999999999999734e-01
3.907999999999999807e-01
4.169999999999999818e-01
4.672000000000000042e-01
4.736000000000000210e-01
4.339999999999999969e-01
4.022000000000000020e-01
4.162000000000000144e-01
4.122000000000000108e-01
4.339999999999999969e-01
4.550000000000000155e-01
4.905999999999999805e-01
4.712000000000000077e-01
4.878000000000000114e-01
5.036000000000000476e-01
4.958000000000000185e-01
4.739999999999999769e-01
4.756000000000000227e-01
4.818000000000000060e-01
5.011999999999999789e-01
4.749999999999999778e-01
4.776000000000000245e-01
4.859999999999999876e-01
4.611999999999999988e-01
4.808000000000000052e-01
4.806000000000000272e-01
4.637999999999999901e-01
4.405999999999999917e-01
4.186000000000000276e-01
4.079999999999999738e-01
3.993999999999999773e-01
3.934000000000000274e-01
4.117999999999999994e-01
4.666000000000000147e-01
4.833999999999999964e-01
4.243999999999999995e-01
3.284000000000000252e-01
2.872000000000000108e-01
3.210000000000000075e-01
3.118000000000000216e-01
3.109999999999999987e-01
2.520000000000000018e-01
2.268000000000000016e-01
2.175999999999999879e-01
2.283999999999999919e-01
1.877999999999999947e-01
1.557999999999999940e-01
1.318000000000000005e-01
1.380000000000000115e-01
1.062000000000000027e-01
1.370000000000000107e-01
1.117999999999999966e-01
1.371999999999999886e-01
1.769999999999999907e-01
1.360000000000000098e-01
1.403999999999999970e-01
2.139999999999999958e-01
2.646000000000000019e-01
3.907999999999999807e-01
4.331999999999999740e-01
4.437999999999999723e-01
3.575999999999999734e-01
3.115999999999999881e-01
3.008000000000000118e-01
2.472000000000000031e-01
1.940000000000000058e-01
1.343999999999999917e-01
1.787999999999999867e-01
1.764000000000000012e-01
1.968000000000000027e-01
1.973999999999999921e-01
1.768000000000000127e-01
1.448000000000000120e-01
1.363999999999999935e-01
1.333999999999999908e-01
1.577999999999999958e-01
2.192000000000000060e-01
2.205999999999999905e-01
2.962000000000000188e-01
2.928000000000000047e-01
2.916000000000000258e-01
3.331999999999999962e-01
3.436000000000000165e-01
3.393999999999999795e-01
3.820000000000000062e-01
3.685999999999999832e-01
3.578000000000000069e-01
3.861999999999999877e-01
4.047999999999999932e-01
4.295999999999999819e-01
4.345999999999999863e-01
4.719999999999999751e-01
4.693999999999999839e-01
4.899999999999999911e-01
5.000000000000000000e-01
4.557999999999999829e-01
4.365999999999999881e-01
4.450000000000000067e-01
3.724000000000000088e-01
3.371999999999999997e-01
4.331999999999999740e-01
4.576000000000000068e-01
4.480000000000000093e-01
4.278000000000000136e-01
3.860000000000000098e-01
3.549999999999999822e-01
3.669999999999999929e-01
4.006000000000000116e-01
4.050000000000000266e-01
3.840000000000000080e-01
4.089999999999999747e-01
3.775999999999999912e-01
3.350000000000000200e-01
3.588000000000000078e-01
4.026000000000000134e-01
3.764000000000000123e-01
3.780000000000000027e-01
3.947999999999999843e-01
4.610000000000000209e-01
4.355999999999999872e-01
2.770000000000000240e-01
2.378000000000000114e-01
1.332000000000000128e-01
1.181999999999999995e-01
8.580000000000000127e-02
9.700000000000000289e-02
1.107999999999999957e-01
1.246000000000000024e-01
1.171999999999999986e-01
1.756000000000000061e-01
2.514000000000000123e-01
3.336000000000000076e-01
3.622000000000000219e-01
4.060000000000000275e-01
3.855999999999999983e-01
3.811999999999999833e-01
3.311999999999999944e-01
3.549999999999999822e-01
4.143999999999999906e-01
4.229999999999999871e-01
4.364000000000000101e-01
4.375999999999999890e-01
4.610000000000000209e-01
5.050000000000000044e-01
4.908000000000000140e-01
4.563999999999999724e-01
4.657999999999999918e-01
4.013999999999999790e-01
3.734000000000000097e-01
3.688000000000000167e-01
3.241999999999999882e-01
2.922000000000000153e-01
2.333999999999999964e-01
2.857999999999999985e-01
2.571999999999999842e-01
3.108000000000000207e-01
2.883999999999999897e-01
2.407999999999999863e-01
1.995999999999999996e-01
1.262000000000000066e-01
9.260000000000000175e-02
8.419999999999999707e-02
9.299999999999999933e-02
1.014000000000000040e-01
8.219999999999999529e-02
8.319999999999999618e-02
9.039999999999999425e-02
1.368000000000000049e-01
1.059999999999999970e-01
1.032000000000000001e-01
1.086000000000000021e-01
1.053999999999999937e-01
5.920000000000000262e-02
5.439999999999999697e-02
4.880000000000000310e-02
7.199999999999999456e-02
6.880000000000000004e-02
9.279999999999999361e-02
1.089999999999999997e-01
1.247999999999999943e-01
1.307999999999999996e-01
1.764000000000000012e-01
1.243999999999999967e-01
1.439999999999999891e-01
1.429999999999999882e-01
1.383999999999999952e-01
1.396000000000000019e-01
1.403999999999999970e-01
1.406000000000000028e-01
1.408000000000000085e-01
1.151999999999999968e-01
1.018000000000000016e-01
1.194000000000000061e-01
1.318000000000000005e-01
1.332000000000000128e-01
1.640000000000000069e-01
1.593999999999999861e-01
1.371999999999999886e-01
1.446000000000000063e-01
1.222000000000000031e-01
5.840000000000000052e-02
8.000000000000000167e-03
8.800000000000000530e-03
4.000000000000000192e-04
2.000000000000000096e-04
4.000000000000000192e-04
1.000000000000000021e-03
1.399999999999999986e-03
8.000000000000000383e-04
1.000000000000000021e-03
8.000000000000000383e-04
1.799999999999999951e-03
2.779999999999999832e-02
6.880000000000000004e-02
1.665999999999999981e-01
1.711999999999999911e-01
2.407999999999999863e-01
2.717999999999999861e-01
3.217999999999999750e-01
2.949999999999999845e-01
2.696000000000000063e-01
3.946000000000000063e-01
4.219999999999999862e-01
4.264000000000000012e-01
4.016000000000000125e-01
3.410000000000000253e-01
3.180000000000000049e-01
3.390000000000000235e-01
3.062000000000000277e-01
2.700000000000000178e-01
2.545999999999999930e-01
2.361999999999999933e-01
2.726000000000000090e-01
3.055999999999999828e-01
3.304000000000000270e-01
3.436000000000000165e-01
3.363999999999999768e-01
3.900000000000000133e-01
4.026000000000000134e-01
4.959999999999999964e-01
5.070000000000000062e-01
4.248000000000000109e-01
4.022000000000000020e-01
3.241999999999999882e-01
2.792000000000000037e-01
2.993999999999999995e-01
2.594000000000000195e-01
2.466000000000000136e-01
2.058000000000000107e-01
1.751999999999999946e-01
9.420000000000000595e-02
4.159999999999999809e-02
2.520000000000000018e-02
3.259999999999999704e-02
5.360000000000000181e-02
9.199999999999999845e-02
1.411999999999999922e-01
2.330000000000000127e-01
2.700000000000000178e-01
3.386000000000000121e-01
3.971999999999999975e-01
5.031999999999999806e-01
4.899999999999999911e-01
4.040000000000000258e-01
3.509999999999999787e-01
3.900000000000000133e-01
4.162000000000000144e-01
4.418000000000000260e-01
4.168000000000000038e-01
3.830000000000000071e-01
3.678000000000000158e-01
3.466000000000000192e-01
3.876000000000000001e-01
4.424000000000000155e-01
5.096000000000000529e-01
4.697999999999999954e-01
5.086000000000000520e-01
4.544000000000000261e-01
4.082000000000000073e-01
3.131999999999999784e-01
2.777999999999999914e-01
3.099999999999999978e-01
2.620000000000000107e-01
2.776000000000000134e-01
2.827999999999999958e-01
2.427999999999999881e-01
2.630000000000000115e-01
2.597999999999999754e-01
2.856000000000000205e-01
3.234000000000000208e-01
3.659999999999999920e-01
3.897999999999999798e-01
3.980000000000000204e-01
3.476000000000000201e-01
3.845999999999999974e-01
4.139999999999999791e-01
4.225999999999999757e-01
4.647999999999999909e-01
4.796000000000000263e-01
5.060000000000000053e-01
3.719999999999999973e-01
2.614000000000000212e-01
1.208000000000000046e-01
1.188000000000000028e-01
1.275999999999999912e-01
1.243999999999999967e-01
2.346000000000000030e-01
3.012000000000000233e-01
3.519999999999999796e-01
3.937999999999999834e-01
4.348000000000000198e-01
4.308000000000000163e-01
3.638000000000000123e-01
3.553999999999999937e-01
3.340000000000000191e-01
3.896000000000000019e-01
3.022000000000000242e-01
2.442000000000000004e-01
2.262000000000000122e-01
2.590000000000000080e-01
2.923999999999999932e-01
3.542000000000000148e-01
3.602000000000000202e-01
1.595999999999999919e-01
8.240000000000000102e-02
6.880000000000000004e-02
5.600000000000000117e-02
1.597999999999999976e-01
2.570000000000000062e-01
2.770000000000000240e-01
3.459999999999999742e-01
3.437999999999999945e-01
3.645999999999999797e-01
2.916000000000000258e-01
2.846000000000000196e-01
3.207999999999999741e-01
3.825999999999999956e-01
3.960000000000000187e-01
4.344000000000000083e-01
4.202000000000000179e-01
3.714000000000000079e-01
3.750000000000000000e-01
3.755999999999999894e-01
3.911999999999999922e-01
4.932000000000000273e-01
4.348000000000000198e-01
4.284000000000000030e-01
5.161999999999999922e-01
3.977999999999999869e-01
3.778000000000000247e-01
3.271999999999999909e-01
3.074000000000000066e-01
3.140000000000000013e-01
3.094000000000000083e-01
3.079999999999999960e-01
3.184000000000000163e-01
2.902000000000000135e-01
2.696000000000000063e-01
2.521999999999999797e-01
1.981999999999999873e-01
1.945999999999999952e-01
2.081999999999999962e-01
1.584000000000000130e-01
1.688000000000000056e-01
1.814000000000000057e-01
1.894000000000000128e-01
1.527999999999999914e-01
1.847999999999999921e-01
1.630000000000000060e-01
1.545999999999999874e-01
1.894000000000000128e-01
3.205999999999999961e-01
2.654000000000000248e-01
2.156000000000000139e-01
6.840000000000000246e-02
3.099999999999999978e-02
1.959999999999999937e-02
2.479999999999999913e-02
2.199999999999999872e-02
5.000000000000000104e-03
1.600000000000000077e-03
8.000000000000000383e-04
8.000000000000000167e-03
3.479999999999999760e-02
1.622000000000000108e-01
3.099999999999999978e-01
4.249999999999999889e-01
4.497999999999999776e-01
4.169999999999999818e-01
3.758000000000000229e-01
3.210000000000000075e-01
2.912000000000000144e-01
2.225999999999999923e-01
1.605999999999999928e-01
6.079999999999999988e-02
6.279999999999999472e-02
3.219999999999999946e-02
5.439999999999999697e-02
7.059999999999999609e-02
9.479999999999999538e-02
1.396000000000000019e-01
2.424000000000000044e-01
3.105999999999999872e-01
4.495999999999999996e-01
4.948000000000000176e-01
4.232000000000000206e-01
3.575999999999999734e-01
5.145999999999999464e-01
4.949999999999999956e-01
4.249999999999999889e-01
3.168000000000000260e-01
3.837999999999999745e-01
2.983999999999999986e-01
3.244000000000000217e-01
3.197999999999999732e-01
3.331999999999999962e-01
3.128000000000000225e-01
3.104000000000000092e-01
2.807999999999999940e-01
1.786000000000000087e-01
1.386000000000000010e-01
1.322000000000000119e-01
1.358000000000000040e-01
1.275999999999999912e-01
1.373999999999999944e-01
1.350000000000000089e-01
1.781999999999999973e-01
1.787999999999999867e-01
2.192000000000000060e-01
2.641999999999999904e-01
3.765999999999999903e-01
4.163999999999999924e-01
4.556000000000000050e-01
3.573999999999999955e-01
2.664000000000000257e-01
2.701999999999999957e-01
2.096000000000000085e-01
1.671999999999999875e-01
1.272000000000000075e-01
1.083999999999999964e-01
1.723999999999999977e-01
2.126000000000000112e-01
2.908000000000000029e-01
4.232000000000000206e-01
4.853999999999999981e-01
4.057999999999999940e-01
3.261999999999999900e-01
2.003999999999999948e-01
2.524000000000000132e-01
2.518000000000000238e-01
1.582000000000000073e-01
9.099999999999999756e-02
3.819999999999999785e-02
1.199999999999999895e-03
4.000000000000000192e-04
1.199999999999999895e-03
1.600000000000000077e-03
1.600000000000000077e-03
8.000000000000000383e-04
0.000000000000000000e+00
2.400000000000000050e-02
9.859999999999999321e-02
2.011999999999999900e-01
3.048000000000000154e-01
3.207999999999999741e-01
3.579999999999999849e-01
4.188000000000000056e-01
3.341999999999999971e-01
3.038000000000000145e-01
2.902000000000000135e-01
1.787999999999999867e-01
1.648000000000000020e-01
9.979999999999999982e-02
7.660000000000000142e-02
7.399999999999999634e-02
3.579999999999999849e-02
3.719999999999999696e-02
8.759999999999999731e-02
1.491999999999999993e-01
1.927999999999999992e-01
5.073999999999999622e-01
3.953999999999999737e-01
2.856000000000000205e-01
3.034000000000000030e-01
3.119999999999999996e-01
3.042000000000000259e-01
3.934000000000000274e-01
5.028000000000000247e-01
4.779999999999999805e-01
4.192000000000000171e-01
3.270000000000000129e-01
2.792000000000000037e-01
2.452000000000000013e-01
2.356000000000000039e-01
2.772000000000000020e-01
2.437999999999999889e-01
2.358000000000000096e-01
3.111999999999999766e-01
4.788000000000000034e-01
4.544000000000000261e-01
4.142000000000000126e-01
3.603999999999999981e-01
2.426000000000000101e-01
2.800000000000000266e-01
3.559999999999999831e-01
4.904000000000000026e-01
4.577999999999999847e-01
4.033999999999999808e-01
3.741999999999999771e-01
3.638000000000000123e-01
3.058000000000000163e-01
3.997999999999999887e-01
4.869999999999999885e-01
4.126000000000000223e-01
4.030000000000000249e-01
3.503999999999999893e-01
3.235999999999999988e-01
2.928000000000000047e-01
2.757999999999999896e-01
1.223999999999999949e-01
5.000000000000000278e-02
4.000000000000000192e-04
5.999999999999999474e-04
4.000000000000000192e-04
7.000000000000000146e-03
1.484000000000000041e-01
1.494000000000000050e-01
1.590000000000000024e-01
1.555999999999999883e-01
1.008000000000000007e-01
3.320000000000000034e-02
2.639999999999999986e-02
6.419999999999999318e-02
1.487999999999999878e-01
2.706000000000000072e-01
4.012000000000000011e-01
4.994000000000000106e-01
4.749999999999999778e-01
4.657999999999999918e-01
5.071999999999999842e-01
4.677999999999999936e-01
4.213999999999999968e-01
4.541999999999999926e-01
4.727999999999999980e-01
4.759999999999999787e-01
3.400000000000000244e-01
3.711999999999999744e-01
3.231999999999999873e-01
3.247999999999999776e-01
2.932000000000000162e-01
2.889999999999999791e-01
3.296000000000000041e-01
3.301999999999999935e-01
2.936000000000000276e-01
2.656000000000000028e-01
2.389999999999999902e-01
1.602000000000000091e-01
1.620000000000000051e-01
1.743999999999999995e-01
1.894000000000000128e-01
1.910000000000000031e-01
2.001999999999999891e-01
2.021999999999999909e-01
2.175999999999999879e-01
2.489999999999999991e-01
2.691999999999999948e-01
2.677999999999999825e-01
3.446000000000000174e-01
3.831999999999999851e-01
3.914000000000000257e-01
3.548000000000000043e-01
2.863999999999999879e-01
2.242000000000000104e-01
2.431999999999999995e-01
2.172000000000000042e-01
2.560000000000000053e-01
3.781999999999999806e-01
3.704000000000000070e-01
3.002000000000000224e-01
2.388000000000000123e-01
1.615999999999999936e-01
1.209999999999999964e-01
9.360000000000000264e-02
8.419999999999999707e-02
2.280000000000000082e-02
1.199999999999999895e-03
7.599999999999999985e-03
8.399999999999999481e-03
7.400000000000000328e-03
8.800000000000000530e-03
7.799999999999999642e-03
1.399999999999999986e-03
1.600000000000000077e-03
0.000000000000000000e+00
7.000000000000000146e-03
3.960000000000000325e-02
2.160000000000000114e-02
5.879999999999999810e-02
6.900000000000000577e-02
8.999999999999999667e-02
1.102000000000000063e-01
6.900000000000000577e-02
6.579999999999999738e-02
9.919999999999999651e-02
1.428000000000000103e-01
1.643999999999999906e-01
2.058000000000000107e-01
2.822000000000000064e-01
3.573999999999999955e-01
4.238000000000000100e-01
4.321999999999999731e-01
4.758000000000000007e-01
4.168000000000000038e-01
3.946000000000000063e-01
4.102000000000000091e-01
4.178000000000000047e-01
4.915999999999999814e-01
4.067999999999999949e-01
3.111999999999999766e-01
2.326000000000000012e-01
1.625999999999999945e-01
1.378000000000000058e-01
1.239999999999999991e-01
1.029999999999999943e-01
1.130000000000000032e-01
1.721999999999999920e-01
2.531999999999999806e-01
3.522000000000000131e-01
4.156000000000000250e-01
4.709999999999999742e-01
3.804000000000000159e-01
3.396000000000000130e-01
3.469999999999999751e-01
3.648000000000000131e-01
3.827999999999999736e-01
4.994000000000000106e-01
4.978000000000000203e-01
4.359999999999999987e-01
4.607999999999999874e-01
4.556000000000000050e-01
4.425999999999999934e-01
4.457999999999999741e-01
3.891999999999999904e-01
4.243999999999999995e-01
4.159999999999999809e-01
4.894000000000000017e-01
4.524000000000000243e-01
4.550000000000000155e-01
4.786000000000000254e-01
4.067999999999999949e-01
3.190000000000000058e-01
2.605999999999999983e-01
2.021999999999999909e-01
1.645999999999999963e-01
1.464000000000000024e-01
1.529999999999999971e-01
8.379999999999999949e-02
1.069999999999999979e-01
1.615999999999999936e-01
