1.822000000000000008e-01
1.968000000000000027e-01
1.822000000000000008e-01
1.703999999999999959e-01
1.791999999999999982e-01
1.784000000000000030e-01
1.778000000000000136e-01
1.963999999999999913e-01
2.157999999999999918e-01
2.272000000000000131e-01
2.265999999999999959e-01
2.330000000000000127e-01
2.117999999999999883e-01
2.313999999999999946e-01
2.409999999999999920e-01
2.492000000000000048e-01
2.431999999999999995e-01
2.492000000000000048e-01
2.467999999999999916e-01
2.439999999999999947e-01
2.475999999999999868e-01
2.446000000000000119e-01
2.417999999999999872e-01
2.449999999999999956e-01
2.447999999999999898e-01
2.426000000000000101e-01
2.431999999999999995e-01
2.511999999999999789e-01
2.475999999999999868e-01
2.220000000000000029e-01
2.359999999999999876e-01
2.740000000000000213e-01
2.535999999999999921e-01
2.581999999999999851e-01
2.554000000000000159e-01
2.843999999999999861e-01
2.800000000000000266e-01
2.878000000000000003e-01
3.317999999999999838e-01
3.808000000000000274e-01
3.880000000000000115e-01
4.000000000000000222e-01
4.117999999999999994e-01
4.687999999999999945e-01
4.697999999999999954e-01
4.743999999999999884e-01
4.888000000000000123e-01
4.318000000000000171e-01
4.013999999999999790e-01
3.400000000000000244e-01
3.108000000000000207e-01
2.680000000000000160e-01
2.637999999999999790e-01
3.161999999999999811e-01
2.348000000000000087e-01
2.651999999999999913e-01
2.601999999999999869e-01
2.839999999999999747e-01
2.407999999999999863e-01
2.328000000000000069e-01
2.819999999999999729e-01
3.548000000000000043e-01
4.166000000000000258e-01
4.069999999999999729e-01
5.008000000000000229e-01
4.348000000000000198e-01
3.741999999999999771e-01
3.071999999999999731e-01
2.505999999999999894e-01
2.184000000000000108e-01
2.298000000000000043e-01
2.243999999999999884e-01
1.675999999999999990e-01
1.390000000000000124e-01
6.320000000000000617e-02
6.180000000000000077e-02
3.899999999999999994e-02
7.599999999999999985e-03
0.000000000000000000e+00
8.000000000000000383e-04
1.399999999999999986e-03
1.600000000000000077e-03
4.000000000000000192e-04
4.000000000000000192e-04
1.000000000000000021e-03
1.600000000000000077e-03
1.600000000000000077e-03
2.000000000000000096e-04
8.000000000000000383e-04
1.000000000000000021e-03
8.800000000000000530e-03
1.119999999999999989e-02
8.200000000000000691e-03
8.800000000000000530e-03
8.000000000000000167e-03
8.399999999999999481e-03
7.599999999999999985e-03
8.399999999999999481e-03
2.220000000000000098e-02
2.719999999999999848e-02
2.380000000000000171e-02
4.139999999999999930e-02
4.019999999999999962e-02
3.819999999999999785e-02
7.699999999999999900e-02
9.979999999999999982e-02
2.214000000000000135e-01
2.538000000000000256e-01
3.064000000000000057e-01
3.556000000000000272e-01
4.355999999999999872e-01
4.965999999999999859e-01
3.765999999999999903e-01
2.680000000000000160e-01
2.194000000000000117e-01
2.230000000000000038e-01
2.167999999999999927e-01
1.930000000000000049e-01
1.617999999999999994e-01
1.072000000000000036e-01
3.420000000000000123e-02
7.400000000000000328e-03
2.000000000000000096e-04
8.000000000000000383e-04
1.799999999999999951e-03
8.000000000000000383e-04
1.199999999999999895e-03
1.199999999999999895e-03
4.000000000000000192e-04
1.000000000000000021e-03
1.199999999999999895e-03
8.000000000000000383e-04
1.600000000000000077e-03
1.199999999999999895e-03
5.999999999999999474e-04
2.000000000000000096e-04
8.000000000000000383e-04
9.799999999999999684e-03
9.799999999999999684e-03
8.200000000000000691e-03
7.000000000000000146e-03
8.399999999999999481e-03
8.399999999999999481e-03
7.000000000000000146e-03
8.000000000000000167e-03
8.000000000000000383e-04
5.999999999999999474e-04
5.999999999999999474e-04
1.199999999999999895e-03
8.000000000000000383e-04
0.000000000000000000e+00
8.000000000000000383e-04
1.399999999999999986e-03
2.200000000000000133e-03
2.000000000000000096e-04
1.000000000000000021e-03
8.000000000000000383e-04
2.000000000000000096e-04
1.000000000000000021e-03
8.000000000000000383e-04
1.000000000000000021e-03
8.000000000000000383e-04
0.000000000000000000e+00
1.199999999999999895e-03
4.000000000000000192e-04
8.000000000000000383e-04
1.199999999999999895e-03
1.199999999999999895e-03
8.000000000000000383e-04
8.999999999999999320e-03
7.799999999999999642e-03
7.400000000000000328e-03
7.199999999999999803e-03
9.799999999999999684e-03
8.600000000000000006e-03
8.000000000000000167e-03
7.000000000000000146e-03
2.500000000000000139e-02
2.440000000000000155e-02
1.739999999999999880e-02
1.980000000000000163e-02
2.160000000000000114e-02
2.239999999999999977e-02
2.659999999999999865e-02
3.919999999999999873e-02
4.179999999999999688e-02
4.220000000000000140e-02
4.159999999999999809e-02
4.440000000000000197e-02
5.539999999999999786e-02
8.039999999999999925e-02
7.340000000000000691e-02
7.580000000000000626e-02
7.920000000000000651e-02
9.619999999999999385e-02
1.274000000000000132e-01
1.252000000000000057e-01
1.673999999999999932e-01
1.602000000000000091e-01
1.993999999999999939e-01
2.421999999999999986e-01
2.878000000000000003e-01
2.776000000000000134e-01
2.853999999999999870e-01
3.008000000000000118e-01
3.628000000000000114e-01
3.946000000000000063e-01
4.504000000000000226e-01
4.919999999999999929e-01
4.975999999999999868e-01
4.733999999999999875e-01
4.166000000000000258e-01
4.213999999999999968e-01
3.798000000000000265e-01
3.361999999999999988e-01
3.009999999999999898e-01
2.926000000000000267e-01
2.916000000000000258e-01
3.014000000000000012e-01
2.721999999999999975e-01
2.369999999999999885e-01
2.250000000000000056e-01
2.008000000000000063e-01
1.993999999999999939e-01
1.401999999999999913e-01
1.361999999999999877e-01
1.348000000000000032e-01
1.708000000000000074e-01
2.126000000000000112e-01
2.217999999999999972e-01
2.545999999999999930e-01
2.826000000000000179e-01
2.909999999999999809e-01
3.181999999999999829e-01
3.088000000000000189e-01
3.357999999999999874e-01
3.323999999999999733e-01
2.953999999999999959e-01
2.535999999999999921e-01
2.061999999999999944e-01
1.396000000000000019e-01
1.141999999999999960e-01
1.165999999999999953e-01
1.161999999999999977e-01
1.683999999999999941e-01
2.879999999999999782e-01
4.275999999999999801e-01
3.708000000000000185e-01
1.658000000000000029e-01
1.675999999999999990e-01
1.554000000000000103e-01
1.433999999999999997e-01
5.460000000000000270e-02
2.299999999999999961e-02
8.000000000000000383e-04
1.000000000000000021e-03
0.000000000000000000e+00
1.000000000000000021e-03
5.799999999999999600e-03
2.359999999999999945e-02
2.479999999999999913e-02
3.020000000000000115e-02
6.719999999999999585e-02
8.160000000000000586e-02
1.066000000000000003e-01
1.562000000000000055e-01
1.660000000000000087e-01
2.036000000000000032e-01
2.378000000000000114e-01
2.651999999999999913e-01
3.038000000000000145e-01
2.938000000000000056e-01
2.963999999999999968e-01
3.032000000000000250e-01
3.022000000000000242e-01
3.005999999999999783e-01
2.902000000000000135e-01
2.852000000000000091e-01
3.336000000000000076e-01
3.489999999999999769e-01
3.771999999999999797e-01
3.774000000000000132e-01
4.188000000000000056e-01
4.378000000000000225e-01
4.325999999999999845e-01
4.727999999999999980e-01
4.852000000000000202e-01
4.813999999999999946e-01
4.587999999999999856e-01
4.043999999999999817e-01
3.619999999999999885e-01
3.380000000000000226e-01
3.237999999999999767e-01
2.889999999999999791e-01
2.767999999999999905e-01
2.305999999999999994e-01
2.272000000000000131e-01
2.096000000000000085e-01
1.923999999999999877e-01
1.817999999999999894e-01
1.593999999999999861e-01
1.857999999999999929e-01
1.716000000000000025e-01
2.494000000000000106e-01
2.260000000000000064e-01
2.624000000000000221e-01
2.521999999999999797e-01
2.555999999999999939e-01
1.653999999999999915e-01
1.900000000000000022e-01
1.784000000000000030e-01
2.587999999999999745e-01
2.401999999999999968e-01
2.407999999999999863e-01
1.952000000000000124e-01
1.970000000000000084e-01
2.121999999999999997e-01
2.272000000000000131e-01
2.384000000000000008e-01
2.462000000000000022e-01
2.464000000000000079e-01
2.396000000000000074e-01
2.359999999999999876e-01
2.456000000000000127e-01
2.802000000000000046e-01
2.772000000000000020e-01
2.731999999999999984e-01
2.872000000000000108e-01
3.054000000000000048e-01
3.195999999999999952e-01
3.045999999999999819e-01
3.227999999999999758e-01
2.939999999999999836e-01
3.138000000000000234e-01
3.266000000000000014e-01
3.267999999999999794e-01
2.985999999999999766e-01
3.361999999999999988e-01
3.559999999999999831e-01
3.407999999999999918e-01
3.522000000000000131e-01
3.482000000000000095e-01
3.695999999999999841e-01
3.861999999999999877e-01
3.533999999999999919e-01
3.472000000000000086e-01
3.310000000000000164e-01
3.357999999999999874e-01
3.187999999999999723e-01
2.813999999999999835e-01
2.889999999999999791e-01
2.710000000000000187e-01
2.829999999999999738e-01
2.610000000000000098e-01
2.615999999999999992e-01
2.521999999999999797e-01
2.300000000000000100e-01
2.353999999999999981e-01
2.485999999999999877e-01
2.353999999999999981e-01
2.144000000000000072e-01
2.111999999999999988e-01
2.053999999999999992e-01
2.159999999999999976e-01
2.152000000000000024e-01
2.237999999999999989e-01
2.255999999999999950e-01
2.500000000000000000e-01
2.624000000000000221e-01
2.321999999999999897e-01
2.094000000000000028e-01
2.258000000000000007e-01
2.437999999999999889e-01
2.518000000000000238e-01
2.398000000000000131e-01
2.472000000000000031e-01
2.852000000000000091e-01
2.550000000000000044e-01
3.261999999999999900e-01
3.119999999999999996e-01
3.403999999999999804e-01
3.622000000000000219e-01
3.615999999999999770e-01
3.953999999999999737e-01
4.033999999999999808e-01
4.309999999999999942e-01
3.844000000000000195e-01
3.691999999999999726e-01
3.820000000000000062e-01
3.356000000000000094e-01
3.154000000000000137e-01
2.923999999999999932e-01
3.679999999999999938e-01
2.446000000000000119e-01
2.819999999999999729e-01
2.962000000000000188e-01
3.271999999999999909e-01
3.078000000000000180e-01
3.323999999999999733e-01
3.054000000000000048e-01
2.752000000000000002e-01
2.396000000000000074e-01
2.351999999999999924e-01
2.233999999999999875e-01
2.462000000000000022e-01
2.538000000000000256e-01
2.993999999999999995e-01
3.568000000000000060e-01
3.503999999999999893e-01
3.781999999999999806e-01
3.629999999999999893e-01
3.397999999999999909e-01
3.512000000000000122e-01
3.091999999999999749e-01
2.985999999999999766e-01
3.260000000000000120e-01
2.893999999999999906e-01
2.777999999999999914e-01
2.207999999999999963e-01
1.817999999999999894e-01
1.824000000000000066e-01
1.786000000000000087e-01
1.534000000000000086e-01
1.613999999999999879e-01
9.500000000000000111e-02
1.111999999999999933e-01
1.136000000000000065e-01
7.920000000000000651e-02
5.840000000000000052e-02
5.999999999999999778e-02
5.659999999999999754e-02
2.560000000000000123e-02
2.500000000000000139e-02
5.599999999999999943e-03
7.599999999999999985e-03
7.799999999999999642e-03
8.200000000000000691e-03
6.000000000000000125e-03
6.599999999999999964e-03
6.000000000000000125e-03
1.000000000000000021e-02
7.400000000000000328e-03
2.460000000000000034e-02
7.000000000000000146e-03
8.399999999999999481e-03
6.000000000000000125e-03
7.000000000000000146e-03
6.400000000000000307e-03
6.599999999999999964e-03
2.400000000000000050e-02
2.340000000000000066e-02
2.079999999999999905e-02
6.600000000000000311e-02
1.421999999999999931e-01
1.602000000000000091e-01
2.001999999999999891e-01
2.459999999999999964e-01
2.782000000000000028e-01
3.558000000000000052e-01
3.558000000000000052e-01
3.764000000000000123e-01
4.265999999999999792e-01
4.686000000000000165e-01
4.989999999999999991e-01
4.530000000000000138e-01
4.632000000000000006e-01
4.314000000000000057e-01
4.042000000000000037e-01
3.654000000000000026e-01
3.840000000000000080e-01
3.674000000000000044e-01
3.867999999999999772e-01
3.860000000000000098e-01
4.000000000000000222e-01
4.063999999999999835e-01
3.911999999999999922e-01
3.794000000000000150e-01
3.585999999999999743e-01
3.463999999999999857e-01
3.463999999999999857e-01
3.048000000000000154e-01
3.028000000000000136e-01
2.888000000000000012e-01
3.313999999999999724e-01
3.387999999999999901e-01
3.260000000000000120e-01
3.709999999999999964e-01
3.805999999999999939e-01
3.307999999999999829e-01
3.287999999999999812e-01
3.397999999999999909e-01
3.442000000000000060e-01
3.739999999999999991e-01
3.721999999999999753e-01
3.731999999999999762e-01
3.750000000000000000e-01
3.931999999999999940e-01
3.613999999999999990e-01
3.337999999999999856e-01
3.396000000000000130e-01
3.585999999999999743e-01
3.516000000000000236e-01
3.887999999999999790e-01
3.906000000000000028e-01
4.117999999999999994e-01
5.110000000000000098e-01
4.932000000000000273e-01
4.793999999999999928e-01
4.494000000000000217e-01
4.636000000000000121e-01
4.490000000000000102e-01
4.381999999999999784e-01
4.408000000000000251e-01
4.465999999999999970e-01
4.632000000000000006e-01
4.713999999999999857e-01
4.670000000000000262e-01
4.465999999999999970e-01
4.531999999999999917e-01
4.408000000000000251e-01
4.046000000000000152e-01
4.000000000000000222e-01
3.775999999999999912e-01
3.765999999999999903e-01
3.264000000000000234e-01
2.953999999999999959e-01
3.155999999999999917e-01
3.164000000000000146e-01
3.337999999999999856e-01
3.874000000000000221e-01
3.734000000000000097e-01
4.203999999999999959e-01
4.213999999999999968e-01
4.242000000000000215e-01
4.339999999999999969e-01
4.591999999999999971e-01
4.653999999999999804e-01
4.627999999999999892e-01
4.601999999999999980e-01
4.546000000000000041e-01
4.643999999999999795e-01
4.620000000000000218e-01
4.577999999999999847e-01
4.630000000000000226e-01
4.497999999999999776e-01
4.590000000000000191e-01
4.467999999999999750e-01
4.702000000000000068e-01
4.511999999999999900e-01
4.510000000000000120e-01
4.467999999999999750e-01
4.424000000000000155e-01
4.374000000000000110e-01
4.475999999999999979e-01
4.497999999999999776e-01
4.611999999999999988e-01
4.835999999999999743e-01
4.792000000000000148e-01
4.586000000000000076e-01
4.832000000000000184e-01
4.768000000000000016e-01
4.819999999999999840e-01
4.822000000000000175e-01
4.806000000000000272e-01
4.551999999999999935e-01
4.898000000000000131e-01
4.939999999999999947e-01
4.838000000000000078e-01
4.818000000000000060e-01
4.699999999999999734e-01
4.717999999999999972e-01
4.988000000000000211e-01
4.686000000000000165e-01
4.747999999999999998e-01
4.843999999999999972e-01
4.662000000000000033e-01
4.786000000000000254e-01
4.717999999999999972e-01
4.554000000000000270e-01
4.717999999999999972e-01
4.530000000000000138e-01
4.354000000000000092e-01
4.398000000000000242e-01
4.361999999999999766e-01
4.873999999999999999e-01
4.852000000000000202e-01
4.464000000000000190e-01
4.166000000000000258e-01
3.492000000000000104e-01
3.805999999999999939e-01
3.628000000000000114e-01
3.400000000000000244e-01
3.180000000000000049e-01
2.973999999999999977e-01
3.204000000000000181e-01
2.913999999999999924e-01
2.972000000000000197e-01
3.134000000000000119e-01
2.913999999999999924e-01
2.827999999999999958e-01
2.782000000000000028e-01
2.676000000000000045e-01
2.703999999999999737e-01
2.399999999999999911e-01
2.690000000000000169e-01
2.644000000000000239e-01
2.717999999999999861e-01
2.842000000000000082e-01
3.426000000000000156e-01
3.877999999999999781e-01
3.615999999999999770e-01
3.775999999999999912e-01
3.894000000000000239e-01
4.117999999999999994e-01
4.086000000000000187e-01
4.202000000000000179e-01
4.086000000000000187e-01
4.152000000000000135e-01
4.218000000000000083e-01
4.613999999999999768e-01
4.869999999999999885e-01
5.023999999999999577e-01
4.919999999999999929e-01
4.683999999999999830e-01
4.626000000000000112e-01
4.537999999999999812e-01
4.117999999999999994e-01
4.077999999999999958e-01
3.911999999999999922e-01
4.012000000000000011e-01
3.674000000000000044e-01
3.662000000000000255e-01
3.761999999999999789e-01
3.376000000000000112e-01
3.469999999999999751e-01
3.044000000000000039e-01
2.932000000000000162e-01
2.800000000000000266e-01
2.836000000000000187e-01
2.793999999999999817e-01
2.833999999999999853e-01
3.028000000000000136e-01
3.038000000000000145e-01
3.085999999999999854e-01
3.181999999999999829e-01
3.446000000000000174e-01
3.482000000000000095e-01
3.439999999999999725e-01
3.453999999999999848e-01
3.423999999999999821e-01
3.569999999999999840e-01
3.400000000000000244e-01
3.708000000000000185e-01
4.056000000000000161e-01
3.906000000000000028e-01
4.043999999999999817e-01
3.960000000000000187e-01
3.741999999999999771e-01
3.307999999999999829e-01
3.370000000000000218e-01
3.536000000000000254e-01
3.446000000000000174e-01
3.403999999999999804e-01
3.492000000000000104e-01
3.276000000000000023e-01
3.519999999999999796e-01
3.210000000000000075e-01
3.390000000000000235e-01
3.403999999999999804e-01
3.582000000000000184e-01
3.433999999999999830e-01
3.024000000000000021e-01
2.591999999999999860e-01
2.220000000000000029e-01
2.336000000000000021e-01
2.396000000000000074e-01
2.691999999999999948e-01
2.736000000000000099e-01
2.584000000000000186e-01
2.479999999999999982e-01
2.462000000000000022e-01
1.985999999999999988e-01
1.787999999999999867e-01
1.383999999999999952e-01
1.522000000000000020e-01
1.542000000000000037e-01
1.378000000000000058e-01
1.438000000000000111e-01
1.378000000000000058e-01
2.053999999999999992e-01
1.978000000000000036e-01
2.006000000000000005e-01
2.164000000000000090e-01
2.336000000000000021e-01
2.419999999999999929e-01
2.396000000000000074e-01
2.477999999999999925e-01
2.230000000000000038e-01
2.061999999999999944e-01
2.046000000000000041e-01
2.132000000000000006e-01
2.338000000000000078e-01
1.781999999999999973e-01
2.159999999999999976e-01
2.053999999999999992e-01
2.134000000000000064e-01
2.104000000000000037e-01
2.129999999999999949e-01
1.630000000000000060e-01
1.832000000000000017e-01
1.565999999999999892e-01
1.277999999999999969e-01
1.086000000000000021e-01
1.342000000000000137e-01
1.202000000000000013e-01
1.365999999999999992e-01
1.371999999999999886e-01
1.380000000000000115e-01
1.582000000000000073e-01
1.350000000000000089e-01
1.920000000000000040e-01
2.117999999999999883e-01
2.581999999999999851e-01
3.058000000000000163e-01
3.296000000000000041e-01
3.739999999999999991e-01
4.312000000000000277e-01
4.663999999999999813e-01
4.202000000000000179e-01
3.831999999999999851e-01
3.556000000000000272e-01
3.519999999999999796e-01
3.565999999999999726e-01
2.883999999999999897e-01
1.613999999999999879e-01
1.661999999999999866e-01
1.378000000000000058e-01
1.433999999999999997e-01
1.340000000000000080e-01
1.454000000000000015e-01
1.390000000000000124e-01
1.461999999999999966e-01
1.283999999999999864e-01
1.103999999999999981e-01
1.010000000000000064e-01
1.195999999999999980e-01
1.029999999999999943e-01
1.055999999999999994e-01
1.021999999999999992e-01
9.700000000000000289e-02
9.879999999999999893e-02
9.919999999999999651e-02
9.859999999999999321e-02
1.049999999999999961e-01
7.539999999999999480e-02
8.300000000000000433e-02
7.520000000000000295e-02
7.099999999999999367e-02
8.060000000000000497e-02
7.620000000000000384e-02
7.720000000000000473e-02
8.100000000000000255e-02
5.480000000000000149e-02
5.360000000000000181e-02
6.219999999999999835e-02
6.360000000000000375e-02
7.259999999999999787e-02
8.060000000000000497e-02
7.459999999999999964e-02
7.920000000000000651e-02
1.205999999999999989e-01
1.044000000000000067e-01
1.068000000000000060e-01
1.025999999999999968e-01
1.360000000000000098e-01
1.486000000000000099e-01
1.519999999999999962e-01
1.265999999999999903e-01
1.265999999999999903e-01
1.096000000000000030e-01
1.360000000000000098e-01
1.203999999999999931e-01
1.454000000000000015e-01
1.635999999999999954e-01
1.655999999999999972e-01
1.680000000000000104e-01
1.877999999999999947e-01
1.904000000000000137e-01
1.990000000000000102e-01
2.008000000000000063e-01
2.079999999999999905e-01
2.039999999999999869e-01
1.993999999999999939e-01
2.021999999999999909e-01
2.056000000000000050e-01
1.922000000000000097e-01
1.774000000000000021e-01
1.806000000000000105e-01
1.748000000000000109e-01
1.882000000000000062e-01
1.844000000000000083e-01
1.859999999999999987e-01
2.240000000000000047e-01
2.222000000000000086e-01
2.291999999999999871e-01
2.394000000000000017e-01
2.436000000000000110e-01
2.497999999999999943e-01
2.477999999999999925e-01
2.873999999999999888e-01
2.827999999999999958e-01
2.832000000000000073e-01
2.893999999999999906e-01
2.892000000000000126e-01
2.993999999999999995e-01
3.383999999999999786e-01
3.573999999999999955e-01
3.489999999999999769e-01
3.622000000000000219e-01
3.533999999999999919e-01
4.405999999999999917e-01
4.285999999999999810e-01
4.042000000000000037e-01
3.991999999999999993e-01
4.097999999999999976e-01
4.089999999999999747e-01
4.069999999999999729e-01
4.168000000000000038e-01
4.249999999999999889e-01
4.149999999999999800e-01
4.062000000000000055e-01
4.146000000000000241e-01
4.219999999999999862e-01
3.931999999999999940e-01
4.097999999999999976e-01
4.351999999999999758e-01
4.023999999999999799e-01
3.810000000000000053e-01
3.731999999999999762e-01
3.669999999999999929e-01
3.820000000000000062e-01
3.830000000000000071e-01
3.837999999999999745e-01
3.758000000000000229e-01
4.339999999999999969e-01
4.527999999999999803e-01
4.909999999999999920e-01
5.036000000000000476e-01
5.031999999999999806e-01
4.793999999999999928e-01
4.647999999999999909e-01
