1.399999999999999986e-03
5.999999999999999474e-04
4.000000000000000192e-04
8.000000000000000383e-04
5.999999999999999474e-04
4.000000000000000192e-04
1.399999999999999986e-03
2.000000000000000042e-03
8.000000000000000383e-04
1.399999999999999986e-03
1.000000000000000021e-03
1.399999999999999986e-03
4.000000000000000192e-04
4.000000000000000192e-04
8.000000000000000383e-04
1.199999999999999895e-03
5.999999999999999474e-04
2.000000000000000096e-04
4.000000000000000192e-04
1.000000000000000021e-03
4.000000000000000192e-04
1.000000000000000021e-03
2.000000000000000042e-03
2.000000000000000096e-04
4.000000000000000192e-04
5.999999999999999474e-04
4.000000000000000192e-04
5.999999999999999474e-04
2.000000000000000096e-04
1.000000000000000021e-03
1.000000000000000021e-03
8.000000000000000383e-04
1.199999999999999895e-03
1.399999999999999986e-03
1.199999999999999895e-03
5.999999999999999474e-04
6.400000000000000307e-03
5.000000000000000104e-03
6.599999999999999964e-03
5.599999999999999943e-03
1.060000000000000005e-02
7.199999999999999803e-03
8.000000000000000167e-03
1.039999999999999952e-02
7.400000000000000328e-03
2.139999999999999888e-02
2.000000000000000042e-02
2.299999999999999961e-02
2.199999999999999872e-02
3.119999999999999857e-02
3.039999999999999994e-02
2.680000000000000090e-02
3.020000000000000115e-02
3.479999999999999760e-02
2.939999999999999905e-02
5.000000000000000278e-02
2.759999999999999953e-02
2.879999999999999921e-02
2.840000000000000163e-02
4.739999999999999769e-02
3.099999999999999978e-02
2.280000000000000082e-02
1.000000000000000021e-03
1.000000000000000021e-03
1.000000000000000021e-03
8.000000000000000383e-04
1.399999999999999986e-03
4.000000000000000192e-04
1.799999999999999951e-03
1.000000000000000021e-03
1.799999999999999951e-03
1.000000000000000021e-03
1.000000000000000021e-03
8.000000000000000383e-04
8.000000000000000383e-04
4.000000000000000192e-04
1.000000000000000021e-03
8.000000000000000383e-04
1.600000000000000077e-03
2.000000000000000096e-04
2.000000000000000042e-03
1.600000000000000077e-03
5.999999999999999474e-04
1.000000000000000021e-03
4.000000000000000192e-04
2.000000000000000096e-04
1.600000000000000077e-03
4.000000000000000192e-04
8.000000000000000383e-04
1.399999999999999986e-03
1.799999999999999951e-03
5.999999999999999474e-04
4.000000000000000192e-04
1.199999999999999895e-03
5.999999999999999474e-04
8.000000000000000167e-03
7.599999999999999985e-03
9.400000000000000369e-03
7.599999999999999985e-03
7.199999999999999803e-03
8.999999999999999320e-03
6.799999999999999621e-03
8.399999999999999481e-03
6.000000000000000125e-03
7.599999999999999985e-03
7.799999999999999642e-03
3.099999999999999978e-02
2.699999999999999969e-02
8.999999999999999320e-03
6.599999999999999964e-03
6.400000000000000307e-03
1.199999999999999895e-03
1.799999999999999951e-03
0.000000000000000000e+00
0.000000000000000000e+00
1.199999999999999895e-03
1.000000000000000021e-03
8.600000000000000006e-03
8.000000000000000167e-03
8.200000000000000691e-03
7.400000000000000328e-03
8.600000000000000006e-03
7.400000000000000328e-03
8.800000000000000530e-03
5.199999999999999761e-03
7.199999999999999803e-03
6.799999999999999621e-03
2.380000000000000171e-02
4.420000000000000318e-02
3.980000000000000204e-02
4.100000000000000172e-02
5.879999999999999810e-02
7.739999999999999658e-02
8.619999999999999885e-02
1.365999999999999992e-01
1.484000000000000041e-01
2.184000000000000108e-01
2.371999999999999942e-01
2.437999999999999889e-01
2.384000000000000008e-01
2.411999999999999977e-01
2.859999999999999765e-01
3.343999999999999750e-01
3.237999999999999767e-01
3.121999999999999775e-01
3.665999999999999814e-01
3.860000000000000098e-01
3.931999999999999940e-01
4.027999999999999914e-01
4.023999999999999799e-01
4.414000000000000146e-01
4.205999999999999739e-01
4.480000000000000093e-01
4.464000000000000190e-01
4.418000000000000260e-01
4.335999999999999854e-01
4.178000000000000047e-01
3.970000000000000195e-01
3.850000000000000089e-01
3.824000000000000177e-01
3.800000000000000044e-01
3.410000000000000253e-01
3.452000000000000068e-01
3.128000000000000225e-01
3.151999999999999802e-01
3.168000000000000260e-01
3.155999999999999917e-01
3.104000000000000092e-01
3.168000000000000260e-01
3.119999999999999996e-01
3.317999999999999838e-01
2.856000000000000205e-01
2.859999999999999765e-01
2.515999999999999903e-01
2.511999999999999789e-01
2.607999999999999763e-01
2.641999999999999904e-01
2.554000000000000159e-01
2.852000000000000091e-01
2.611999999999999877e-01
2.780000000000000249e-01
2.295999999999999985e-01
2.235999999999999932e-01
2.401999999999999968e-01
2.404000000000000026e-01
2.414000000000000035e-01
2.560000000000000053e-01
2.584000000000000186e-01
2.630000000000000115e-01
2.836000000000000187e-01
3.058000000000000163e-01
2.852000000000000091e-01
2.867999999999999994e-01
2.888000000000000012e-01
2.667999999999999816e-01
2.746000000000000107e-01
2.846000000000000196e-01
2.667999999999999816e-01
2.796000000000000152e-01
2.101999999999999980e-01
1.925999999999999934e-01
1.962000000000000133e-01
2.008000000000000063e-01
2.036000000000000032e-01
2.061999999999999944e-01
2.000000000000000111e-01
2.217999999999999972e-01
2.363999999999999990e-01
2.190000000000000002e-01
2.121999999999999997e-01
2.442000000000000004e-01
2.295999999999999985e-01
2.371999999999999942e-01
2.414000000000000035e-01
2.157999999999999918e-01
2.474000000000000088e-01
2.508000000000000229e-01
2.711999999999999966e-01
2.617999999999999772e-01
2.899999999999999800e-01
3.250000000000000111e-01
3.462000000000000077e-01
3.376000000000000112e-01
3.552000000000000157e-01
3.588000000000000078e-01
3.926000000000000045e-01
3.996000000000000107e-01
3.907999999999999807e-01
4.304000000000000048e-01
4.305999999999999828e-01
4.401999999999999802e-01
3.977999999999999869e-01
4.013999999999999790e-01
4.052000000000000046e-01
3.921999999999999931e-01
4.017999999999999905e-01
4.016000000000000125e-01
3.800000000000000044e-01
3.906000000000000028e-01
3.654000000000000026e-01
3.138000000000000234e-01
3.099999999999999978e-01
3.250000000000000111e-01
3.310000000000000164e-01
2.590000000000000080e-01
2.409999999999999920e-01
2.195999999999999897e-01
2.089999999999999913e-01
1.892000000000000071e-01
1.766000000000000070e-01
1.593999999999999861e-01
1.603999999999999870e-01
1.195999999999999980e-01
9.180000000000000659e-02
6.239999999999999714e-02
4.320000000000000229e-02
2.000000000000000042e-02
2.759999999999999953e-02
2.400000000000000050e-02
2.280000000000000082e-02
2.419999999999999929e-02
2.340000000000000066e-02
2.359999999999999945e-02
2.599999999999999881e-02
2.380000000000000171e-02
2.239999999999999977e-02
2.740000000000000074e-02
2.440000000000000155e-02
3.320000000000000034e-02
2.599999999999999881e-02
3.080000000000000099e-02
2.759999999999999953e-02
3.239999999999999825e-02
3.020000000000000115e-02
3.219999999999999946e-02
2.680000000000000090e-02
3.479999999999999760e-02
2.840000000000000163e-02
2.900000000000000147e-02
3.080000000000000099e-02
3.039999999999999994e-02
3.119999999999999857e-02
2.939999999999999905e-02
3.119999999999999857e-02
2.980000000000000010e-02
2.960000000000000131e-02
2.639999999999999986e-02
2.179999999999999993e-02
2.419999999999999929e-02
2.299999999999999961e-02
2.460000000000000034e-02
2.259999999999999856e-02
6.199999999999999782e-03
6.400000000000000307e-03
8.200000000000000691e-03
0.000000000000000000e+00
2.000000000000000096e-04
1.600000000000000077e-03
8.000000000000000383e-04
2.000000000000000042e-03
5.999999999999999474e-04
0.000000000000000000e+00
1.399999999999999986e-03
8.000000000000000383e-04
8.399999999999999481e-03
9.599999999999999159e-03
7.199999999999999803e-03
2.259999999999999856e-02
2.920000000000000026e-02
2.539999999999999897e-02
2.340000000000000066e-02
2.319999999999999840e-02
4.340000000000000108e-02
3.899999999999999994e-02
4.120000000000000051e-02
8.219999999999999529e-02
9.660000000000000531e-02
1.004000000000000031e-01
9.840000000000000135e-02
7.480000000000000537e-02
5.659999999999999754e-02
6.160000000000000198e-02
5.859999999999999931e-02
4.179999999999999688e-02
4.019999999999999962e-02
4.159999999999999809e-02
3.559999999999999970e-02
2.680000000000000090e-02
2.560000000000000123e-02
2.359999999999999945e-02
2.479999999999999913e-02
2.340000000000000066e-02
2.040000000000000147e-02
1.020000000000000073e-02
5.400000000000000286e-03
7.400000000000000328e-03
8.399999999999999481e-03
5.799999999999999600e-03
9.799999999999999684e-03
8.399999999999999481e-03
8.999999999999999320e-03
7.599999999999999985e-03
7.199999999999999803e-03
5.999999999999999474e-04
1.799999999999999951e-03
1.399999999999999986e-03
1.199999999999999895e-03
1.199999999999999895e-03
1.199999999999999895e-03
1.199999999999999895e-03
1.600000000000000077e-03
1.000000000000000021e-03
1.000000000000000021e-03
0.000000000000000000e+00
1.600000000000000077e-03
8.000000000000000383e-04
7.599999999999999985e-03
8.000000000000000167e-03
8.000000000000000167e-03
2.840000000000000163e-02
3.139999999999999736e-02
2.999999999999999889e-02
3.400000000000000244e-02
3.139999999999999736e-02
2.800000000000000058e-02
2.800000000000000058e-02
6.140000000000000319e-02
6.099999999999999867e-02
6.260000000000000286e-02
9.379999999999999449e-02
1.113999999999999990e-01
1.605999999999999928e-01
1.557999999999999940e-01
1.527999999999999914e-01
1.587999999999999967e-01
1.542000000000000037e-01
1.759999999999999898e-01
1.759999999999999898e-01
1.723999999999999977e-01
1.739999999999999880e-01
1.693999999999999950e-01
1.655999999999999972e-01
1.746000000000000052e-01
1.769999999999999907e-01
2.096000000000000085e-01
3.119999999999999996e-01
2.753999999999999782e-01
3.008000000000000118e-01
3.271999999999999909e-01
3.367999999999999883e-01
3.403999999999999804e-01
3.457999999999999963e-01
3.526000000000000245e-01
3.960000000000000187e-01
4.156000000000000250e-01
4.457999999999999741e-01
4.633999999999999786e-01
4.778000000000000025e-01
4.793999999999999928e-01
4.995999999999999885e-01
4.928000000000000158e-01
5.053999999999999604e-01
5.008000000000000229e-01
4.959999999999999964e-01
5.031999999999999806e-01
5.101999999999999869e-01
4.593999999999999750e-01
4.642000000000000015e-01
4.683999999999999830e-01
4.796000000000000263e-01
4.597999999999999865e-01
4.657999999999999918e-01
4.855999999999999761e-01
4.530000000000000138e-01
5.068000000000000282e-01
4.974000000000000088e-01
5.078000000000000291e-01
5.060000000000000053e-01
5.080000000000000071e-01
4.908000000000000140e-01
4.918000000000000149e-01
5.125999999999999446e-01
4.894000000000000017e-01
3.936000000000000054e-01
3.058000000000000163e-01
2.882000000000000117e-01
2.906000000000000250e-01
2.896000000000000241e-01
2.906000000000000250e-01
2.757999999999999896e-01
2.637999999999999790e-01
2.436000000000000110e-01
2.399999999999999911e-01
2.343999999999999972e-01
2.056000000000000050e-01
1.766000000000000070e-01
1.690000000000000113e-01
1.580000000000000016e-01
1.439999999999999891e-01
1.140000000000000041e-01
7.380000000000000449e-02
5.720000000000000084e-02
4.000000000000000083e-02
5.799999999999999600e-03
8.999999999999999320e-03
8.600000000000000006e-03
5.599999999999999943e-03
4.000000000000000083e-03
4.000000000000000192e-04
1.199999999999999895e-03
4.000000000000000192e-04
1.000000000000000021e-03
1.600000000000000077e-03
4.000000000000000192e-04
1.000000000000000021e-03
2.399999999999999790e-03
8.000000000000000383e-04
8.000000000000000383e-04
2.000000000000000096e-04
4.000000000000000192e-04
1.199999999999999895e-03
8.200000000000000691e-03
6.799999999999999621e-03
6.799999999999999621e-03
7.599999999999999985e-03
7.599999999999999985e-03
6.799999999999999621e-03
5.199999999999999761e-03
7.000000000000000146e-03
7.599999999999999985e-03
7.000000000000000146e-03
8.000000000000000167e-03
6.400000000000000307e-03
2.199999999999999872e-02
2.560000000000000123e-02
2.419999999999999929e-02
2.239999999999999977e-02
2.840000000000000163e-02
2.019999999999999921e-02
8.399999999999999481e-03
7.400000000000000328e-03
6.599999999999999964e-03
6.400000000000000307e-03
8.200000000000000691e-03
5.599999999999999943e-03
6.199999999999999782e-03
5.999999999999999474e-04
1.000000000000000021e-03
5.999999999999999474e-04
2.200000000000000133e-03
1.199999999999999895e-03
1.000000000000000021e-03
1.000000000000000021e-03
4.000000000000000192e-04
2.799999999999999972e-03
5.999999999999999474e-04
8.000000000000000383e-04
6.000000000000000125e-03
6.799999999999999621e-03
5.000000000000000104e-03
8.399999999999999481e-03
7.400000000000000328e-03
2.500000000000000139e-02
2.040000000000000147e-02
1.779999999999999985e-02
2.680000000000000090e-02
2.299999999999999961e-02
4.120000000000000051e-02
4.059999999999999720e-02
3.640000000000000180e-02
4.000000000000000083e-02
1.919999999999999832e-02
2.199999999999999872e-02
3.099999999999999978e-02
2.819999999999999937e-02
5.220000000000000334e-02
3.200000000000000067e-02
4.959999999999999826e-02
5.700000000000000205e-02
6.560000000000000553e-02
8.039999999999999925e-02
8.939999999999999336e-02
8.939999999999999336e-02
9.080000000000000571e-02
8.559999999999999554e-02
1.113999999999999990e-01
1.293999999999999873e-01
1.247999999999999943e-01
1.048000000000000043e-01
1.103999999999999981e-01
1.126000000000000056e-01
1.063999999999999946e-01
1.086000000000000021e-01
1.111999999999999933e-01
1.097999999999999948e-01
8.880000000000000393e-02
1.189999999999999947e-01
1.137999999999999984e-01
9.979999999999999982e-02
1.242000000000000048e-01
1.386000000000000010e-01
1.990000000000000102e-01
1.950000000000000067e-01
2.541999999999999815e-01
2.452000000000000013e-01
2.762000000000000011e-01
2.918000000000000038e-01
3.489999999999999769e-01
3.731999999999999762e-01
3.877999999999999781e-01
4.067999999999999949e-01
4.269999999999999907e-01
4.657999999999999918e-01
4.918000000000000149e-01
4.875999999999999779e-01
4.924000000000000044e-01
4.666000000000000147e-01
4.461999999999999855e-01
4.411999999999999811e-01
3.855999999999999983e-01
3.552000000000000157e-01
3.446000000000000174e-01
3.241999999999999882e-01
2.916000000000000258e-01
2.737999999999999878e-01
2.417999999999999872e-01
2.437999999999999889e-01
2.316000000000000003e-01
2.185999999999999888e-01
1.721999999999999920e-01
1.315999999999999948e-01
1.335999999999999965e-01
1.312000000000000111e-01
1.444000000000000006e-01
1.363999999999999935e-01
1.262000000000000066e-01
1.378000000000000058e-01
1.487999999999999878e-01
1.370000000000000107e-01
1.383999999999999952e-01
1.325999999999999956e-01
1.570000000000000007e-01
1.355999999999999983e-01
1.451999999999999957e-01
1.426000000000000045e-01
1.373999999999999944e-01
1.380000000000000115e-01
1.343999999999999917e-01
1.333999999999999908e-01
1.393999999999999961e-01
1.416000000000000036e-01
1.801999999999999991e-01
1.620000000000000051e-01
1.703999999999999959e-01
2.379999999999999893e-01
2.114000000000000046e-01
2.134000000000000064e-01
2.066000000000000059e-01
2.620000000000000107e-01
2.624000000000000221e-01
2.939999999999999836e-01
3.039999999999999925e-01
3.612000000000000210e-01
3.795999999999999930e-01
4.345999999999999863e-01
4.729999999999999760e-01
4.819999999999999840e-01
4.729999999999999760e-01
4.717999999999999972e-01
4.405999999999999917e-01
4.223999999999999977e-01
4.318000000000000171e-01
3.930000000000000160e-01
4.126000000000000223e-01
3.831999999999999851e-01
3.966000000000000081e-01
3.585999999999999743e-01
3.689999999999999947e-01
3.709999999999999964e-01
3.694000000000000061e-01
3.758000000000000229e-01
3.760000000000000009e-01
3.771999999999999797e-01
3.835999999999999965e-01
4.033999999999999808e-01
4.002000000000000002e-01
4.189999999999999836e-01
4.182000000000000162e-01
4.239999999999999880e-01
4.282000000000000250e-01
4.082000000000000073e-01
4.222000000000000197e-01
4.385999999999999899e-01
4.229999999999999871e-01
4.378000000000000225e-01
4.544000000000000261e-01
4.621999999999999997e-01
4.470000000000000084e-01
4.550000000000000155e-01
4.806000000000000272e-01
4.812000000000000166e-01
4.895999999999999797e-01
5.016000000000000458e-01
4.955999999999999850e-01
4.773999999999999910e-01
4.756000000000000227e-01
4.769999999999999796e-01
4.650000000000000244e-01
4.534000000000000252e-01
4.398000000000000242e-01
4.345999999999999863e-01
4.437999999999999723e-01
4.583999999999999742e-01
4.591999999999999971e-01
4.703999999999999848e-01
5.058000000000000274e-01
4.958000000000000185e-01
4.832000000000000184e-01
4.590000000000000191e-01
3.900000000000000133e-01
3.220000000000000084e-01
2.988000000000000100e-01
2.429999999999999938e-01
1.922000000000000097e-01
1.799999999999999933e-01
1.449999999999999900e-01
1.229999999999999982e-01
6.079999999999999988e-02
7.560000000000000053e-02
8.000000000000000167e-02
5.319999999999999729e-02
4.240000000000000019e-02
7.920000000000000651e-02
6.740000000000000158e-02
5.759999999999999842e-02
5.700000000000000205e-02
4.120000000000000051e-02
2.460000000000000034e-02
4.259999999999999898e-02
3.599999999999999728e-02
6.700000000000000400e-02
6.959999999999999520e-02
6.940000000000000335e-02
5.179999999999999882e-02
5.700000000000000205e-02
4.959999999999999826e-02
5.319999999999999729e-02
3.080000000000000099e-02
3.219999999999999946e-02
3.280000000000000276e-02
3.300000000000000155e-02
2.520000000000000018e-02
2.319999999999999840e-02
2.220000000000000098e-02
2.500000000000000139e-02
8.600000000000000006e-03
8.000000000000000383e-04
2.000000000000000096e-04
1.399999999999999986e-03
8.000000000000000383e-04
8.000000000000000383e-04
4.000000000000000192e-04
1.600000000000000077e-03
1.000000000000000021e-03
6.000000000000000125e-03
5.799999999999999600e-03
6.199999999999999782e-03
6.000000000000000125e-03
8.999999999999999320e-03
7.000000000000000146e-03
7.400000000000000328e-03
2.160000000000000114e-02
2.359999999999999945e-02
4.179999999999999688e-02
4.420000000000000318e-02
4.039999999999999841e-02
3.780000000000000027e-02
5.960000000000000020e-02
6.320000000000000617e-02
6.539999999999999980e-02
1.076000000000000012e-01
8.540000000000000369e-02
1.640000000000000069e-01
1.915999999999999925e-01
1.768000000000000127e-01
2.169999999999999984e-01
2.343999999999999972e-01
2.693999999999999728e-01
3.721999999999999753e-01
4.481999999999999873e-01
4.843999999999999972e-01
4.944000000000000061e-01
5.098000000000000309e-01
5.006000000000000449e-01
5.038000000000000256e-01
4.932000000000000273e-01
5.000000000000000000e-01
5.010000000000000009e-01
4.984000000000000097e-01
5.080000000000000071e-01
5.145999999999999464e-01
4.778000000000000025e-01
4.908000000000000140e-01
4.743999999999999884e-01
4.898000000000000131e-01
4.862000000000000210e-01
4.758000000000000007e-01
4.829999999999999849e-01
4.699999999999999734e-01
4.766000000000000236e-01
4.361999999999999766e-01
4.411999999999999811e-01
4.006000000000000116e-01
3.877999999999999781e-01
3.750000000000000000e-01
3.679999999999999938e-01
3.721999999999999753e-01
3.609999999999999876e-01
3.420000000000000262e-01
3.575999999999999734e-01
3.499999999999999778e-01
3.628000000000000114e-01
3.536000000000000254e-01
3.476000000000000201e-01
3.629999999999999893e-01
3.599999999999999867e-01
3.472000000000000086e-01
3.420000000000000262e-01
3.320000000000000173e-01
3.353999999999999759e-01
3.320000000000000173e-01
3.387999999999999901e-01
3.331999999999999962e-01
3.340000000000000191e-01
3.467999999999999972e-01
3.227999999999999758e-01
3.330000000000000182e-01
3.294000000000000261e-01
2.989999999999999880e-01
3.079999999999999960e-01
2.979999999999999871e-01
3.109999999999999987e-01
3.125999999999999890e-01
3.085999999999999854e-01
3.091999999999999749e-01
2.939999999999999836e-01
2.856000000000000205e-01
2.800000000000000266e-01
2.548000000000000265e-01
2.571999999999999842e-01
2.651999999999999913e-01
2.313999999999999946e-01
2.290000000000000091e-01
2.275999999999999968e-01
2.041999999999999926e-01
1.612000000000000099e-01
1.400000000000000133e-01
1.438000000000000111e-01
1.285999999999999921e-01
1.433999999999999997e-01
1.433999999999999997e-01
1.438000000000000111e-01
1.155999999999999944e-01
1.431999999999999940e-01
1.068000000000000060e-01
1.131999999999999951e-01
8.379999999999999949e-02
8.079999999999999682e-02
7.900000000000000078e-02
8.699999999999999400e-02
8.179999999999999771e-02
8.100000000000000255e-02
8.699999999999999400e-02
6.759999999999999343e-02
5.120000000000000245e-02
7.679999999999999327e-02
7.799999999999999989e-02
8.000000000000000167e-02
2.759999999999999953e-02
3.359999999999999792e-02
2.999999999999999889e-02
2.920000000000000026e-02
2.860000000000000042e-02
2.879999999999999921e-02
2.639999999999999986e-02
2.939999999999999905e-02
2.939999999999999905e-02
2.999999999999999889e-02
2.520000000000000018e-02
2.419999999999999929e-02
2.440000000000000155e-02
2.599999999999999881e-02
2.400000000000000050e-02
2.520000000000000018e-02
8.600000000000000006e-03
7.599999999999999985e-03
7.000000000000000146e-03
7.000000000000000146e-03
8.999999999999999320e-03
7.799999999999999642e-03
8.000000000000000383e-04
5.999999999999999474e-04
8.000000000000000383e-04
1.199999999999999895e-03
1.600000000000000077e-03
1.399999999999999986e-03
4.000000000000000192e-04
1.399999999999999986e-03
1.000000000000000021e-03
1.600000000000000077e-03
1.600000000000000077e-03
